0 50.8632 0.109476
1 47.0142 0.109043
2 65.0308 0.107991
3 30.2327 0.108982
4 56.4858 0.108042
5 46.3799 0.109231
6 48.6658 0.107109
7 46.2586 0.108787
8 50.4671 0.107313
9 41.6232 0.107613
10 57.3858 0.107493
11 49.1762 0.109354
12 48.3435 0.108496
13 50.4807 0.108076
14 64.2297 0.109885
15 23.9882 0.109178
16 21.3711 0.109212
17 60.7166 0.108665
18 70.2317 0.108701
19 34.532 0.10902
20 51.766 0.104897
21 31.1039 0.107486
22 56.9871 0.109098
23 15.6185 0.106247
24 68.5479 0.10952
25 44.8368 0.107164
26 48.3617 0.107739
27 36.8764 0.108173
28 45.8697 0.108521
29 32.0714 0.109405
30 62.8904 0.107373
31 4.98297 0.105518
32 137.128 0.108273
33 100.222 0.108577
34 99.1616 0.110042
35 116.367 0.106608
36 136.461 0.107535
37 134.682 0.106215
38 130.44 0.106215
39 107.119 0.106758
40 123.499 0.10857
41 140.015 0.10543
42 119.828 0.106645
43 118.987 0.107509
44 108.808 0.108045
45 107.259 0.106088
46 112.634 0.105847
47 113.047 0.108531
48 101.55 0.106995
49 132.88 0.105842
50 86.1201 0.105824
51 112.566 0.106143
52 114.518 0.105711
53 153.925 0.0835246
54 87.4104 0.102716
55 113.826 0.108573
56 123.625 0.109268
57 128.583 0.110209
58 127.098 0.107619
59 117.632 0.106071
60 116.933 0.108726
61 119.336 0.109123
62 91.6609 0.107074
63 119.4 0.106611
64 37.0254 0.11179
65 24.5751 0.112707
66 12.9505 0.110974
67 16.3847 0.11168
68 12.6664 0.112451
69 28.2033 0.115412
70 -10.1962 0.112216
71 52.291 0.111578
72 -13.2024 0.113062
73 50.3297 0.113761
74 14.8105 0.11218
75 10.7258 0.111827
76 22.7045 0.112008
77 12.0807 0.112546
78 9.99094 0.114183
79 21.7229 0.111501
80 47.3463 0.113761
81 17.9605 0.112512
82 15.5136 0.113964
83 49.1414 0.113216
84 55.4093 0.115341
85 4.42348 0.111538
86 22.6818 0.114832
87 0.929341 0.113522
88 14.8438 0.114188
89 -14.1718 0.112664
90 -0.414752 0.112297
91 10.993 0.111295
92 -13.0944 0.112928
93 22.0138 0.115196
94 0.547213 0.112568
95 21.3649 0.111772
