0 -26.8201 0.116739
1 -33.0363 0.116027
2 -23.6056 0.115898
3 -49.6763 0.117409
4 -15.721 0.113958
5 -12.0562 0.117151
6 -11.3549 0.116157
7 -46.7338 0.115585
8 -15.2431 0.117499
9 -12.4279 0.114559
10 3.69287 0.115482
11 -11.0252 0.113156
12 -20.073 0.116692
13 -5.36027 0.113464
14 -28.6433 0.116811
15 -28.589 0.113896
16 -26.9257 0.115068
17 -14.833 0.114648
18 -30.6253 0.116184
19 -23.9918 0.116412
20 -38.4664 0.1144
21 -31.9347 0.112982
22 -32.8487 0.115198
23 -35.5793 0.114981
24 -45.2199 0.115682
25 -35.6275 0.112927
26 -6.68631 0.115588
27 -21.7398 0.115478
28 -12.2327 0.113888
29 -30.0557 0.114839
30 -43.1972 0.113594
31 -22.7219 0.115689
32 -12.9876 0.112602
33 -28.8637 0.107085
34 -8.42577 0.110822
35 -19.0598 0.112534
36 0.540699 0.111513
37 -23.9487 0.110145
38 16.5598 0.113029
39 -8.08195 0.11148
40 -0.644396 0.111941
41 -24.1158 0.11018
42 -21.5709 0.111704
43 -16.351 0.111133
44 -31.2765 0.111892
45 -18.4069 0.110999
46 -29.6835 0.112281
47 3.03997 0.112022
48 -12.8963 0.112447
49 7.95055 0.111803
50 -34.6608 0.112297
51 -13.7409 0.111747
52 -4.94023 0.110908
53 -37.323 0.113658
54 -21.1762 0.112267
55 -37.3216 0.112515
56 -23.5872 0.114483
57 -2.42577 0.111466
58 -12.6405 0.116337
59 -29.6732 0.111447
60 -6.40707 0.112522
61 3.48301 0.110622
62 -24.6144 0.111265
63 -20.029 0.110811
64 10.4511 0.114041
65 23.132 0.113393
66 28.1048 0.111638
67 20.4314 0.112435
68 31.8 0.113877
69 45.6824 0.112262
70 12.0851 0.114139
71 39.2716 0.112587
72 26.3414 0.114209
73 12.7036 0.11205
74 20.2306 0.113279
75 34.7925 0.114419
76 34.7964 0.114111
77 13.3929 0.112545
78 57.1277 0.113014
79 28.6935 0.112526
80 39.9853 0.114551
81 30.2941 0.113224
82 59.3229 0.114301
83 38.6977 0.115648
84 18.8855 0.115681
85 13.6118 0.114099
86 12.2668 0.112058
87 57.3247 0.115004
88 28.6098 0.110577
89 17.184 0.113532
90 24.7003 0.116282
91 25.9734 0.115966
92 12.9498 0.114298
93 29.1909 0.114972
94 21.4096 0.112831
95 27.9051 0.111298
