0 -69.1132 0.182533
1 -20.7672 0.181809
2 -36.0025 0.184101
3 -49.7174 0.181895
4 -26.2343 0.184987
5 -48.7087 0.184702
6 -38.2124 0.18353
7 -27.0815 0.180835
8 -45.2202 0.183463
9 -10.93 0.187456
10 -23.4085 0.186577
11 -33.5175 0.179469
12 -32.4287 0.183885
13 -7.58509 0.183624
14 -22.611 0.182295
15 -23.3792 0.182727
16 -7.38649 0.185031
17 -12.7775 0.182794
18 -77.7917 0.183051
19 -52.3018 0.18473
20 -18.1368 0.185985
21 -62.8464 0.182617
22 -48.9573 0.182437
23 -26.5623 0.186298
24 -73.819 0.18255
25 -51.684 0.183924
26 -26.4367 0.188336
27 -21.4076 0.181842
28 -42.3927 0.181939
29 -45.5573 0.184265
30 -30.5061 0.183536
31 -42.3185 0.183736
32 -68.8852 0.179537
33 -105.987 0.175325
34 -79.5298 0.175699
35 -69.9792 0.176603
36 -81.9713 0.180208
37 -81.4325 0.181569
38 -82.2248 0.177545
39 -58.2109 0.176047
40 -89.9219 0.177362
41 -83.1659 0.178937
42 -81.8151 0.172823
43 -69.6808 0.179566
44 -73.9715 0.18142
45 -73.8624 0.176879
46 -75.2416 0.17932
47 -85.4595 0.175162
48 -64.5428 0.18137
49 -87.4018 0.17878
50 -43.3172 0.179603
51 -43.3201 0.178455
52 -56.6429 0.180853
53 -75.6566 0.176259
54 -59.7674 0.177503
55 -63.8315 0.181999
56 -61.3278 0.178194
57 -81.2364 0.176008
58 -90.6889 0.17932
59 -82.0719 0.180007
60 -71.8296 0.17985
61 -79.0917 0.181752
62 -72.4928 0.17795
63 -87.5607 0.174191
64 55.0309 0.1695
65 55.9658 0.165432
66 61.8914 0.165108
67 58.1731 0.1648
68 28.847 0.166318
69 72.6081 0.164268
70 60.0527 0.163588
71 70.1254 0.16377
72 62.327 0.166861
73 61.3126 0.165378
74 53.3197 0.164075
75 40.1583 0.166218
76 50.9544 0.164542
77 42.6273 0.164855
78 64.9051 0.164661
79 67.3902 0.161321
80 61.4308 0.166855
81 32.5528 0.163448
82 60.1515 0.167298
83 79.9323 0.166149
85 57.0729 0.164944
86 63.8938 0.165878
87 46.6277 0.163009
88 52.9936 0.165177
89 43.0578 0.167541
90 49.4902 0.164038
91 58.0187 0.164873
92 30.0838 0.167807
93 39.0981 0.163464
94 63.033 0.166832
95 70.5889 0.163117
