0 43.7287 40.7648 30
1 41.5035 40.7648 30
2 40.2323 40.7648 30
3 40.7703 40.7648 30
4 40.7648 40.7648 30
5 44.7628 40.7648 30
6 42.6 40.7648 30
7 43.77 40.7648 30
8 35.9472 40.7648 30
9 43.2482 40.7648 30
10 43.1388 40.7648 30
11 43.0038 40.7648 30
12 43.4954 40.7648 30
13 42.8903 40.7648 30
14 44.7928 40.7648 30
15 43.1381 40.7648 30
16 41.9952 40.7648 30
17 41.0464 40.7648 30
18 40.6911 40.7648 30
19 43.3685 40.7648 30
20 39.2248 40.7648 30
21 35.8699 40.7648 30
22 39.5229 40.7648 30
23 41.7823 40.7648 30
24 33.2414 40.7648 30
25 39.5295 40.7648 30
26 38.3451 40.7648 30
27 42.191 40.7648 30
28 38.7368 40.7648 30
29 38.1009 40.7648 30
30 33.607 40.7648 30
31 39.4346 40.7648 30
32 38.502 40.7038 40
33 41.0815 40.7038 40
34 40.0465 40.7038 40
35 37.8363 40.7038 40
36 40.904 40.7038 40
37 39.9085 40.7038 40
38 40.6907 40.7038 40
39 41.5262 40.7038 40
40 42.6309 40.7038 40
41 41.3993 40.7038 40
42 39.6747 40.7038 40
43 41.5104 40.7038 40
44 42.6888 40.7038 40
45 40.8025 40.7038 40
46 35.7129 40.7038 40
47 42.3306 40.7038 40
48 43.8418 40.7038 40
49 42.5266 40.7038 40
50 38.6839 40.7038 40
51 41.2176 40.7038 40
52 40.873 40.7038 40
53 39.5144 40.7038 40
54 37.4608 40.7038 40
55 39.2954 40.7038 40
56 40.1828 40.7038 40
57 44.3901 40.7038 40
58 39.8399 40.7038 40
59 41.361 40.7038 40
60 39.3849 40.7038 40
61 44.4359 40.7038 40
62 38.8366 40.7038 40
63 43.431 40.7038 40
64 43.1095 41.4701 40
65 41.249 41.4701 40
66 39.4413 41.4701 40
67 43.4635 41.4701 40
68 43.3693 41.4701 40
69 41.2609 41.4701 40
70 39.7549 41.4701 40
71 42.7926 41.4701 40
72 41.2818 41.4701 40
73 40.3729 41.4701 40
74 41.4701 41.4701 40
75 43.7227 41.4701 40
76 41.5882 41.4701 40
77 42.424 41.4701 40
78 37.9516 41.4701 40
79 42.3687 41.4701 40
80 40.3757 41.4701 40
81 43.2675 41.4701 40
82 37.2085 41.4701 40
83 41.5869 41.4701 40
84 40.7734 41.4701 40
85 40.2341 41.4701 40
86 42.3049 41.4701 40
87 43.715 41.4701 40
88 42.5717 41.4701 40
89 43.4193 41.4701 40
90 38.0008 41.4701 40
91 43.1184 41.4701 40
92 40.9847 41.4701 40
93 41.4812 41.4701 40
94 40.6326 41.4701 40
95 41.7472 41.4701 40