0 42.8246 42.8246 40
1 41.8192 42.8246 40
2 43.6035 42.8246 40
3 43.9753 42.8246 40
4 42.9442 42.8246 40
5 43.3884 42.8246 40
6 43.8308 42.8246 40
7 43.4223 42.8246 40
8 42.9844 42.8246 40
9 43.1418 42.8246 40
10 42.9664 42.8246 40
11 40.4024 42.8246 40
12 42.1406 42.8246 40
13 43.5495 42.8246 40
14 43.451 42.8246 40
15 44.2645 42.8246 40
16 42.1344 42.8246 40
17 43.2521 42.8246 40
18 41.7945 42.8246 40
19 42.3632 42.8246 40
20 42.8246 42.8246 40
21 42.8547 42.8246 40
22 40.3612 42.8246 40
23 43.3418 42.8246 40
24 42.8246 42.8246 40
25 41.5586 42.8246 40
26 43.3285 42.8246 40
27 44.5406 42.8246 40
28 42.8246 42.8246 40
29 42.8246 42.8246 40
30 41.8613 42.8246 40
31 42.9879 42.8246 40
32 46.5678 43.3848 40
33 44.8903 43.3848 40
34 44.6097 43.3848 40
35 44.075 43.3848 40
36 44.7643 43.3848 40
37 43.9626 43.3848 40
38 45.497 43.3848 40
39 43.7105 43.3848 40
40 43.3327 43.3848 40
41 43.4092 43.3848 40
42 41.4533 43.3848 40
43 43.7874 43.3848 40
44 42.7644 43.3848 40
45 44.3153 43.3848 40
46 42.7254 43.3848 40
47 44.5626 43.3848 40
48 43.9237 43.3848 40
49 43.3848 43.3848 40
50 42.505 43.3848 40
51 42.6798 43.3848 40
52 42.8081 43.3848 40
53 40.0869 43.3848 40
54 42.3311 43.3848 40
55 42.1275 43.3848 40
56 42.8947 43.3848 40
57 44.0469 43.3848 40
58 43.5104 43.3848 40
59 41.8448 43.3848 40
60 42.7458 43.3848 40
61 43.2837 43.3848 40
62 42.2573 43.3848 40
63 43.4546 43.3848 40
64 43.0441 41.793 40
65 42.4243 41.793 40
66 42.3756 41.793 40
67 41.3288 41.793 40
68 42.532 41.793 40
69 42.1192 41.793 40
70 42.651 41.793 40
71 43.2776 41.793 40
72 41.1992 41.793 40
73 42.8475 41.793 40
74 41.3491 41.793 40
75 43.2752 41.793 40
76 41.2188 41.793 40
77 42.6963 41.793 40
78 41.5274 41.793 40
79 43.1077 41.793 40
80 41.0296 41.793 40
81 41.2913 41.793 40
82 40.5886 41.793 40
83 41.5769 41.793 40
84 41.3069 41.793 40
85 41.5829 41.793 40
86 39.136 41.793 40
87 39.0207 41.793 40
88 40.6466 41.793 40
89 42.6915 41.793 40
90 41.577 41.793 40
91 41.6105 41.793 40
92 41.3438 41.793 40
93 41.8498 41.793 40
94 42.3706 41.793 40
95 42.7787 41.793 40