7274610 29.6756 0
0 29.6756 0
0 29.6756 0
0 29.6756 0
0 29.6756 0
0 29.6756 0
0 29.6756 0
0 29.6756 0
0 29.6756 0
0 29.6756 0
0 29.6756 0
0 29.6756 0
0 29.6756 0
0 29.6756 0
0 29.6756 0
0 29.6756 0
0 29.6756 0
0 29.6756 0
0 29.6756 0
0 29.6756 0
0 29.6756 0
0 29.6756 0
0 29.6756 0
0 29.6756 0
0 29.6756 0
0 29.6756 0
0 29.6756 0
0 29.6756 0
0 29.6756 0
0 29.6756 0
0 29.6756 0
0 29.9197 0
0 29.9197 0
0 29.9197 0
0 29.9197 0
0 29.9197 0
0 29.9197 0
0 29.9197 0
0 29.9197 0
0 29.9197 0
0 29.9197 0
0 29.9197 0
0 29.9197 0
0 29.9197 0
0 29.9197 0
0 29.9197 0
0 29.9197 0
0 29.9197 0
0 29.9197 0
0 29.9197 0
0 29.9197 0
0 29.9197 0
0 29.9197 0
0 29.9197 0
0 29.9197 0
0 29.9197 0
0 29.9197 0
0 29.9197 0
0 29.9197 0
0 29.9197 0
0 29.9197 0
0 29.9197 0
0 29.9197 0
0 1.00136e-307 0
0 0 0
0 0 0
0 0 0
0 0 0
0 0 0
0 0 0
0 0 0
0 0 0
0 0 0
0 0 0
0 0 0
0 0 0
0 0 0
0 0 0
0 0 0
0 0 0
0 1.69125e-306 0
0 0 0
0 0 0
0 0 0
0 0 0
0 0 0
0 0 0
0 0 0
0 0 0
0 0 0
0 0 0
0 0 0
0 0 0
0 0 0
0 0 0
0 0 0
