0 43.6305 41.5924 40
1 37.1283 41.5924 40
2 40.5217 41.5924 40
3 40.929 41.5924 40
4 47.2205 41.5924 40
5 42.9524 41.5924 40
6 44.1081 41.5924 40
7 41.074 41.5924 40
8 41.5924 41.5924 40
9 42.8727 41.5924 40
10 40.9112 41.5924 40
11 36.0832 41.5924 40
12 41.5924 41.5924 40
13 42.0042 41.5924 40
14 41.9603 41.5924 40
15 40.9969 41.5924 40
16 41.5924 41.5924 40
17 43.2993 41.5924 40
18 45.8681 41.5924 40
19 42.2273 41.5924 40
20 41.5924 41.5924 40
21 39.8055 41.5924 40
22 42.7064 41.5924 40
23 35.4135 41.5924 40
24 41.5924 41.5924 40
25 38.6045 41.5924 40
26 39.7269 41.5924 40
27 38.5188 41.5924 40
28 49.4333 41.5924 40
29 41.5513 41.5924 40
30 40.5421 41.5924 40
31 42.9039 41.5924 40
32 46.9677 40.131 30
33 39.8291 40.131 30
34 39.5208 40.131 30
35 40.3474 40.131 30
36 42.1083 40.131 30
37 43.2784 40.131 30
38 36.0656 40.131 30
39 36.9966 40.131 30
40 40.131 40.131 30
41 42.9315 40.131 30
42 34.257 40.131 30
43 37.5268 40.131 30
44 40.131 40.131 30
45 36.9904 40.131 30
46 39.8733 40.131 30
47 41.6088 40.131 30
48 40.131 40.131 30
49 40.6069 40.131 30
50 38.3388 40.131 30
51 37.8002 40.131 30
52 40.131 40.131 30
53 39.4091 40.131 30
54 41.796 40.131 30
55 39.7572 40.131 30
56 40.131 40.131 30
57 44.7544 40.131 30
58 39.1434 40.131 30
59 37.7156 40.131 30
60 40.131 40.131 30
61 42.9709 40.131 30
62 43.217 40.131 30
63 39.595 40.131 30
64 42.0641 39.2187 70
65 39.9447 39.2187 70
66 40.0829 39.2187 70
67 40.4051 39.2187 70
68 41.6168 39.2187 70
69 39.4153 39.2187 70
70 39.9363 39.2187 70
71 40.6032 39.2187 70
72 40.5221 39.2187 70
73 39.8324 39.2187 70
74 38.5949 39.2187 70
75 38.4094 39.2187 70
76 41.7081 39.2187 70
77 39.1279 39.2187 70
78 36.8035 39.2187 70
79 36.8044 39.2187 70
80 43.7661 39.2187 70
81 42.17 39.2187 70
82 31.2158 39.2187 70
83 37.5381 39.2187 70
84 40.501 39.2187 70
85 38.0012 39.2187 70
86 32.5639 39.2187 70
87 40.1872 39.2187 70
88 37.9286 39.2187 70
89 40.5756 39.2187 70
90 38.9785 39.2187 70
91 38.9248 39.2187 70
92 40.4124 39.2187 70
93 41.4506 39.2187 70
94 39.275 39.2187 70
95 35.6247 39.2187 70