0 41.8469 41.1272 40
1 41.2629 41.1272 40
2 41.1868 41.1272 40
3 41.1093 41.1272 40
4 41.4934 41.1272 40
5 39.1516 41.1272 40
6 42.3041 41.1272 40
7 39.1441 41.1272 40
8 41.9024 41.1272 40
9 41.7979 41.1272 40
10 41.9454 41.1272 40
11 37.2615 41.1272 40
12 42.1312 41.1272 40
13 41.7835 41.1272 40
14 43.3497 41.1272 40
15 38.6133 41.1272 40
16 42.2838 41.1272 40
17 41.8727 41.1272 40
18 41.0761 41.1272 40
19 37.7171 41.1272 40
20 43.5175 41.1272 40
21 41.1343 41.1272 40
22 40.9172 41.1272 40
23 37.5254 41.1272 40
24 40.2837 41.1272 40
25 40.7721 41.1272 40
26 40.0888 41.1272 40
27 42.4131 41.1272 40
28 42.8829 41.1272 40
29 41.8491 41.1272 40
30 43.4936 41.1272 40
31 41.9591 41.1272 40
32 43.0823 42.2188 90
33 44.3239 42.2188 90
34 44.7852 42.2188 90
35 41.6793 42.2188 90
36 42.9206 42.2188 90
37 40.0467 42.2188 90
38 44.4716 42.2188 90
39 42.9158 42.2188 90
40 42.8428 42.2188 90
41 43.9937 42.2188 90
42 43.1157 42.2188 90
43 41.6816 42.2188 90
44 43.8318 42.2188 90
45 43.5701 42.2188 90
46 41.9266 42.2188 90
47 39.3885 42.2188 90
48 40.6213 42.2188 90
49 43.1011 42.2188 90
50 40.4838 42.2188 90
51 39.6475 42.2188 90
52 41.1425 42.2188 90
53 42.032 42.2188 90
54 41.6659 42.2188 90
55 38.8112 42.2188 90
56 41.7218 42.2188 90
57 45.5213 42.2188 90
58 42.8132 42.2188 90
59 38.2039 42.2188 90
60 42.2737 42.2188 90
61 43.6851 42.2188 90
62 42.9471 42.2188 90
63 41.7537 42.2188 90
64 43.2627 39.5008 120
65 42.3625 39.5008 120
66 40.7943 39.5008 120
67 38.8933 39.5008 120
68 40.7662 39.5008 120
69 40.1414 39.5008 120
70 41.3475 39.5008 120
71 38.2131 39.5008 120
72 39.4312 39.5008 120
73 40.4948 39.5008 120
74 41.4986 39.5008 120
75 40.2901 39.5008 120
76 40.5454 39.5008 120
77 39.795 39.5008 120
78 38.2951 39.5008 120
79 39.9748 39.5008 120
80 39.0698 39.5008 120
81 40.1885 39.5008 120
82 38.4039 39.5008 120
83 37.6479 39.5008 120
84 37.436 39.5008 120
85 38.8455 39.5008 120
86 36.1976 39.5008 120
87 37.1603 39.5008 120
88 38.6934 39.5008 120
89 40.6382 39.5008 120
90 38.4011 39.5008 120
91 38.8975 39.5008 120
92 39.3612 39.5008 120
93 39.7873 39.5008 120
94 38.3151 39.5008 120
95 38.8751 39.5008 120