0 40.3052 40.3052 110
1 40.4191 40.3052 110
2 41.5305 40.3052 110
3 39.1519 40.3052 110
4 40.6511 40.3052 110
5 39.6298 40.3052 110
6 39.9208 40.3052 110
7 39.8691 40.3052 110
8 41.3717 40.3052 110
9 41.0349 40.3052 110
10 38.7564 40.3052 110
11 40.2154 40.3052 110
12 40.5358 40.3052 110
13 40.9802 40.3052 110
14 40.3365 40.3052 110
15 39.8447 40.3052 110
16 39.7871 40.3052 110
17 41.5372 40.3052 110
18 39.7369 40.3052 110
19 38.5084 40.3052 110
20 41.0062 40.3052 110
21 40.0701 40.3052 110
22 39.2158 40.3052 110
23 39.1643 40.3052 110
24 39.3554 40.3052 110
25 40.089 40.3052 110
26 40.7112 40.3052 110
27 42.0223 40.3052 110
28 42.1497 40.3052 110
29 40.978 40.3052 110
30 39.9459 40.3052 110
31 40.9366 40.3052 110
32 43.5874 42.1612 40
33 42.8289 42.1612 40
34 42 42.1612 40
35 43.314 42.1612 40
36 41.4945 42.1612 40
37 43.3189 42.1612 40
38 44.1028 42.1612 40
39 41.5984 42.1612 40
40 41.4339 42.1612 40
41 42.6012 42.1612 40
42 43.258 42.1612 40
43 42.6564 42.1612 40
44 44.459 42.1612 40
45 43.3937 42.1612 40
46 42.358 42.1612 40
47 42.6154 42.1612 40
48 42.0658 42.1612 40
49 43.3675 42.1612 40
50 40.2292 42.1612 40
51 40.512 42.1612 40
52 42.9045 42.1612 40
53 42.1481 42.1612 40
54 40.735 42.1612 40
55 40.7038 42.1612 40
56 41.2654 42.1612 40
57 41.7115 42.1612 40
58 39.581 42.1612 40
59 38.3794 42.1612 40
60 41.1813 42.1612 40
61 43.6244 42.1612 40
62 43.2759 42.1612 40
63 42.4534 42.1612 40
64 41.181 39.8114 110
65 40.9648 39.8114 110
66 40.9695 39.8114 110
67 37.9558 39.8114 110
68 40.3927 39.8114 110
69 40.9592 39.8114 110
70 39.9998 39.8114 110
71 39.2675 39.8114 110
72 39.8114 39.8114 110
73 40.7278 39.8114 110
74 39.6731 39.8114 110
75 40.0518 39.8114 110
76 40.587 39.8114 110
77 40.4735 39.8114 110
78 40.2406 39.8114 110
79 40.6366 39.8114 110
80 38.8774 39.8114 110
81 39.8114 39.8114 110
82 39.8114 39.8114 110
83 40.2119 39.8114 110
84 39.2661 39.8114 110
85 35.7234 39.8114 110
86 38.2384 39.8114 110
87 39.4353 39.8114 110
88 39.832 39.8114 110
89 39.4537 39.8114 110
90 40.2977 39.8114 110
91 39.8114 39.8114 110
92 40.3087 39.8114 110
93 40.2403 39.8114 110
94 39.85 39.8114 110
95 38.9031 39.8114 110