0 40.1676 39.6504 110
1 39.9907 39.6504 110
2 40.1253 39.6504 110
3 41.1286 39.6504 110
4 37.9981 39.6504 110
5 40.2648 39.6504 110
6 39.0531 39.6504 110
7 40.2798 39.6504 110
8 39.8444 39.6504 110
9 37.3828 39.6504 110
10 38.6841 39.6504 110
11 40.227 39.6504 110
12 39.6382 39.6504 110
13 39.959 39.6504 110
14 39.021 39.6504 110
15 40.3122 39.6504 110
16 39.7096 39.6504 110
17 38.9239 39.6504 110
18 39.9794 39.6504 110
19 37.2807 39.6504 110
20 39.7835 39.6504 110
21 38.8069 39.6504 110
22 39.0693 39.6504 110
23 39.1827 39.6504 110
24 40.1097 39.6504 110
25 39.7961 39.6504 110
26 39.9907 39.6504 110
27 40.3064 39.6504 110
28 39.0801 39.6504 110
29 41.5512 39.6504 110
30 38.7427 39.6504 110
31 42.422 39.6504 110
32 41.1302 41.2454 60
33 41.11 41.2454 60
34 41.9636 41.2454 60
35 40.7028 41.2454 60
36 40.6289 41.2454 60
37 41.3197 41.2454 60
38 43.1286 41.2454 60
39 41.4335 41.2454 60
40 41.1783 41.2454 60
41 42.0823 41.2454 60
42 42.3127 41.2454 60
43 43.2072 41.2454 60
44 41.9393 41.2454 60
45 41.2585 41.2454 60
46 41.218 41.2454 60
47 40.3536 41.2454 60
48 40.274 41.2454 60
49 38.0155 41.2454 60
50 37.9038 41.2454 60
51 40.2627 41.2454 60
52 40.7183 41.2454 60
53 40.9857 41.2454 60
54 40.7612 41.2454 60
55 40.9682 41.2454 60
56 41.9013 41.2454 60
57 42.5054 41.2454 60
58 41.3568 41.2454 60
59 41.7801 41.2454 60
60 41.5551 41.2454 60
61 41.7681 41.2454 60
62 40.8795 41.2454 60
63 43.2495 41.2454 60
64 41.704 41.1967 110
65 41.4263 41.1967 110
66 40.7272 41.1967 110
67 40.452 41.1967 110
68 42.9359 41.1967 110
69 38.6538 41.1967 110
70 40.7838 41.1967 110
71 42.1264 41.1967 110
72 41.95 41.1967 110
73 41.4634 41.1967 110
74 41.4591 41.1967 110
75 40.7043 41.1967 110
76 42.9617 41.1967 110
77 43.0555 41.1967 110
78 40.4983 41.1967 110
79 43.0185 41.1967 110
80 42.263 41.1967 110
81 42.9491 41.1967 110
82 40.0042 41.1967 110
83 37.6697 41.1967 110
84 42.1917 41.1967 110
85 42.5736 41.1967 110
86 39.0435 41.1967 110
87 39.7047 41.1967 110
88 38.6319 41.1967 110
89 41.3477 41.1967 110
90 41.075 41.1967 110
91 41.1474 41.1967 110
92 41.5989 41.1967 110
93 41.2113 41.1967 110
94 43.0075 41.1967 110
95 39.9548 41.1967 110