0 46.3485 43.563 50
1 46.1069 43.563 50
2 44.1863 43.563 50
3 46.0106 43.563 50
4 45.8406 43.563 50
5 43.563 43.563 50
6 43.563 43.563 50
7 44.83 43.563 50
8 45.0095 43.563 50
9 45.2811 43.563 50
10 44.0662 43.563 50
11 44.2153 43.563 50
12 44.3715 43.563 50
13 45.038 43.563 50
14 44.1337 43.563 50
15 43.4514 43.563 50
16 43.0082 43.563 50
17 40.019 43.563 50
18 42.3984 43.563 50
19 39.3044 43.563 50
20 37.9865 43.563 50
21 42.4808 43.563 50
22 41.071 43.563 50
23 41.652 43.563 50
24 37.7161 43.563 50
25 45.0719 43.563 50
26 46.2312 43.563 50
27 45.4424 43.563 50
28 42.6212 43.563 50
29 42.7391 43.563 50
30 45.401 43.563 50
31 44.8562 43.563 50
32 44.9024 45.2282 40
33 46.3324 45.2282 40
34 45.4859 45.2282 40
35 45.5116 45.2282 40
36 46.5709 45.2282 40
37 45.4457 45.2282 40
38 44.9019 45.2282 40
39 45.6216 45.2282 40
40 45.4207 45.2282 40
41 44.1552 45.2282 40
42 43.1188 45.2282 40
43 44.6149 45.2282 40
44 44.1422 45.2282 40
45 44.9932 45.2282 40
46 44.3767 45.2282 40
47 45.942 45.2282 40
48 45.538 45.2282 40
49 43.3397 45.2282 40
50 43.8955 45.2282 40
51 43.5661 45.2282 40
52 43.0806 45.2282 40
53 43.9834 45.2282 40
54 45.0539 45.2282 40
55 45.6084 45.2282 40
56 44.5025 45.2282 40
57 45.9102 45.2282 40
58 51.0545 45.2282 40
59 43.6958 45.2282 40
60 45.1589 45.2282 40
61 50.9199 45.2282 40
62 44.782 45.2282 40
63 45.6783 45.2282 40
64 43.4439 42.3182 110
65 43.4358 42.3182 110
66 42.8401 42.3182 110
67 42.4321 42.3182 110
68 43.6609 42.3182 110
69 41.1717 42.3182 110
70 42.7921 42.3182 110
71 42.4493 42.3182 110
72 43.2782 42.3182 110
73 43.4517 42.3182 110
74 43.2288 42.3182 110
75 41.5013 42.3182 110
76 42.1348 42.3182 110
77 41.577 42.3182 110
78 42.0956 42.3182 110
79 42.6888 42.3182 110
80 43.7968 42.3182 110
81 40.7679 42.3182 110
82 41.872 42.3182 110
83 41.3853 42.3182 110
84 41.9449 42.3182 110
85 41.6313 42.3182 110
86 42.318 42.3182 110
87 39.9244 42.3182 110
88 41.4645 42.3182 110
89 42.8371 42.3182 110
90 43.029 42.3182 110
91 41.398 42.3182 110
92 41.6198 42.3182 110
93 41.6873 42.3182 110
94 43.3973 42.3182 110
95 42.9265 42.3182 110