0 41.9136 38.4317 110
1 37.1208 38.4317 110
2 38.3242 38.4317 110
3 39.4111 38.4317 110
4 40.5569 38.4317 110
5 41.169 38.4317 110
6 38.2325 38.4317 110
7 39.5623 38.4317 110
8 39.9202 38.4317 110
9 41.0566 38.4317 110
10 41.2417 38.4317 110
11 38.4403 38.4317 110
12 40.1892 38.4317 110
13 35.9332 38.4317 110
14 41.0796 38.4317 110
15 40.7419 38.4317 110
16 38.0905 38.4317 110
17 38.3393 38.4317 110
18 35.4773 38.4317 110
19 36.4702 38.4317 110
20 37.825 38.4317 110
21 34.5414 38.4317 110
22 36.1754 38.4317 110
23 38.3608 38.4317 110
24 38.4317 38.4317 110
25 36.1324 38.4317 110
26 36.7506 38.4317 110
27 39.9821 38.4317 110
28 41.616 38.4317 110
29 34.4124 38.4317 110
30 35.6583 38.4317 110
31 36.6586 38.4317 110
32 39.709 38.2507 100
33 39.7984 38.2507 100
34 40.0519 38.2507 100
35 40.5272 38.2507 100
36 39.383 38.2507 100
37 39.8187 38.2507 100
38 40.0357 38.2507 100
39 39.1121 38.2507 100
40 36.5762 38.2507 100
41 39.6247 38.2507 100
42 37.3375 38.2507 100
43 39.7283 38.2507 100
44 39.1023 38.2507 100
45 39.3518 38.2507 100
46 39.1379 38.2507 100
47 40.7097 38.2507 100
48 39.2726 38.2507 100
49 37.9938 38.2507 100
50 38.6843 38.2507 100
51 37.3459 38.2507 100
52 37.257 38.2507 100
53 34.3562 38.2507 100
54 33.7536 38.2507 100
55 39.3155 38.2507 100
56 38.3269 38.2507 100
57 37.1107 38.2507 100
58 35.1359 38.2507 100
59 36.5734 38.2507 100
60 37.4201 38.2507 100
61 37.959 38.2507 100
62 36.8623 38.2507 100
63 36.6524 38.2507 100
64 40.4579 39.1041 100
65 38.1123 39.1041 100
66 40.3717 39.1041 100
67 38.2545 39.1041 100
68 39.1571 39.1041 100
69 40.5432 39.1041 100
70 40.3011 39.1041 100
71 38.6981 39.1041 100
72 40.2832 39.1041 100
73 40.8699 39.1041 100
74 40.5106 39.1041 100
75 39.3487 39.1041 100
76 40.2129 39.1041 100
77 39.3296 39.1041 100
78 40.1471 39.1041 100
79 39.1666 39.1041 100
80 41.5167 39.1041 100
81 39.6712 39.1041 100
82 38.2821 39.1041 100
83 38.455 39.1041 100
84 38.8598 39.1041 100
85 40.4178 39.1041 100
86 35.267 39.1041 100
87 39.0677 39.1041 100
88 39.1253 39.1041 100
89 40.65 39.1041 100
90 36.2065 39.1041 100
91 33.9264 39.1041 100
92 39.1779 39.1041 100
93 38.2508 39.1041 100
94 36.0987 39.1041 100
95 40.5924 39.1041 100