0 43.2337 43.0199 100
1 44.9815 43.0199 100
2 45.3549 43.0199 100
3 44.0928 43.0199 100
4 41.61 43.0199 100
5 41.4433 43.0199 100
6 44.0188 43.0199 100
7 39.5066 43.0199 100
8 44.7629 43.0199 100
9 42.7341 43.0199 100
10 44.6877 43.0199 100
11 43.5214 43.0199 100
12 43.1754 43.0199 100
13 45.5507 43.0199 100
14 38.4825 43.0199 100
15 41.2338 43.0199 100
16 45.6653 43.0199 100
17 40.7494 43.0199 100
18 43.0396 43.0199 100
19 41.9997 43.0199 100
20 42.7803 43.0199 100
21 43.5065 43.0199 100
22 42.1536 43.0199 100
23 43.0199 43.0199 100
24 44.9796 43.0199 100
25 43.8013 43.0199 100
26 41.7458 43.0199 100
27 41.3694 43.0199 100
28 44.1621 43.0199 100
29 42.7261 43.0199 100
30 43.204 43.0199 100
31 43.3435 43.0199 100
32 43.9009 42.5121 70
33 40.6844 42.5121 70
34 43.0558 42.5121 70
35 41.4196 42.5121 70
36 41.6116 42.5121 70
37 43.7631 42.5121 70
38 41.9882 42.5121 70
39 41.9009 42.5121 70
40 41.406 42.5121 70
41 40.6546 42.5121 70
42 42.7999 42.5121 70
43 41.2395 42.5121 70
44 43.2964 42.5121 70
45 43.8032 42.5121 70
46 43.7354 42.5121 70
47 43.3018 42.5121 70
48 44.1556 42.5121 70
49 45.7959 42.5121 70
50 44.9241 42.5121 70
51 38.2596 42.5121 70
52 43.9076 42.5121 70
53 41.6151 42.5121 70
54 43.0292 42.5121 70
55 41.5301 42.5121 70
56 43.7726 42.5121 70
57 41.3532 42.5121 70
58 43.0804 42.5121 70
59 40.6711 42.5121 70
60 42.9626 42.5121 70
61 43.5937 42.5121 70
62 43.268 42.5121 70
63 39.9058 42.5121 70
64 44.3727 41.7159 130
65 43.9083 41.7159 130
66 43.732 41.7159 130
67 39.9234 41.7159 130
68 43.8021 41.7159 130
69 41.4425 41.7159 130
70 40.383 41.7159 130
71 39.1267 41.7159 130
72 42.9815 41.7159 130
73 42.0185 41.7159 130
74 42.5487 41.7159 130
75 40.6144 41.7159 130
76 44.0381 41.7159 130
77 42.7223 41.7159 130
78 40.9642 41.7159 130
79 41.2121 41.7159 130
80 43.7707 41.7159 130
81 43.2664 41.7159 130
82 41.7051 41.7159 130
83 40.4687 41.7159 130
84 41.8884 41.7159 130
85 39.6799 41.7159 130
86 38.4381 41.7159 130
87 37.6605 41.7159 130
88 42.6109 41.7159 130
89 39.8953 41.7159 130
90 37.8018 41.7159 130
91 40.6016 41.7159 130
92 44.14 41.7159 130
93 44.1109 41.7159 130
94 41.238 41.7159 130
95 43.8431 41.7159 130