0 0 0
1 2 0
2 4 0
3 6 0
4 0 1
5 2 1
6 4 1
7 6 1
8 0 2
9 2 2
10 4 2
11 6 2
12 0 3
13 2 3
14 4 3
15 6 3
16 0 4
17 2 4
18 4 4
19 6 4
20 0 5
21 2 5
22 4 5
23 6 5
24 0 6
25 2 6
26 4 6
27 6 6
28 0 7
29 2 7
30 4 7
31 6 7
32 8 0
33 10 0
34 12 0
35 14 0
36 8 1
37 10 1
38 12 1
39 14 1
40 8 2
41 10 2
42 12 2
43 14 2
44 8 3
45 10 3
46 12 3
47 14 3
48 8 4
49 10 4
50 12 4
51 14 4
52 8 5
53 10 5
54 12 5
55 14 5
56 8 6
57 10 6
58 12 6
59 14 6
60 8 7
61 10 7
62 12 7
63 14 7
64 16 0
65 18 0
66 20 0
67 22 0
68 16 1
69 18 1
70 20 1
71 22 1
72 16 2
73 18 2
74 20 2
75 22 2
76 16 3
77 18 3
78 20 3
79 22 3
80 16 4
81 18 4
82 20 4
83 22 4
84 16 5
85 18 5
86 20 5
87 22 5
88 16 6
89 18 6
90 20 6
91 22 6
92 16 7
93 18 7
94 20 7
95 22 7