0 0 8
1 0 10
2 0 12
3 0 14
4 1 8
5 1 10
6 1 12
7 1 14
8 2 8
9 2 10
10 2 12
11 2 14
12 3 8
13 3 10
14 3 12
15 3 14
16 4 8
17 4 10
18 4 12
19 4 14
20 5 8
21 5 10
22 5 12
23 5 14
24 6 8
25 6 10
26 6 12
27 6 14
28 7 8
29 7 10
30 7 12
31 7 14
32 8 8
33 8 10
34 8 12
35 8 14
36 9 8
37 9 10
38 9 12
39 9 14
40 10 8
41 10 10
42 10 12
43 10 14
44 11 8
45 11 10
46 11 12
47 11 14
48 12 8
49 12 10
50 12 12
51 12 14
52 13 8
53 13 10
54 13 12
55 13 14
56 14 8
57 14 10
58 14 12
59 14 14
60 15 8
61 15 10
62 15 12
63 15 14
64 16 8
65 16 10
66 16 12
67 16 14
68 17 8
69 17 10
70 17 12
71 17 14
72 18 8
73 18 10
74 18 12
75 18 14
76 19 8
77 19 10
78 19 12
79 19 14
80 20 8
81 20 10
82 20 12
83 20 14
84 21 8
85 21 10
86 21 12
87 21 14
88 22 8
89 22 10
90 22 12
91 22 14
92 23 8
93 23 10
94 23 12
95 23 14