0 0 16
1 0 18
2 0 20
3 0 22
4 1 16
5 1 18
6 1 20
7 1 22
8 2 16
9 2 18
10 2 20
11 2 22
12 3 16
13 3 18
14 3 20
15 3 22
16 4 16
17 4 18
18 4 20
19 4 22
20 5 16
21 5 18
22 5 20
23 5 22
24 6 16
25 6 18
26 6 20
27 6 22
28 7 16
29 7 18
30 7 20
31 7 22
32 8 16
33 8 18
34 8 20
35 8 22
36 9 16
37 9 18
38 9 20
39 9 22
40 10 16
41 10 18
42 10 20
43 10 22
44 11 16
45 11 18
46 11 20
47 11 22
48 12 16
49 12 18
50 12 20
51 12 22
52 13 16
53 13 18
54 13 20
55 13 22
56 14 16
57 14 18
58 14 20
59 14 22
60 15 16
61 15 18
62 15 20
63 15 22
64 16 16
65 16 18
66 16 20
67 16 22
68 17 16
69 17 18
70 17 20
71 17 22
72 18 16
73 18 18
74 18 20
75 18 22
76 19 16
77 19 18
78 19 20
79 19 22
80 20 16
81 20 18
82 20 20
83 20 22
84 21 16
85 21 18
86 21 20
87 21 22
88 22 16
89 22 18
90 22 20
91 22 22
92 23 16
93 23 18
94 23 20
95 23 22