0 25 0
1 27 0
2 29 0
3 31 0
4 25 1
5 27 1
6 29 1
7 31 1
8 25 2
9 27 2
10 29 2
11 31 2
12 25 3
13 27 3
14 29 3
15 31 3
16 25 4
17 27 4
18 29 4
19 31 4
20 25 5
21 27 5
22 29 5
23 31 5
24 25 6
25 27 6
26 29 6
27 31 6
28 25 7
29 27 7
30 29 7
31 31 7
32 33 0
33 35 0
34 37 0
35 39 0
36 33 1
37 35 1
38 37 1
39 39 1
40 33 2
41 35 2
42 37 2
43 39 2
44 33 3
45 35 3
46 37 3
47 39 3
48 33 4
49 35 4
50 37 4
51 39 4
52 33 5
53 35 5
54 37 5
55 39 5
56 33 6
57 35 6
58 37 6
59 39 6
60 33 7
61 35 7
62 37 7
63 39 7
64 41 0
65 43 0
66 45 0
67 47 0
68 41 1
69 43 1
70 45 1
71 47 1
72 41 2
73 43 2
74 45 2
75 47 2
76 41 3
77 43 3
78 45 3
79 47 3
80 41 4
81 43 4
82 45 4
83 47 4
84 41 5
85 43 5
86 45 5
87 47 5
88 41 6
89 43 6
90 45 6
91 47 6
92 41 7
93 43 7
94 45 7
95 47 7