0 0 25
1 0 27
2 0 29
3 0 31
4 1 25
5 1 27
6 1 29
7 1 31
8 2 25
9 2 27
10 2 29
11 2 31
12 3 25
13 3 27
14 3 29
15 3 31
16 4 25
17 4 27
18 4 29
19 4 31
20 5 25
21 5 27
22 5 29
23 5 31
24 6 25
25 6 27
26 6 29
27 6 31
28 7 25
29 7 27
30 7 29
31 7 31
32 8 25
33 8 27
34 8 29
35 8 31
36 9 25
37 9 27
38 9 29
39 9 31
40 10 25
41 10 27
42 10 29
43 10 31
44 11 25
45 11 27
46 11 29
47 11 31
48 12 25
49 12 27
50 12 29
51 12 31
52 13 25
53 13 27
54 13 29
55 13 31
56 14 25
57 14 27
58 14 29
59 14 31
60 15 25
61 15 27
62 15 29
63 15 31
64 16 25
65 16 27
66 16 29
67 16 31
68 17 25
69 17 27
70 17 29
71 17 31
72 18 25
73 18 27
74 18 29
75 18 31
76 19 25
77 19 27
78 19 29
79 19 31
80 20 25
81 20 27
82 20 29
83 20 31
84 21 25
85 21 27
86 21 29
87 21 31
88 22 25
89 22 27
90 22 29
91 22 31
92 23 25
93 23 27
94 23 29
95 23 31