0 0 33
1 0 35
2 0 37
3 0 39
4 1 33
5 1 35
6 1 37
7 1 39
8 2 33
9 2 35
10 2 37
11 2 39
12 3 33
13 3 35
14 3 37
15 3 39
16 4 33
17 4 35
18 4 37
19 4 39
20 5 33
21 5 35
22 5 37
23 5 39
24 6 33
25 6 35
26 6 37
27 6 39
28 7 33
29 7 35
30 7 37
31 7 39
32 8 33
33 8 35
34 8 37
35 8 39
36 9 33
37 9 35
38 9 37
39 9 39
40 10 33
41 10 35
42 10 37
43 10 39
44 11 33
45 11 35
46 11 37
47 11 39
48 12 33
49 12 35
50 12 37
51 12 39
52 13 33
53 13 35
54 13 37
55 13 39
56 14 33
57 14 35
58 14 37
59 14 39
60 15 33
61 15 35
62 15 37
63 15 39
64 16 33
65 16 35
66 16 37
67 16 39
68 17 33
69 17 35
70 17 37
71 17 39
72 18 33
73 18 35
74 18 37
75 18 39
76 19 33
77 19 35
78 19 37
79 19 39
80 20 33
81 20 35
82 20 37
83 20 39
84 21 33
85 21 35
86 21 37
87 21 39
88 22 33
89 22 35
90 22 37
91 22 39
92 23 33
93 23 35
94 23 37
95 23 39