0 1 0
1 3 0
2 5 0
3 7 0
4 1 1
5 3 1
6 5 1
7 7 1
8 1 2
9 3 2
10 5 2
11 7 2
12 1 3
13 3 3
14 5 3
15 7 3
16 1 4
17 3 4
18 5 4
19 7 4
20 1 5
21 3 5
22 5 5
23 7 5
24 1 6
25 3 6
26 5 6
27 7 6
28 1 7
29 3 7
30 5 7
31 7 7
32 9 0
33 11 0
34 13 0
35 15 0
36 9 1
37 11 1
38 13 1
39 15 1
40 9 2
41 11 2
42 13 2
43 15 2
44 9 3
45 11 3
46 13 3
47 15 3
48 9 4
49 11 4
50 13 4
51 15 4
52 9 5
53 11 5
54 13 5
55 15 5
56 9 6
57 11 6
58 13 6
59 15 6
60 9 7
61 11 7
62 13 7
63 15 7
64 17 0
65 19 0
66 21 0
67 23 0
68 17 1
69 19 1
70 21 1
71 23 1
72 17 2
73 19 2
74 21 2
75 23 2
76 17 3
77 19 3
78 21 3
79 23 3
80 17 4
81 19 4
82 21 4
83 23 4
84 17 5
85 19 5
86 21 5
87 23 5
88 17 6
89 19 6
90 21 6
91 23 6
92 17 7
93 19 7
94 21 7
95 23 7