0 0 41
1 0 43
2 0 45
3 0 47
4 1 41
5 1 43
6 1 45
7 1 47
8 2 41
9 2 43
10 2 45
11 2 47
12 3 41
13 3 43
14 3 45
15 3 47
16 4 41
17 4 43
18 4 45
19 4 47
20 5 41
21 5 43
22 5 45
23 5 47
24 6 41
25 6 43
26 6 45
27 6 47
28 7 41
29 7 43
30 7 45
31 7 47
32 8 41
33 8 43
34 8 45
35 8 47
36 9 41
37 9 43
38 9 45
39 9 47
40 10 41
41 10 43
42 10 45
43 10 47
44 11 41
45 11 43
46 11 45
47 11 47
48 12 41
49 12 43
50 12 45
51 12 47
52 13 41
53 13 43
54 13 45
55 13 47
56 14 41
57 14 43
58 14 45
59 14 47
60 15 41
61 15 43
62 15 45
63 15 47
64 16 41
65 16 43
66 16 45
67 16 47
68 17 41
69 17 43
70 17 45
71 17 47
72 18 41
73 18 43
74 18 45
75 18 47
76 19 41
77 19 43
78 19 45
79 19 47
80 20 41
81 20 43
82 20 45
83 20 47
84 21 41
85 21 43
86 21 45
87 21 47
88 22 41
89 22 43
90 22 45
91 22 47
92 23 41
93 23 43
94 23 45
95 23 47