0 24 0
1 26 0
2 28 0
3 30 0
4 24 1
5 26 1
6 28 1
7 30 1
8 24 2
9 26 2
10 28 2
11 30 2
12 24 3
13 26 3
14 28 3
15 30 3
16 24 4
17 26 4
18 28 4
19 30 4
20 24 5
21 26 5
22 28 5
23 30 5
24 24 6
25 26 6
26 28 6
27 30 6
28 24 7
29 26 7
30 28 7
31 30 7
32 32 0
33 34 0
34 36 0
35 38 0
36 32 1
37 34 1
38 36 1
39 38 1
40 32 2
41 34 2
42 36 2
43 38 2
44 32 3
45 34 3
46 36 3
47 38 3
48 32 4
49 34 4
50 36 4
51 38 4
52 32 5
53 34 5
54 36 5
55 38 5
56 32 6
57 34 6
58 36 6
59 38 6
60 32 7
61 34 7
62 36 7
63 38 7
64 40 0
65 42 0
66 44 0
67 46 0
68 40 1
69 42 1
70 44 1
71 46 1
72 40 2
73 42 2
74 44 2
75 46 2
76 40 3
77 42 3
78 44 3
79 46 3
80 40 4
81 42 4
82 44 4
83 46 4
84 40 5
85 42 5
86 44 5
87 46 5
88 40 6
89 42 6
90 44 6
91 46 6
92 40 7
93 42 7
94 44 7
95 46 7