0 0 24
1 0 26
2 0 28
3 0 30
4 1 24
5 1 26
6 1 28
7 1 30
8 2 24
9 2 26
10 2 28
11 2 30
12 3 24
13 3 26
14 3 28
15 3 30
16 4 24
17 4 26
18 4 28
19 4 30
20 5 24
21 5 26
22 5 28
23 5 30
24 6 24
25 6 26
26 6 28
27 6 30
28 7 24
29 7 26
30 7 28
31 7 30
32 8 24
33 8 26
34 8 28
35 8 30
36 9 24
37 9 26
38 9 28
39 9 30
40 10 24
41 10 26
42 10 28
43 10 30
44 11 24
45 11 26
46 11 28
47 11 30
48 12 24
49 12 26
50 12 28
51 12 30
52 13 24
53 13 26
54 13 28
55 13 30
56 14 24
57 14 26
58 14 28
59 14 30
60 15 24
61 15 26
62 15 28
63 15 30
64 16 24
65 16 26
66 16 28
67 16 30
68 17 24
69 17 26
70 17 28
71 17 30
72 18 24
73 18 26
74 18 28
75 18 30
76 19 24
77 19 26
78 19 28
79 19 30
80 20 24
81 20 26
82 20 28
83 20 30
84 21 24
85 21 26
86 21 28
87 21 30
88 22 24
89 22 26
90 22 28
91 22 30
92 23 24
93 23 26
94 23 28
95 23 30