0 0 32
1 0 34
2 0 36
3 0 38
4 1 32
5 1 34
6 1 36
7 1 38
8 2 32
9 2 34
10 2 36
11 2 38
12 3 32
13 3 34
14 3 36
15 3 38
16 4 32
17 4 34
18 4 36
19 4 38
20 5 32
21 5 34
22 5 36
23 5 38
24 6 32
25 6 34
26 6 36
27 6 38
28 7 32
29 7 34
30 7 36
31 7 38
32 8 32
33 8 34
34 8 36
35 8 38
36 9 32
37 9 34
38 9 36
39 9 38
40 10 32
41 10 34
42 10 36
43 10 38
44 11 32
45 11 34
46 11 36
47 11 38
48 12 32
49 12 34
50 12 36
51 12 38
52 13 32
53 13 34
54 13 36
55 13 38
56 14 32
57 14 34
58 14 36
59 14 38
60 15 32
61 15 34
62 15 36
63 15 38
64 16 32
65 16 34
66 16 36
67 16 38
68 17 32
69 17 34
70 17 36
71 17 38
72 18 32
73 18 34
74 18 36
75 18 38
76 19 32
77 19 34
78 19 36
79 19 38
80 20 32
81 20 34
82 20 36
83 20 38
84 21 32
85 21 34
86 21 36
87 21 38
88 22 32
89 22 34
90 22 36
91 22 38
92 23 32
93 23 34
94 23 36
95 23 38