0 0 40
1 0 42
2 0 44
3 0 46
4 1 40
5 1 42
6 1 44
7 1 46
8 2 40
9 2 42
10 2 44
11 2 46
12 3 40
13 3 42
14 3 44
15 3 46
16 4 40
17 4 42
18 4 44
19 4 46
20 5 40
21 5 42
22 5 44
23 5 46
24 6 40
25 6 42
26 6 44
27 6 46
28 7 40
29 7 42
30 7 44
31 7 46
32 8 40
33 8 42
34 8 44
35 8 46
36 9 40
37 9 42
38 9 44
39 9 46
40 10 40
41 10 42
42 10 44
43 10 46
44 11 40
45 11 42
46 11 44
47 11 46
48 12 40
49 12 42
50 12 44
51 12 46
52 13 40
53 13 42
54 13 44
55 13 46
56 14 40
57 14 42
58 14 44
59 14 46
60 15 40
61 15 42
62 15 44
63 15 46
64 16 40
65 16 42
66 16 44
67 16 46
68 17 40
69 17 42
70 17 44
71 17 46
72 18 40
73 18 42
74 18 44
75 18 46
76 19 40
77 19 42
78 19 44
79 19 46
80 20 40
81 20 42
82 20 44
83 20 46
84 21 40
85 21 42
86 21 44
87 21 46
88 22 40
89 22 42
90 22 44
91 22 46
92 23 40
93 23 42
94 23 44
95 23 46