0 0 1
1 0 3
2 0 5
3 0 7
4 1 1
5 1 3
6 1 5
7 1 7
8 2 1
9 2 3
10 2 5
11 2 7
12 3 1
13 3 3
14 3 5
15 3 7
16 4 1
17 4 3
18 4 5
19 4 7
20 5 1
21 5 3
22 5 5
23 5 7
24 6 1
25 6 3
26 6 5
27 6 7
28 7 1
29 7 3
30 7 5
31 7 7
32 8 1
33 8 3
34 8 5
35 8 7
36 9 1
37 9 3
38 9 5
39 9 7
40 10 1
41 10 3
42 10 5
43 10 7
44 11 1
45 11 3
46 11 5
47 11 7
48 12 1
49 12 3
50 12 5
51 12 7
52 13 1
53 13 3
54 13 5
55 13 7
56 14 1
57 14 3
58 14 5
59 14 7
60 15 1
61 15 3
62 15 5
63 15 7
64 16 1
65 16 3
66 16 5
67 16 7
68 17 1
69 17 3
70 17 5
71 17 7
72 18 1
73 18 3
74 18 5
75 18 7
76 19 1
77 19 3
78 19 5
79 19 7
80 20 1
81 20 3
82 20 5
83 20 7
84 21 1
85 21 3
86 21 5
87 21 7
88 22 1
89 22 3
90 22 5
91 22 7
92 23 1
93 23 3
94 23 5
95 23 7