0 0 9
1 0 11
2 0 13
3 0 15
4 1 9
5 1 11
6 1 13
7 1 15
8 2 9
9 2 11
10 2 13
11 2 15
12 3 9
13 3 11
14 3 13
15 3 15
16 4 9
17 4 11
18 4 13
19 4 15
20 5 9
21 5 11
22 5 13
23 5 15
24 6 9
25 6 11
26 6 13
27 6 15
28 7 9
29 7 11
30 7 13
31 7 15
32 8 9
33 8 11
34 8 13
35 8 15
36 9 9
37 9 11
38 9 13
39 9 15
40 10 9
41 10 11
42 10 13
43 10 15
44 11 9
45 11 11
46 11 13
47 11 15
48 12 9
49 12 11
50 12 13
51 12 15
52 13 9
53 13 11
54 13 13
55 13 15
56 14 9
57 14 11
58 14 13
59 14 15
60 15 9
61 15 11
62 15 13
63 15 15
64 16 9
65 16 11
66 16 13
67 16 15
68 17 9
69 17 11
70 17 13
71 17 15
72 18 9
73 18 11
74 18 13
75 18 15
76 19 9
77 19 11
78 19 13
79 19 15
80 20 9
81 20 11
82 20 13
83 20 15
84 21 9
85 21 11
86 21 13
87 21 15
88 22 9
89 22 11
90 22 13
91 22 15
92 23 9
93 23 11
94 23 13
95 23 15