0 0 17
1 0 19
2 0 21
3 0 23
4 1 17
5 1 19
6 1 21
7 1 23
8 2 17
9 2 19
10 2 21
11 2 23
12 3 17
13 3 19
14 3 21
15 3 23
16 4 17
17 4 19
18 4 21
19 4 23
20 5 17
21 5 19
22 5 21
23 5 23
24 6 17
25 6 19
26 6 21
27 6 23
28 7 17
29 7 19
30 7 21
31 7 23
32 8 17
33 8 19
34 8 21
35 8 23
36 9 17
37 9 19
38 9 21
39 9 23
40 10 17
41 10 19
42 10 21
43 10 23
44 11 17
45 11 19
46 11 21
47 11 23
48 12 17
49 12 19
50 12 21
51 12 23
52 13 17
53 13 19
54 13 21
55 13 23
56 14 17
57 14 19
58 14 21
59 14 23
60 15 17
61 15 19
62 15 21
63 15 23
64 16 17
65 16 19
66 16 21
67 16 23
68 17 17
69 17 19
70 17 21
71 17 23
72 18 17
73 18 19
74 18 21
75 18 23
76 19 17
77 19 19
78 19 21
79 19 23
80 20 17
81 20 19
82 20 21
83 20 23
84 21 17
85 21 19
86 21 21
87 21 23
88 22 17
89 22 19
90 22 21
91 22 23
92 23 17
93 23 19
94 23 21
95 23 23