0 0 0
1 0 2
2 0 4
3 0 6
4 1 0
5 1 2
6 1 4
7 1 6
8 2 0
9 2 2
10 2 4
11 2 6
12 3 0
13 3 2
14 3 4
15 3 6
16 4 0
17 4 2
18 4 4
19 4 6
20 5 0
21 5 2
22 5 4
23 5 6
24 6 0
25 6 2
26 6 4
27 6 6
28 7 0
29 7 2
30 7 4
31 7 6
32 8 0
33 8 2
34 8 4
35 8 6
36 9 0
37 9 2
38 9 4
39 9 6
40 10 0
41 10 2
42 10 4
43 10 6
44 11 0
45 11 2
46 11 4
47 11 6
48 12 0
49 12 2
50 12 4
51 12 6
52 13 0
53 13 2
54 13 4
55 13 6
56 14 0
57 14 2
58 14 4
59 14 6
60 15 0
61 15 2
62 15 4
63 15 6
64 16 0
65 16 2
66 16 4
67 16 6
68 17 0
69 17 2
70 17 4
71 17 6
72 18 0
73 18 2
74 18 4
75 18 6
76 19 0
77 19 2
78 19 4
79 19 6
80 20 0
81 20 2
82 20 4
83 20 6
84 21 0
85 21 2
86 21 4
87 21 6
88 22 0
89 22 2
90 22 4
91 22 6
92 23 0
93 23 2
94 23 4
95 23 6