0 27.9463 29.0048 130
1 29.1451 29.0048 130
2 29.7962 29.0048 130
3 29.8117 29.0048 130
4 30.1499 29.0048 130
5 28.4626 29.0048 130
6 27.8305 29.0048 130
7 28.1188 29.0048 130
8 30.0988 29.0048 130
9 29.884 29.0048 130
10 29.1314 29.0048 130
11 28.2198 29.0048 130
12 27.3663 29.0048 130
13 28.2747 29.0048 130
14 29.7861 29.0048 130
15 27.5422 29.0048 130
16 28.0076 29.0048 130
17 30.1045 29.0048 130
18 29.0841 29.0048 130
19 29.4727 29.0048 130
20 28.3415 29.0048 130
21 26.4289 29.0048 130
22 30.0297 29.0048 130
23 29.6677 29.0048 130
24 29.8109 29.0048 130
25 28.6779 29.0048 130
26 28.8934 29.0048 130
27 28.8847 29.0048 130
28 28.6755 29.0048 130
29 29.8196 29.0048 130
30 29.4661 29.0048 130
31 31.2256 29.0048 130
32 28.8988 29.6756 50
33 31.5546 29.6756 50
34 29.0148 29.6756 50
35 28.7768 29.6756 50
36 28.9287 29.6756 50
37 29.1035 29.6756 50
38 31.8749 29.6756 50
39 29.745 29.6756 50
40 28.8287 29.6756 50
41 29.6751 29.6756 50
42 30.3474 29.6756 50
43 30.0045 29.6756 50
44 28.6925 29.6756 50
45 31.7577 29.6756 50
46 33.0936 29.6756 50
47 31.8211 29.6756 50
48 29.4869 29.6756 50
49 29.0069 29.6756 50
50 29.4027 29.6756 50
51 29.1656 29.6756 50
52 28.2467 29.6756 50
53 28.1589 29.6756 50
54 29.0343 29.6756 50
55 29.4899 29.6756 50
56 30.7058 29.6756 50
57 29.6272 29.6756 50
58 28.8796 29.6756 50
59 27.9085 29.6756 50
60 29.8685 29.6756 50
61 28.7351 29.6756 50
62 29.3797 29.6756 50
63 30.4066 29.6756 50
64 28.7684 29.9197 30
65 29.6148 29.9197 30
66 29.5822 29.9197 30
67 28.3074 29.9197 30
68 31.7099 29.9197 30
69 30.1939 29.9197 30
70 31.9719 29.9197 30
71 30.3741 29.9197 30
72 29.7674 29.9197 30
73 30.3502 29.9197 30
74 29.2318 29.9197 30
75 30.6006 29.9197 30
76 28.2854 29.9197 30
77 30.686 29.9197 30
78 32.7326 29.9197 30
79 29.7981 29.9197 30
80 31.109 29.9197 30
81 29.9648 29.9197 30
82 30.0782 29.9197 30
83 30.5183 29.9197 30
84 29.9197 29.9197 30
85 28.27 29.9197 30
86 31.2649 29.9197 30
87 31.1038 29.9197 30
88 27.5181 29.9197 30
89 27.235 29.9197 30
90 28.6968 29.9197 30
91 29.9197 29.9197 30
92 29.9197 29.9197 30
93 28.6499 29.9197 30
94 29.4237 29.9197 30
95 31.8649 29.9197 30