0 30.9473 29.2539 30
1 29.2539 29.2539 30
2 29.2539 29.2539 30
3 29.2539 29.2539 30
4 29.2539 29.2539 30
5 32.189 29.2539 30
6 31.2209 29.2539 30
7 31.7694 29.2539 30
8 26.5212 29.2539 30
9 30.5754 29.2539 30
10 31.6564 29.2539 30
11 30.4126 29.2539 30
12 32.3313 29.2539 30
13 30.9127 29.2539 30
14 31.585 29.2539 30
15 29.8263 29.2539 30
16 30.0057 29.2539 30
17 29.863 29.2539 30
18 29.0604 29.2539 30
19 27.5023 29.2539 30
20 29.2539 29.2539 30
21 29.2539 29.2539 30
22 30.1483 29.2539 30
23 29.3654 29.2539 30
24 24.4747 29.2539 30
25 25.6508 29.2539 30
26 25.2792 29.2539 30
27 29.0271 29.2539 30
28 28.4932 29.2539 30
29 28.151 29.2539 30
30 29.2539 29.2539 30
31 24.3793 29.2539 30
32 30.8777 30.6398 40
33 31.3261 30.6398 40
34 31.0005 30.6398 40
35 29.9699 30.6398 40
36 32.21 30.6398 40
37 31.0588 30.6398 40
38 31.318 30.6398 40
39 31.6191 30.6398 40
40 31.7263 30.6398 40
41 31.0611 30.6398 40
42 30.9863 30.6398 40
43 31.1823 30.6398 40
44 32.0216 30.6398 40
45 31.5907 30.6398 40
46 30.5997 30.6398 40
47 31.0397 30.6398 40
48 32.1396 30.6398 40
49 27.8265 30.6398 40
50 28.9527 30.6398 40
51 30.6311 30.6398 40
52 31.26 30.6398 40
53 29.2217 30.6398 40
54 28.6444 30.6398 40
55 29.1416 30.6398 40
56 30.0007 30.6398 40
57 32.1614 30.6398 40
58 29.9107 30.6398 40
59 30.1469 30.6398 40
60 28.2936 30.6398 40
61 31.2564 30.6398 40
62 29.6471 30.6398 40
63 31.6505 30.6398 40
64 31.6192 30.9228 40
65 30.9646 30.9228 40
66 30.1058 30.9228 40
67 30.9383 30.9228 40
68 31.4668 30.9228 40
69 30.8281 30.9228 40
70 30.0681 30.9228 40
71 32.0659 30.9228 40
72 32.3876 30.9228 40
73 30.2427 30.9228 40
74 30.7175 30.9228 40
75 31.8985 30.9228 40
76 31.4784 30.9228 40
77 31.9196 30.9228 40
78 30.7997 30.9228 40
79 30.9922 30.9228 40
80 30.9552 30.9228 40
81 31.1761 30.9228 40
82 29.261 30.9228 40
83 31.044 30.9228 40
84 29.9201 30.9228 40
85 30.4325 30.9228 40
86 30.1877 30.9228 40
87 31.0437 30.9228 40
88 31.2028 30.9228 40
89 32.8473 30.9228 40
90 29.5625 30.9228 40
91 31.413 30.9228 40
92 29.1863 30.9228 40
93 30.371 30.9228 40
94 30.3126 30.9228 40
95 32.1202 30.9228 40