0 32.6275 31.117 40
1 31.356 31.117 40
2 32.4631 31.117 40
3 30.8749 31.117 40
4 31.736 31.117 40
5 31.6198 31.117 40
6 32.8808 31.117 40
7 30.8426 31.117 40
8 32.7575 31.117 40
9 32.0906 31.117 40
10 31.1849 31.117 40
11 30.5867 31.117 40
12 32.6612 31.117 40
13 32.0535 31.117 40
14 31.0645 31.117 40
15 30.9597 31.117 40
16 31.0623 31.117 40
17 31.0466 31.117 40
18 29.6838 31.117 40
19 29.3809 31.117 40
20 28.6743 31.117 40
21 29.1077 31.117 40
22 29.6651 31.117 40
23 28.6742 31.117 40
24 31.6247 31.117 40
25 31.571 31.117 40
26 31.2015 31.117 40
27 31.0475 31.117 40
28 33.0894 31.117 40
29 30.6617 31.117 40
30 30.289 31.117 40
31 31.2064 31.117 40
32 34.398 32.0364 40
33 32.6955 32.0364 40
34 32.488 32.0364 40
35 32.0364 32.0364 40
36 32.9519 32.0364 40
37 33.2097 32.0364 40
38 32.3933 32.0364 40
39 32.7404 32.0364 40
40 32.728 32.0364 40
41 31.9528 32.0364 40
42 31.8451 32.0364 40
43 33.2677 32.0364 40
44 32.4019 32.0364 40
45 32.5166 32.0364 40
46 32.358 32.0364 40
47 32.3479 32.0364 40
48 32.4471 32.0364 40
49 31.5927 32.0364 40
50 31.2402 32.0364 40
51 31.6165 32.0364 40
52 30.9463 32.0364 40
53 31.0614 32.0364 40
54 31.355 32.0364 40
55 28.5356 32.0364 40
56 31.4721 32.0364 40
57 32.4035 32.0364 40
58 31.0212 32.0364 40
59 31.4579 32.0364 40
60 32.1876 32.0364 40
61 31.6366 32.0364 40
62 32.1443 32.0364 40
63 31.7144 32.0364 40
64 32.5017 32.1497 40
65 33.3406 32.1497 40
66 33.2419 32.1497 40
67 32.7264 32.1497 40
68 32.6341 32.1497 40
69 32.3614 32.1497 40
70 32.2814 32.1497 40
71 32.7095 32.1497 40
72 32.8005 32.1497 40
73 33.7589 32.1497 40
74 32.1393 32.1497 40
75 32.5475 32.1497 40
76 32.2707 32.1497 40
77 32.4691 32.1497 40
78 32.1248 32.1497 40
79 31.76 32.1497 40
80 32.9704 32.1497 40
81 32.516 32.1497 40
82 31.4741 32.1497 40
83 31.6498 32.1497 40
84 30.5775 32.1497 40
85 30.8056 32.1497 40
86 30.4517 32.1497 40
87 31.9959 32.1497 40
88 31.5257 32.1497 40
89 31.0237 32.1497 40
90 31.8402 32.1497 40
91 30.4033 32.1497 40
92 32.5557 32.1497 40
93 33.0349 32.1497 40
94 32.1497 32.1497 40
95 32.1497 32.1497 40