0 25.8478 25.087 100
1 25.6983 25.087 100
2 24.8329 25.087 100
3 24.7929 25.087 100
4 26.3028 25.087 100
5 25.6987 25.087 100
6 25.4599 25.087 100
7 26.3622 25.087 100
8 25.5876 25.087 100
9 25.8891 25.087 100
10 25.6815 25.087 100
11 25.0632 25.087 100
12 27.5713 25.087 100
13 26.1975 25.087 100
14 22.7821 25.087 100
15 23.9473 25.087 100
16 25.115 25.087 100
17 25.087 25.087 100
18 23.9808 25.087 100
19 24.0348 25.087 100
20 24.4559 25.087 100
21 24.1726 25.087 100
22 23.8914 25.087 100
23 24.7114 25.087 100
24 24.6188 25.087 100
25 24.3104 25.087 100
26 23.9907 25.087 100
27 25.4203 25.087 100
28 26.224 25.087 100
29 25.1552 25.087 100
30 25.202 25.087 100
31 24.6988 25.087 100
32 28.0591 25.5116 50
33 25.6845 25.5116 50
34 25.6939 25.5116 50
35 27.9102 25.5116 50
36 29.4462 25.5116 50
37 23.8743 25.5116 50
38 23.7146 25.5116 50
39 23.9437 25.5116 50
40 25.318 25.5116 50
41 26.451 25.5116 50
42 25.469 25.5116 50
43 28.752 25.5116 50
44 27.5937 25.5116 50
45 24.5171 25.5116 50
46 25.9456 25.5116 50
47 24.4038 25.5116 50
48 28.02 25.5116 50
49 25.5516 25.5116 50
50 25.9214 25.5116 50
51 22.0548 25.5116 50
52 23.7017 25.5116 50
53 24.7135 25.5116 50
54 24.7664 25.5116 50
55 28.2857 25.5116 50
56 24.1092 25.5116 50
57 23.586 25.5116 50
58 23.9736 25.5116 50
59 27.9139 25.5116 50
60 23.5574 25.5116 50
61 23.2367 25.5116 50
62 24.6923 25.5116 50
63 25.5116 25.5116 50
64 26.3618 26.1952 50
65 24.1824 26.1952 50
66 26.4897 26.1952 50
67 25.6432 26.1952 50
68 24.183 26.1952 50
69 25.6001 26.1952 50
70 27.6378 26.1952 50
71 25.3369 26.1952 50
72 26.9881 26.1952 50
73 24.1274 26.1952 50
74 26.2366 26.1952 50
75 25.5088 26.1952 50
76 24.484 26.1952 50
77 24.6865 26.1952 50
78 25.1899 26.1952 50
79 25.079 26.1952 50
80 27.5486 26.1952 50
81 26.5611 26.1952 50
82 25.2034 26.1952 50
83 26.1432 26.1952 50
84 26.1471 26.1952 50
85 25.9407 26.1952 50
86 27.8183 26.1952 50
87 27.2158 26.1952 50
88 27.7925 26.1952 50
89 26.8061 26.1952 50
90 26.8623 26.1952 50
91 27.5461 26.1952 50
92 28.0583 26.1952 50
93 28.1758 26.1952 50
94 25.852 26.1952 50
95 26.8394 26.1952 50