0 28.9998 28.3652 110
1 28.8179 28.3652 110
2 28.4335 28.3652 110
3 29.9606 28.3652 110
4 29.2899 28.3652 110
5 29.1425 28.3652 110
6 29.4379 28.3652 110
7 28.6683 28.3652 110
8 28.538 28.3652 110
9 28.9904 28.3652 110
10 28.0542 28.3652 110
11 28.7216 28.3652 110
12 28.7151 28.3652 110
13 28.8914 28.3652 110
14 28.425 28.3652 110
15 27.8261 28.3652 110
16 26.0715 28.3652 110
17 29.6227 28.3652 110
18 28.5865 28.3652 110
19 28.3434 28.3652 110
20 28.7523 28.3652 110
21 27.3812 28.3652 110
22 27.6634 28.3652 110
23 28.6129 28.3652 110
24 25.7498 28.3652 110
25 29.0094 28.3652 110
26 27.5527 28.3652 110
27 29.302 28.3652 110
28 27.7398 28.3652 110
29 27.3792 28.3652 110
30 26.4187 28.3652 110
31 29.223 28.3652 110
32 27.6098 29.7041 60
33 30.115 29.7041 60
34 29.602 29.7041 60
35 30.5992 29.7041 60
36 29.7534 29.7041 60
37 30.9968 29.7041 60
38 31.9277 29.7041 60
39 31.1595 29.7041 60
40 30.4393 29.7041 60
41 29.3967 29.7041 60
42 29.1568 29.7041 60
43 29.7919 29.7041 60
44 29.7052 29.7041 60
45 30.7001 29.7041 60
46 29.121 29.7041 60
47 30.0542 29.7041 60
48 30.8407 29.7041 60
49 27.3283 29.7041 60
50 27.8833 29.7041 60
51 29.2227 29.7041 60
52 30.0664 29.7041 60
53 27.6905 29.7041 60
54 28.0756 29.7041 60
55 29.3456 29.7041 60
56 30.0306 29.7041 60
57 29.3699 29.7041 60
58 29.9952 29.7041 60
59 29.7558 29.7041 60
60 29.3665 29.7041 60
61 29.3708 29.7041 60
62 29.6782 29.7041 60
63 32.3819 29.7041 60
64 31.5664 30.2093 110
65 31.7282 30.2093 110
66 30.7467 30.2093 110
67 29.8458 30.2093 110
68 31.5386 30.2093 110
69 30.7531 30.2093 110
70 30.645 30.2093 110
71 30.3638 30.2093 110
72 30.1081 30.2093 110
73 30.5526 30.2093 110
74 31.1226 30.2093 110
75 31.3573 30.2093 110
76 31.4009 30.2093 110
77 31.0732 30.2093 110
78 29.4545 30.2093 110
79 30.1918 30.2093 110
80 30.5639 30.2093 110
81 31.132 30.2093 110
82 30.0336 30.2093 110
83 29.6876 30.2093 110
84 28.0019 30.2093 110
85 28.9528 30.2093 110
86 28.8807 30.2093 110
87 28.793 30.2093 110
88 28.9701 30.2093 110
89 29.4925 30.2093 110
90 30.6946 30.2093 110
91 29.818 30.2093 110
92 28.6101 30.2093 110
93 30.413 30.2093 110
94 31.348 30.2093 110
95 28.8583 30.2093 110