0 32.753 31.4977 50
1 32.7499 31.4977 50
2 32.0154 31.4977 50
3 33.1653 31.4977 50
4 33.2043 31.4977 50
5 31.4977 31.4977 50
6 31.4977 31.4977 50
7 31.5976 31.4977 50
8 32.7543 31.4977 50
9 32.7712 31.4977 50
10 31.9802 31.4977 50
11 32.246 31.4977 50
12 30.3889 31.4977 50
13 31.694 31.4977 50
14 32.197 31.4977 50
15 31.7598 31.4977 50
16 30.6585 31.4977 50
17 30.7099 31.4977 50
18 29.9038 31.4977 50
19 30.0425 31.4977 50
20 29.9531 31.4977 50
21 30.9689 31.4977 50
22 30.0308 31.4977 50
23 29.7965 31.4977 50
24 30.4745 31.4977 50
25 28.9526 31.4977 50
26 32.2094 31.4977 50
27 33.7444 31.4977 50
28 29.5655 31.4977 50
29 31.6113 31.4977 50
30 32.3527 31.4977 50
31 32.6785 31.4977 50
32 32.9959 32.2737 40
33 33.0921 32.2737 40
34 32.4386 32.2737 40
35 32.6516 32.2737 40
36 33.5873 32.2737 40
37 32.3135 32.2737 40
38 32.4989 32.2737 40
39 32.6423 32.2737 40
40 32.6776 32.2737 40
41 31.9854 32.2737 40
42 32.0461 32.2737 40
43 31.5864 32.2737 40
44 31.2672 32.2737 40
45 32.4476 32.2737 40
46 31.6648 32.2737 40
47 33.0784 32.2737 40
48 33.0336 32.2737 40
49 30.846 32.2737 40
50 30.6864 32.2737 40
51 31.4484 32.2737 40
52 30.2888 32.2737 40
53 31.0615 32.2737 40
54 31.3924 32.2737 40
55 31.3347 32.2737 40
56 31.7444 32.2737 40
57 33.096 32.2737 40
58 35.9319 32.2737 40
59 31.4412 32.2737 40
60 31.524 32.2737 40
61 36.1517 32.2737 40
62 31.1932 32.2737 40
63 32.6095 32.2737 40
64 31.0683 30.1415 110
65 31.2535 30.1415 110
66 28.7931 30.1415 110
67 30.4935 30.1415 110
68 31.0103 30.1415 110
69 30.9641 30.1415 110
70 30.9732 30.1415 110
71 30.5649 30.1415 110
72 30.609 30.1415 110
73 29.2628 30.1415 110
74 31.4983 30.1415 110
75 30.7893 30.1415 110
76 31.2155 30.1415 110
77 29.583 30.1415 110
78 30.4933 30.1415 110
79 30.5563 30.1415 110
80 30.8708 30.1415 110
81 30.1763 30.1415 110
82 29.8663 30.1415 110
83 29.3327 30.1415 110
84 29.6334 30.1415 110
85 29.4475 30.1415 110
86 28.502 30.1415 110
87 29.8249 30.1415 110
88 29.4396 30.1415 110
89 27.0036 30.1415 110
90 31.0729 30.1415 110
91 29.4838 30.1415 110
92 29.6724 30.1415 110
93 29.7639 30.1415 110
94 30.0724 30.1415 110
95 31.2383 30.1415 110