0 31.1714 30.428 100
1 30.911 30.428 100
2 28.1056 30.428 100
3 32.3089 30.428 100
4 31.0471 30.428 100
5 31.2041 30.428 100
6 28.4061 30.428 100
7 28.0995 30.428 100
8 32.2712 30.428 100
9 32.0514 30.428 100
10 32.4086 30.428 100
11 31.5819 30.428 100
12 33.5884 30.428 100
13 30.6872 30.428 100
14 30.1518 30.428 100
15 31.3357 30.428 100
16 28.4625 30.428 100
17 31.1591 30.428 100
18 30.8781 30.428 100
19 29.8989 30.428 100
20 30.5473 30.428 100
21 28.5699 30.428 100
22 29.4843 30.428 100
23 29.8182 30.428 100
24 30.5695 30.428 100
25 31.9678 30.428 100
26 29.4036 30.428 100
27 28.0381 30.428 100
28 28.5781 30.428 100
29 31.8954 30.428 100
30 29.6644 30.428 100
31 29.4308 30.428 100
32 31.877 30.5515 70
33 30.6025 30.5515 70
34 31.9638 30.5515 70
35 30.0025 30.5515 70
36 31.1911 30.5515 70
37 32.0705 30.5515 70
38 29.7366 30.5515 70
39 30.0916 30.5515 70
40 29.5658 30.5515 70
41 30.1027 30.5515 70
42 31.1999 30.5515 70
43 30.2417 30.5515 70
44 30.4454 30.5515 70
45 29.7597 30.5515 70
46 31.8988 30.5515 70
47 32.1473 30.5515 70
48 31.2898 30.5515 70
49 32.3593 30.5515 70
50 28.0317 30.5515 70
51 30.3091 30.5515 70
52 31.6556 30.5515 70
53 29.8982 30.5515 70
54 31.3112 30.5515 70
55 29.1447 30.5515 70
56 29.2414 30.5515 70
57 30.937 30.5515 70
58 30.2151 30.5515 70
59 30.045 30.5515 70
60 30.1041 30.5515 70
61 28.0712 30.5515 70
62 31.6242 30.5515 70
63 30.514 30.5515 70
64 31.102 29.7937 130
65 31.5028 29.7937 130
66 31.4478 29.7937 130
67 26.9901 29.7937 130
68 30.7301 29.7937 130
69 30.6541 29.7937 130
70 30.5991 29.7937 130
71 28.3557 29.7937 130
72 32.4692 29.7937 130
73 31.5205 29.7937 130
74 30.4261 29.7937 130
75 29.9463 29.7937 130
76 31.049 29.7937 130
77 29.2493 29.7937 130
78 29.4313 29.7937 130
79 29.871 29.7937 130
80 29.7901 29.7937 130
81 30.7628 29.7937 130
82 29.8712 29.7937 130
83 29.7425 29.7937 130
84 28.5168 29.7937 130
85 25.9386 29.7937 130
86 29.106 29.7937 130
87 25.5283 29.7937 130
88 31.6689 29.7937 130
89 29.4413 29.7937 130
90 26.7145 29.7937 130
91 29.9043 29.7937 130
92 29.1041 29.7937 130
93 32.5621 29.7937 130
94 28.517 29.7937 130
95 30.8855 29.7937 130