0 28.0251 26.8388 110
1 25.707 26.8388 110
2 28.2716 26.8388 110
3 27.9918 26.8388 110
4 29.1849 26.8388 110
5 25.7048 26.8388 110
6 28.8141 26.8388 110
7 27.4452 26.8388 110
8 26.8686 26.8388 110
9 29.0405 26.8388 110
10 23.6011 26.8388 110
11 26.7287 26.8388 110
12 26.606 26.8388 110
13 20.4692 26.8388 110
14 28.5887 26.8388 110
15 27.455 26.8388 110
16 28.6675 26.8388 110
17 28.6466 26.8388 110
18 27.0269 26.8388 110
19 27.6267 26.8388 110
20 25.308 26.8388 110
21 28.1044 26.8388 110
22 27.4647 26.8388 110
23 27.4681 26.8388 110
24 26.7292 26.8388 110
25 26.6511 26.8388 110
26 28.269 26.8388 110
27 26.0583 26.8388 110
28 25.5623 26.8388 110
29 23.5151 26.8388 110
30 27.056 26.8388 110
31 24.1871 26.8388 110
32 26.2196 26.2196 100
33 27.5951 26.2196 100
34 26.4278 26.2196 100
35 26.8107 26.2196 100
36 26.1333 26.2196 100
37 26.2196 26.2196 100
38 25.8372 26.2196 100
39 26.5491 26.2196 100
40 27.6939 26.2196 100
41 25.2292 26.2196 100
42 28.1728 26.2196 100
43 27.2491 26.2196 100
44 26.2196 26.2196 100
45 27.1874 26.2196 100
46 25.7097 26.2196 100
47 27.5897 26.2196 100
48 25.9083 26.2196 100
49 26.7795 26.2196 100
50 27.481 26.2196 100
51 24.9773 26.2196 100
52 26.7495 26.2196 100
53 25.3713 26.2196 100
54 22.1568 26.2196 100
55 27.908 26.2196 100
56 25.4784 26.2196 100
57 26.8328 26.2196 100
58 27.2417 26.2196 100
59 26.7728 26.2196 100
60 27.0664 26.2196 100
61 25.075 26.2196 100
62 21.745 26.2196 100
63 24.6388 26.2196 100
64 28.3827 26.8454 100
65 28.7849 26.8454 100
66 23.3819 26.8454 100
67 26.0995 26.8454 100
68 27.153 26.8454 100
69 26.8454 26.8454 100
70 26.5383 26.8454 100
71 27.8715 26.8454 100
72 27.324 26.8454 100
73 26.8454 26.8454 100
74 24.1112 26.8454 100
75 28.9024 26.8454 100
76 27.1469 26.8454 100
77 27.7533 26.8454 100
78 28.1454 26.8454 100
79 27.8396 26.8454 100
80 26.8454 26.8454 100
81 26.8454 26.8454 100
82 29.0311 26.8454 100
83 27.9273 26.8454 100
84 21.7293 26.8454 100
85 29.6082 26.8454 100
86 25.7069 26.8454 100
87 28.2093 26.8454 100
88 26.8025 26.8454 100
89 27.6039 26.8454 100
90 27.6486 26.8454 100
91 27.2031 26.8454 100
92 25.8976 26.8454 100
93 28.9661 26.8454 100
94 23.2569 26.8454 100
95 22.6459 26.8454 100