0 27.6192 -6.72964 0.622118 -0.0211336 0.000270243
1 22.144 -5.27466 0.524516 -0.0185919 0.000246606
2 20.4491 -5.23144 0.539208 -0.0195421 0.000263641
3 23.3702 -5.95876 0.585794 -0.0207022 0.000271195
4 25.1541 -5.84977 0.561763 -0.0196329 0.000257665
5 19.6118 -4.9177 0.49653 -0.0176302 0.0002364
6 20.391 -5.20035 0.528012 -0.0189472 0.000254912
7 23.9545 -5.49398 0.537825 -0.0190006 0.000249865
8 30.7482 -7.66117 0.714152 -0.024639 0.00031391
9 22.9155 -5.85307 0.578549 -0.0203851 0.000265207
10 26.7046 -6.72256 0.637982 -0.0220165 0.00028171
11 28.1134 -5.98113 0.560951 -0.0194782 0.000253618
12 27.003 -6.40458 0.616792 -0.0217231 0.000285498
13 22.2255 -5.6687 0.560212 -0.0197184 0.000256962
14 20.9167 -5.25616 0.523957 -0.0185041 0.000243481
15 25.3951 -6.42428 0.617889 -0.0215493 0.000277861
16 29.143 -7.20886 0.679632 -0.0235606 0.000301413
17 33.7468 -7.01447 0.632292 -0.0214726 0.000272397
18 29.8229 -7.48164 0.698111 -0.0240084 0.000304623
19 24.3182 -5.5891 0.547221 -0.0194108 0.000256881
20 30.4002 -7.52579 0.699972 -0.0240605 0.000304605
21 27.2607 -5.98031 0.565554 -0.0195963 0.000253818
22 30.4178 -7.59038 0.699801 -0.0238578 0.000300406
23 20.2771 -4.98683 0.503194 -0.0179395 0.000238252
24 20.8294 -5.04504 0.499208 -0.0175413 0.000233418
25 27.6992 -5.93298 0.556169 -0.0191904 0.000249866
26 20.335 -5.12019 0.518569 -0.0185443 0.000248165
27 25.1232 -6.36648 0.61547 -0.0215691 0.000279569
28 30.4202 -7.42601 0.686605 -0.0235678 0.000301599
29 26.2185 -5.82029 0.556736 -0.0194179 0.000253303
30 19.8731 -4.9742 0.501932 -0.0178303 0.000235523
31 26.9582 -6.7719 0.642857 -0.0223629 0.000286952
32 49.048 -9.29995 0.8133 -0.0280459 0.000365915
33 53.0398 -9.60369 0.804126 -0.0267001 0.000336049
34 47.3537 -8.99514 0.782862 -0.0266585 0.000342872
35 60.3227 -10.789 0.885876 -0.0292309 0.0003644
36 54.2742 -9.89709 0.824434 -0.0273582 0.000342381
37 59.4074 -10.6774 0.877334 -0.0287887 0.000355943
38 50.1325 -9.01756 0.749884 -0.0245174 0.000306361
39 58.1497 -10.1843 0.824077 -0.0267887 0.0003306
40 53.4834 -9.75647 0.808122 -0.0266232 0.000332355
41 55.0318 -9.77963 0.800389 -0.0260101 0.000320041
42 57.3192 -10.329 0.851328 -0.027988 0.000346611
43 50.857 -9.28051 0.780468 -0.0259363 0.000325754
44 48.0013 -8.83312 0.740856 -0.0243313 0.000303011
45 51.3752 -9.51912 0.804342 -0.0267997 0.000337765
46 69.6886 -12.1638 0.964242 -0.0309702 0.00037533
47 49.0582 -8.84047 0.734757 -0.0240347 0.00029825
48 64.7445 -11.6469 0.951138 -0.0314427 0.000394452
49 51.5689 -9.65433 0.823205 -0.0277911 0.000354778
50 50.4623 -9.08104 0.752436 -0.0244795 0.000304892
51 50.9375 -8.90796 0.728662 -0.0236679 0.00029523
52 51.3773 -9.72272 0.831701 -0.0281729 0.000360711
53 56.9163 -10.2859 0.852221 -0.0281205 0.000349787
54 42.6321 -7.90504 0.675839 -0.022398 0.000282582
55 48.2168 -9.08913 0.780726 -0.0263203 0.000333733
56 60.0478 -10.4513 0.831308 -0.0266532 0.000327665
57 58.3247 -10.4245 0.85652 -0.0282248 0.000352238
58 43.5001 -8.41342 0.742249 -0.0254066 0.000328267
59 56.694 -10.2357 0.842954 -0.0277379 0.000344294
60 43.7868 -8.22026 0.706393 -0.0236264 0.000298976
61 41.1195 -8.14681 0.721949 -0.0246331 0.000315542
62 57.9976 -10.5611 0.87749 -0.0290891 0.000362593
63 47.7828 -8.43411 0.702438 -0.0231473 0.000291532
64 20.9347 -5.4883 0.562156 -0.0204764 0.000278399
65 19.2889 -5.0118 0.513667 -0.0185117 0.000250322
66 20.0049 -4.88097 0.494208 -0.0175287 0.000233569
67 32.621 -6.68302 0.604933 -0.0207067 0.000268684
68 31.4747 -6.80348 0.625953 -0.0215342 0.000279091
69 23.1398 -5.40927 0.529163 -0.0186489 0.000245452
70 19.8772 -4.9932 0.496334 -0.0174016 0.000231284
71 22.8721 -5.26697 0.510037 -0.0177097 0.000233385
72 24.7678 -5.8242 0.563582 -0.0197846 0.000259579
73 24.8114 -5.85354 0.569346 -0.0201052 0.000265498
74 27.4336 -6.20177 0.589015 -0.0205204 0.000266572
75 29.0832 -6.55078 0.618041 -0.0217001 0.000285671
76 33.5258 -6.88875 0.619536 -0.0210125 0.000267624
77 30.3235 -6.60504 0.610414 -0.0210645 0.000270733
78 32.2251 -6.79317 0.616838 -0.0210121 0.000267434
79 25.5177 -5.68209 0.53797 -0.0185938 0.000242353
80 34.341 -8.56657 0.778686 -0.0265786 0.000335048
81 28.3907 -6.23337 0.58191 -0.0200662 0.000258681
82 27.6022 -6.27927 0.591321 -0.0204863 0.000264893
83 20.4881 -5.09475 0.509563 -0.018048 0.00023874
84 28.2543 -6.93945 0.643971 -0.0220327 0.000280327
85 25.5536 -5.7457 0.550656 -0.0191974 0.000250221
86 20.6744 -5.13482 0.51317 -0.0181593 0.000239736
87 28.0974 -5.97016 0.553062 -0.0189547 0.000244852
88 21.5008 -5.31948 0.52468 -0.0184915 0.000244131
89 20.7357 -5.05748 0.507276 -0.0180312 0.000239352
90 23.1571 -5.472 0.529944 -0.0184635 0.000240068
91 21.3448 -5.17814 0.510225 -0.0179486 0.000236814
92 24.1129 -5.54695 0.532462 -0.0185639 0.000242161
93 25.7347 -5.58661 0.533594 -0.018609 0.000245239
94 22.5262 -5.13256 0.501438 -0.0176245 0.000235618
95 26.5835 -5.85267 0.551818 -0.0191807 0.000250387
