0 43.7692 -8.50937 0.756495 -0.0261333 0.000337807
1 39.3796 -7.74616 0.697236 -0.0242679 0.000317116
2 30.6948 -6.37705 0.596813 -0.0207562 0.000269647
3 41.4673 -7.87986 0.689042 -0.0233039 0.000295406
4 47.6757 -9.02301 0.782157 -0.0266731 0.000341076
5 43.5821 -8.19676 0.707437 -0.0238539 0.000302181
6 39.6289 -7.71919 0.684722 -0.0233427 0.000298069
7 38.1344 -7.16177 0.620924 -0.0206493 0.000258589
8 39.0793 -7.8176 0.707383 -0.0246595 0.000321583
9 40.4626 -7.97972 0.708086 -0.0242641 0.000309902
10 32.0383 -6.99032 0.657989 -0.0231578 0.000302802
11 39.7233 -7.68071 0.676427 -0.0229362 0.000291235
12 40.7691 -7.9266 0.700924 -0.0239305 0.000305694
13 52.1967 -9.37676 0.776826 -0.0255327 0.00031451
14 37.2024 -7.10475 0.626028 -0.0211517 0.00026828
15 42.0878 -7.99806 0.693681 -0.0233398 0.000294289
16 50.0692 -8.902 0.741212 -0.0245596 0.000306958
17 48.4408 -9.0355 0.77383 -0.0260687 0.000329199
18 40.7587 -7.79523 0.68624 -0.0232702 0.000296401
19 51.262 -9.27433 0.783693 -0.0263246 0.000331678
20 42.6644 -8.23087 0.723238 -0.0247303 0.000316605
21 59.144 -10.637 0.870678 -0.0285894 0.00035106
22 44.3289 -8.37147 0.728671 -0.0247766 0.000315602
23 47.0672 -8.61086 0.731681 -0.0244297 0.000305733
24 39.7947 -7.85722 0.697193 -0.0237186 0.000301113
25 44.0889 -8.04618 0.685577 -0.0227194 0.000282508
26 31.6836 -6.40167 0.590586 -0.0203391 0.000261666
27 36.932 -7.21441 0.64397 -0.0219399 0.000279261
28 41.3863 -8.0186 0.702532 -0.0237971 0.000301645
29 38.4802 -7.77501 0.702684 -0.0243658 0.000315082
30 35.6034 -7.1009 0.640403 -0.0218893 0.000279068
31 55.4266 -10.0428 0.837999 -0.0279933 0.00034964
32 21.5953 -5.82487 0.593385 -0.0213316 0.000284207
33 19.2479 -4.88113 0.518359 -0.0189897 0.000258003
34 21.6357 -4.84468 0.486716 -0.017191 0.000228141
35 25.6221 -6.77491 0.653661 -0.0227144 0.000292117
36 15.8517 -4.07539 0.435433 -0.015469 0.000207731
37 15.7977 -3.95697 0.43013 -0.0155001 0.000210242
38 19.3215 -4.75517 0.501865 -0.0182106 0.000246765
39 17.2052 -4.35864 0.466461 -0.0168937 0.000228535
40 29.4054 -7.82572 0.745226 -0.0259839 0.000334435
41 20.0896 -4.91653 0.518874 -0.019039 0.000260418
42 18.0073 -5.30518 0.53759 -0.018868 0.000246267
43 17.1867 -4.40673 0.473292 -0.017257 0.000235063
44 17.8673 -5.22691 0.542185 -0.0194516 0.000259475
45 19.0668 -5.01386 0.512751 -0.0181287 0.00023904
46 17.6304 -4.56557 0.476181 -0.0168306 0.000222827
47 17.0992 -4.13145 0.440906 -0.0158869 0.000213808
48 17.2196 -4.468 0.468583 -0.0167285 0.000223802
49 24.0248 -5.21262 0.517721 -0.0184087 0.000245041
50 24.7209 -5.34743 0.532261 -0.0190299 0.000254104
51 17.5609 -4.55713 0.481371 -0.0173148 0.000231603
52 18.3587 -4.2213 0.442687 -0.0158837 0.00021348
53 21.112 -5.51471 0.558231 -0.0198517 0.000261443
54 23.9478 -5.25898 0.530285 -0.0190747 0.000256695
55 17.5711 -4.56934 0.493554 -0.0180675 0.000244428
56 17.6893 -4.59568 0.491987 -0.0179378 0.00024302
57 17.8107 -4.63849 0.488284 -0.0174451 0.000232297
58 17.1782 -4.52371 0.491091 -0.0180806 0.000245485
59 20.6748 -4.61185 0.47315 -0.0168602 0.000225021
60 21.4926 -4.72451 0.475146 -0.0168786 0.000225339
61 30.5844 -7.94757 0.750237 -0.026118 0.000334881
62 17.2716 -3.87919 0.412651 -0.0148593 0.000201837
63 16.0474 -3.953 0.426232 -0.0154104 0.000208287
64 52.134 -9.41379 0.779314 -0.0256484 0.000317002
65 53.0069 -9.80635 0.824373 -0.0276016 0.000348086
66 43.3732 -8.59395 0.756602 -0.0259033 0.00033235
67 46.4395 -8.52175 0.717923 -0.0236463 0.000293936
68 56.7304 -10.1566 0.83371 -0.027309 0.000335906
69 44.3069 -8.20929 0.699691 -0.0231761 0.000289153
70 57.0416 -10.5988 0.894126 -0.0301052 0.000379096
71 53.1822 -9.86737 0.839965 -0.0284545 0.000362216
72 46.2689 -8.67794 0.743785 -0.0250038 0.000316631
73 50.7636 -9.5099 0.813696 -0.0275431 0.000349769
74 61.7082 -11.1721 0.922168 -0.0306339 0.000381423
75 48.0881 -8.95419 0.766712 -0.0258719 0.000329006
76 55.0563 -10.2091 0.859874 -0.0288144 0.000361148
77 52.369 -9.86301 0.832762 -0.027869 0.000349151
78 46.5788 -8.68827 0.742753 -0.0249017 0.000313449
79 50.8372 -9.58808 0.819427 -0.0276408 0.000348832
80 52.8817 -9.4775 0.784404 -0.0258697 0.000321536
81 58.4826 -10.2547 0.828651 -0.0269165 0.00032965
82 47.7408 -8.82094 0.744176 -0.0246671 0.000307657
83 39.4591 -7.71821 0.68417 -0.0233027 0.000298221
84 38.0201 -7.35199 0.646989 -0.0218407 0.000276994
85 56.7497 -9.95917 0.812127 -0.0265094 0.000325521
86 45.7214 -8.6487 0.745274 -0.0250684 0.000315854
87 48.8792 -8.64558 0.715323 -0.0232992 0.000286587
88 37.5997 -7.24136 0.637393 -0.0213602 0.000269321
89 48.6518 -9.12587 0.786626 -0.0266535 0.00033817
90 42.9185 -8.2405 0.720973 -0.0243955 0.000308819
91 47.4794 -9.06772 0.787933 -0.0267868 0.000340992
92 41.8612 -7.90839 0.682595 -0.0226802 0.000283434
93 47.1922 -9.28737 0.817548 -0.0281536 0.000361158
94 50.4575 -9.35589 0.798766 -0.0270384 0.000344488
95 53.0467 -9.52371 0.800375 -0.0268529 0.000338813
