0 26.4158 -5.89689 0.576891 -0.0205235 0.000272034
1 26.2586 -5.95299 0.584003 -0.0207746 0.000275076
2 18.0956 -4.70658 0.491604 -0.0177101 0.000237474
3 18.9287 -4.87593 0.505538 -0.0182124 0.000243293
4 20.7096 -5.46708 0.555895 -0.0198581 0.00026132
5 33.2867 -6.73368 0.615182 -0.0210481 0.000269745
6 18.928 -4.74214 0.498172 -0.0181007 0.000244896
7 23.0659 -5.59071 0.561881 -0.0201504 0.000268585
8 21.2009 -5.1725 0.524874 -0.0187649 0.000249978
9 35.1421 -7.09124 0.644913 -0.0221484 0.000283723
10 29.1242 -6.39927 0.613873 -0.0217106 0.000285419
11 27.706 -5.83749 0.550801 -0.0190542 0.000246184
12 25.5554 -5.69283 0.549051 -0.0192056 0.000250878
13 21.0696 -5.01816 0.504345 -0.0178266 0.000235193
14 36.5119 -7.06778 0.625845 -0.0210357 0.000265828
15 18.3254 -4.48904 0.467827 -0.0168389 0.00022677
16 25.1687 -5.62882 0.545992 -0.0191602 0.000250581
17 29.315 -6.26822 0.59218 -0.0206607 0.000268874
18 35.7954 -7.31453 0.660416 -0.0226102 0.000288449
19 33.8219 -7.07835 0.66105 -0.0231987 0.000303363
20 21.6159 -5.2767 0.527231 -0.0186524 0.000245301
21 25.2912 -5.52131 0.539459 -0.0191208 0.000253217
22 36.0032 -7.31474 0.669695 -0.0232822 0.000301472
23 18.3372 -4.4934 0.469636 -0.0170344 0.000230964
24 32.0178 -6.75346 0.624474 -0.0215371 0.000277387
25 23.6739 -5.36856 0.528181 -0.0186179 0.000244068
26 30.7999 -6.88747 0.655392 -0.0230613 0.000300038
27 31.3065 -6.55863 0.611515 -0.0211752 0.000272604
28 29.9049 -6.40728 0.603096 -0.0209911 0.000272091
29 27.723 -5.94498 0.564807 -0.0196773 0.000255876
30 27.8702 -5.89541 0.556187 -0.0192601 0.000249254
31 26.2176 -5.81061 0.567195 -0.0201333 0.000265041
32 40.0174 -7.9629 0.705179 -0.0239758 0.000304918
33 46.4617 -8.85801 0.760554 -0.0255733 0.000321277
34 33.3563 -6.83878 0.621644 -0.0212058 0.000270321
35 37.2529 -7.1996 0.632166 -0.0211957 0.000266993
36 30.8607 -6.48288 0.602985 -0.0209492 0.000272651
37 33.2027 -6.75541 0.619905 -0.0214226 0.000277489
38 35.7983 -7.11119 0.637763 -0.0217128 0.000276792
39 37.8479 -7.55336 0.672144 -0.0228667 0.000290642
40 40.3755 -7.85254 0.68826 -0.0232889 0.000295628
41 41.2123 -7.94472 0.69334 -0.0233999 0.000296135
42 39.0818 -7.62179 0.67208 -0.0228029 0.000289783
43 39.5466 -7.7529 0.685675 -0.0233426 0.000297218
44 44.7256 -8.35349 0.712833 -0.0237054 0.000296349
45 36.439 -7.12559 0.631838 -0.0213726 0.00027109
46 43.1544 -8.30897 0.724909 -0.0246289 0.00031227
47 42.9858 -8.46727 0.743082 -0.0253629 0.000322816
48 44.2743 -8.42479 0.729461 -0.0246956 0.000313386
49 45.1784 -8.6475 0.747201 -0.0251988 0.000317825
50 39.5078 -7.73726 0.685517 -0.0233589 0.000297605
51 46.459 -8.55519 0.721526 -0.0238648 0.000295851
52 45.8986 -8.8457 0.766271 -0.0259908 0.000329313
53 37.7163 -7.23093 0.634262 -0.0213536 0.000270107
54 40.5221 -7.90041 0.692777 -0.0234774 0.000297462
55 36.3158 -7.10944 0.632398 -0.0214121 0.000271599
56 39.1425 -7.84717 0.695992 -0.0237125 0.000301497
57 34.4446 -6.96413 0.632295 -0.0216642 0.000277579
58 52.8522 -10.1652 0.871214 -0.0295757 0.000373184
59 42.9603 -8.7126 0.775774 -0.0267496 0.000341867
60 35.8737 -7.17776 0.645966 -0.0221897 0.000286165
61 43.5568 -8.21039 0.710291 -0.0239785 0.000302778
62 39.5654 -7.81816 0.693392 -0.0236071 0.00029928
63 44.405 -8.95171 0.792068 -0.0272145 0.000345355
64 31.4915 -6.65191 0.615532 -0.0211706 0.000272236
65 25.1791 -5.69471 0.549428 -0.0191684 0.000250248
66 45.6076 -8.74124 0.754523 -0.0253417 0.000318355
67 41.9432 -8.42058 0.7522 -0.0261012 0.000337445
68 33.0112 -6.64165 0.601258 -0.0203283 0.000258938
69 34.7022 -6.94184 0.622549 -0.0210711 0.000268455
70 27.2951 -5.96679 0.566762 -0.0196549 0.00025456
71 40.8011 -8.5655 0.78512 -0.0275724 0.000357958
72 44.8579 -8.61582 0.74327 -0.0249355 0.000312128
73 28.9021 -6.38033 0.607001 -0.0213572 0.000280545
74 43.3257 -8.4302 0.737532 -0.024982 0.000315605
75 42.978 -8.70079 0.773413 -0.0266176 0.000339599
76 33.8287 -6.86577 0.624561 -0.0213841 0.000273506
77 26.197 -5.91002 0.568175 -0.0199187 0.000260111
78 40.7504 -7.97701 0.70351 -0.0239696 0.000304561
79 38.6044 -7.40192 0.641928 -0.0211672 0.000261591
80 38.6549 -7.70137 0.684087 -0.0232253 0.00029502
81 40.1807 -7.90762 0.698018 -0.0237114 0.000300841
82 41.4743 -8.1261 0.71248 -0.024113 0.000304168
83 39.5027 -7.7484 0.684331 -0.0231958 0.000293614
84 38.4362 -7.6425 0.679492 -0.0231052 0.000293526
85 26.4326 -5.6024 0.534069 -0.0184928 0.000240029
86 39.5808 -7.47038 0.649285 -0.0216002 0.000270016
87 24.3663 -5.22105 0.498183 -0.0170828 0.000219545
88 35.1936 -7.05386 0.636056 -0.021712 0.000277719
89 35.258 -7.26094 0.669167 -0.0233368 0.000303147
90 36.694 -7.30814 0.655597 -0.022378 0.000286186
91 41.2176 -8.14966 0.726018 -0.0249629 0.000319275
92 41.0166 -7.82307 0.686038 -0.0233296 0.000297451
93 34.2688 -6.84782 0.620619 -0.0212261 0.000271333
94 42.0828 -7.9318 0.686582 -0.0230333 0.000289051
95 39.7393 -8.23214 0.749248 -0.0262955 0.000342018
