0 41.9557 -7.92168 0.693821 -0.0234825 0.000300793
1 44.2803 -8.49127 0.740819 -0.0251114 0.000318842
2 49.9992 -9.08255 0.761661 -0.0252105 0.000313711
3 47.4898 -9.16033 0.802806 -0.0275772 0.000354859
4 38.799 -7.88025 0.713484 -0.0247574 0.000321889
5 45.8587 -8.7793 0.763472 -0.025941 0.000330961
6 36.3577 -7.59544 0.702619 -0.0245765 0.000320628
7 37.7223 -7.45982 0.664526 -0.0226528 0.000289704
8 45.0138 -8.54841 0.740157 -0.0249689 0.000315737
9 36.4996 -7.0866 0.629035 -0.0212046 0.000270042
10 41.3268 -8.25378 0.742288 -0.025779 0.000334723
11 41.8685 -7.94827 0.696106 -0.0235597 0.000298697
12 41.8471 -7.97779 0.692624 -0.0232987 0.000294077
13 41.1653 -8.03267 0.711113 -0.0243716 0.000313062
14 50.9827 -9.50088 0.808265 -0.0272358 0.0003449
15 37.3388 -7.27177 0.651372 -0.0221997 0.000283839
16 42.8258 -8.25209 0.726029 -0.0247471 0.000316412
17 43.7978 -8.32539 0.727022 -0.0247288 0.000315113
18 53.3372 -9.67313 0.8107 -0.0270675 0.000338754
19 35.9602 -6.96783 0.62162 -0.0210688 0.000268599
20 40.0527 -7.71029 0.677043 -0.0228615 0.00028925
21 41.9238 -8.26746 0.738746 -0.0255093 0.000329793
22 46.1539 -8.69539 0.755921 -0.0257945 0.000330111
23 40.0873 -7.73032 0.683216 -0.0232049 0.000295521
24 36.2273 -7.37478 0.675483 -0.0234837 0.000305856
25 41.4863 -7.89736 0.690706 -0.0233675 0.00029672
26 42.5216 -8.3805 0.749937 -0.0259797 0.000337529
27 43.4983 -8.19359 0.706404 -0.0236302 0.000296239
28 32.1312 -6.71106 0.628088 -0.022024 0.000289999
29 39.9544 -7.45126 0.651361 -0.0219896 0.000280398
30 41.7821 -8.12959 0.727515 -0.0251918 0.00032714
31 42.4544 -8.45378 0.758865 -0.0263613 0.000341301
32 53.8528 -9.70561 0.8122 -0.0272094 0.000343124
33 46.4848 -8.44171 0.715435 -0.0239975 0.000304437
34 41.3653 -7.84646 0.693212 -0.0239084 0.000310208
35 53.8483 -9.8472 0.828801 -0.0279311 0.00035278
36 40.8822 -7.92764 0.706473 -0.024477 0.000317752
37 51.5325 -9.39185 0.797388 -0.0271561 0.000349353
38 59.4391 -10.1066 0.802293 -0.0256085 0.000308472
39 55.0339 -9.8546 0.820671 -0.0274318 0.000343737
40 53.6033 -9.37645 0.764549 -0.0248766 0.000306312
41 45.4368 -8.18024 0.693118 -0.023185 0.00029318
42 45.8719 -8.43132 0.720084 -0.0242409 0.000307529
43 47.6607 -8.63876 0.732803 -0.0246522 0.000312149
44 55.2956 -9.88096 0.820935 -0.0273499 0.000342755
45 51.5184 -9.16167 0.753562 -0.0247003 0.00030629
46 53.9025 -10.0504 0.856882 -0.0292629 0.000373839
47 46.462 -8.55045 0.735528 -0.0250171 0.000320195
48 50.793 -9.05136 0.754162 -0.0250794 0.000314717
49 62.4898 -10.9423 0.887847 -0.02935 0.000365142
50 44.1769 -8.26663 0.717245 -0.0244353 0.000312524
51 56.7337 -10.0484 0.82449 -0.0273373 0.000341006
52 55.995 -9.9109 0.815459 -0.0269744 0.000336393
53 50.7943 -9.03 0.750611 -0.0249997 0.000313509
54 64.3475 -11.1091 0.897491 -0.0297367 0.000373954
55 52.1285 -9.51823 0.81001 -0.0275889 0.000352168
56 58.486 -10.4462 0.858958 -0.0285485 0.000356385
57 48.3241 -8.85225 0.756267 -0.0256571 0.000327236
58 41.5239 -7.8199 0.688159 -0.0235605 0.000302389
59 45.411 -8.79904 0.771666 -0.0265567 0.000341213
60 44.6049 -8.19655 0.699726 -0.0234997 0.000297481
61 44.5264 -8.17623 0.696348 -0.0233611 0.000295078
62 48.1307 -8.44205 0.701176 -0.0230673 0.000287852
63 55.4536 -10.3242 0.873547 -0.0296323 0.000374747
64 20.9902 -5.4283 0.555512 -0.019919 0.000265247
65 26.6298 -5.74181 0.547777 -0.0191081 0.000252329
66 19.6579 -5.02168 0.519313 -0.0185791 0.000247623
67 19.6596 -5.03562 0.518689 -0.0185633 0.0002468
68 25.9365 -6.14285 0.609602 -0.0218422 0.000291484
69 19.6942 -5.05759 0.51803 -0.0184723 0.000245041
70 24.8819 -5.7143 0.5595 -0.0196632 0.00025797
71 22.4338 -6.01469 0.597805 -0.0210773 0.000275181
72 27.1226 -6.11332 0.588119 -0.0205383 0.000267381
73 20.0816 -4.94838 0.510335 -0.0182796 0.000244598
74 29.0219 -6.43387 0.618998 -0.0218526 0.000288772
75 22.919 -6.00745 0.590043 -0.0206083 0.00026646
76 19.5152 -4.89541 0.509054 -0.0182905 0.000244489
77 20.1802 -4.87259 0.493026 -0.0174018 0.000229133
78 20.4195 -5.01893 0.513361 -0.0182747 0.000241808
79 29.5858 -6.40967 0.60942 -0.021298 0.000276695
80 25.4669 -5.79005 0.567298 -0.0200053 0.000262836
81 29.4467 -6.25193 0.587425 -0.020279 0.000261645
82 28.9903 -6.28899 0.59596 -0.0207929 0.000271551
83 25.7642 -5.79508 0.564371 -0.0198144 0.000259901
84 29.2925 -6.20105 0.581089 -0.0200003 0.000257916
85 27.8778 -7.19912 0.682434 -0.0234828 0.000297825
86 23.1223 -5.21097 0.516927 -0.0182021 0.000240423
87 25.1098 -5.51744 0.537076 -0.0187298 0.000244563
88 22.8146 -5.40145 0.544445 -0.0194066 0.000258699
89 23.1544 -5.4519 0.553755 -0.0198987 0.000265623
90 26.7212 -5.98333 0.584351 -0.0205964 0.00026997
91 19.2053 -4.75273 0.494203 -0.0176953 0.000235332
92 18.521 -4.63138 0.484035 -0.0173652 0.000232242
93 27.0137 -5.96493 0.577864 -0.0202682 0.000264087
94 29.6088 -6.24487 0.587242 -0.0203785 0.000264027
95 17.9032 -4.70937 0.498555 -0.0180433 0.000242221
