0 22.9137 -6.53674 0.734023 -0.027581 0.00038837
1 31.1316 -7.67536 0.790508 -0.0285037 0.000384956
2 18.7613 -5.73137 0.62659 -0.02197 0.00028979
3 25.6628 -7.67054 0.847563 -0.0324243 0.000460925
4 27.3264 -7.05651 0.742215 -0.026742 0.000362748
5 19.8683 -5.50148 0.586128 -0.019939 0.000258453
6 27.312 -7.50625 0.739379 -0.0244111 0.000301048
7 31.52 -7.6884 0.784972 -0.0282203 0.000382168
8 25.2141 -6.80118 0.742286 -0.0276183 0.00038601
9 23.5774 -6.13429 0.659143 -0.0234435 0.000316003
10 25.728 -7.24704 0.740954 -0.0256047 0.000329793
11 21.1884 -6.03992 0.665528 -0.0241135 0.000330378
12 29.197 -8.30739 0.850825 -0.0302332 0.000398693
13 36.5467 -10.1454 0.998738 -0.0354038 0.000463859
14 24.1893 -6.08327 0.648811 -0.0232396 0.000317561
15 20.1167 -5.65088 0.607864 -0.0211631 0.000279525
16 16.9623 -4.71623 0.495283 -0.0156316 0.000190327
17 29.96 -8.45591 0.857279 -0.0302613 0.000398605
18 21.3095 -6.11559 0.680914 -0.0251698 0.000350513
19 18.2078 -5.04875 0.554544 -0.0192175 0.000254597
20 22.0341 -6.31584 0.709667 -0.0267082 0.000374356
21 22.7388 -6.2851 0.656505 -0.0226293 0.000292877
22 25.6311 -7.12531 0.720875 -0.024626 0.000316077
23 17.2838 -4.49067 0.493631 -0.0166375 0.000214869
24 26.3876 -7.58738 0.789208 -0.0279026 0.000366166
25 32.1337 -9.10907 0.926774 -0.0333333 0.000444877
26 26.4423 -7.55485 0.801855 -0.0292154 0.000397737
27 26.6952 -6.0432 0.614912 -0.0210865 0.000276526
28 9.86072 -3.96208 0.493657 -0.0179 0.000247279
29 19.3772 -4.6694 0.497859 -0.0163744 0.000204899
30 18.8407 -5.22885 0.581777 -0.0207564 0.000281874
31 29.6473 -8.17299 0.815973 -0.0283696 0.000369567
32 22.903 -6.58375 0.703333 -0.0248353 0.000328467
33 5.30027 -2.63891 0.345457 -0.0110083 0.000137807
34 29.86 -8.48197 0.861046 -0.0302303 0.000392578
35 2.13081 -2.24611 0.3111 -0.00978234 0.000123906
36 12.6522 -4.10553 0.466551 -0.0151338 0.000184532
37 28.0769 -8.36069 0.839954 -0.0293091 0.000381223
38 19.9217 -5.70336 0.637778 -0.023154 0.000315913
39 21.9605 -6.65478 0.687743 -0.0233999 0.000299744
40 21.8671 -6.94756 0.785002 -0.0299269 0.000426222
41 8.20548 -3.40686 0.420202 -0.0142061 0.000183514
42 24.3743 -7.45238 0.765249 -0.0264994 0.000342859
43 31.6002 -8.83354 0.87435 -0.0302351 0.000388999
44 20.7471 -6.64132 0.711598 -0.0252623 0.000335938
45 26.6808 -7.46317 0.757085 -0.026042 0.000333902
46 14.7843 -4.80932 0.501876 -0.0159099 0.000193443
47 29.1018 -8.12292 0.792104 -0.0266868 0.000334989
48 18.3294 -5.31192 0.583228 -0.0201534 0.000260207
49 23.351 -6.56111 0.678551 -0.0229744 0.000289819
50 30.7358 -8.77377 0.904706 -0.0328707 0.000442022
51 41.0163 -10.7253 0.981268 -0.0322431 0.000390445
52 35.7829 -9.8644 0.958042 -0.0331632 0.000425057
53 26.2604 -7.81235 0.799851 -0.0280681 0.000365792
54 26.9269 -7.67174 0.785968 -0.0274164 0.000356129
55 24.2184 -6.86756 0.706551 -0.0244001 0.000315028
56 21.6199 -6.5649 0.682339 -0.0234242 0.000300527
57 28.7149 -8.67186 0.890676 -0.0320799 0.000432632
58 8.71813 -3.44181 0.402989 -0.0128094 0.000157615
59 26.5137 -7.46227 0.765994 -0.0267522 0.000348287
60 23.6786 -6.80787 0.705629 -0.0242351 0.000309176
61 7.97141 -3.55151 0.430838 -0.0147604 0.000197364
62 20.4759 -5.67214 0.600395 -0.0204098 0.000261763
63 16.0353 -4.39658 0.506751 -0.0177055 0.000232489
64 33.3938 -7.43747 0.732637 -0.0253149 0.000329284
65 34.3743 -7.6516 0.758881 -0.0268485 0.000358434
66 45.0761 -9.14293 0.846069 -0.0288619 0.000374273
67 47.3887 -9.18691 0.815063 -0.0267588 0.000334779
68 43.9245 -8.84845 0.80511 -0.0267898 0.000336716
69 42.4959 -8.56638 0.775991 -0.025622 0.000321979
70 40.0193 -9.07023 0.898399 -0.0328209 0.000452929
71 53.08 -10.5289 0.943929 -0.0319995 0.000411705
72 30.8633 -7.241 0.73877 -0.0265548 0.000363593
73 47.6305 -9.44892 0.846851 -0.0281818 0.000355767
74 34.3775 -7.48855 0.730931 -0.025457 0.000339955
75 38.3236 -7.81704 0.721542 -0.0240717 0.000308608
76 47.0719 -9.76086 0.907531 -0.0315368 0.000412936
77 50.542 -9.93626 0.87265 -0.0286259 0.000351858
78 40.1309 -8.6621 0.836086 -0.0295772 0.000394683
79 33.4068 -7.09841 0.687524 -0.0234271 0.000307778
80 46.6808 -9.45811 0.868972 -0.0298362 0.000389457
81 48.454 -8.861 0.742309 -0.0225048 0.000257518
82 52.4792 -10.691 0.986865 -0.0349029 0.000465722
83 42.6165 -8.22856 0.741407 -0.024481 0.000311808
84 41.8031 -8.57021 0.791277 -0.0266987 0.000341883
85 31.4011 -6.48953 0.623093 -0.0205789 0.000260238
86 45.6015 -8.97763 0.836847 -0.0292235 0.000387251
87 35.9383 -6.88077 0.623415 -0.0197395 0.000240665
88 37.2587 -8.15404 0.798348 -0.0282288 0.000379599
89 42.2714 -8.53604 0.793212 -0.0268723 0.00034651
90 41.5493 -9.2208 0.901528 -0.0326078 0.000444406
91 40.98 -8.29815 0.759904 -0.0251714 0.00031681
92 37.5598 -8.37411 0.830794 -0.0300192 0.000408186
93 48.0063 -9.52603 0.857421 -0.0286018 0.000359554
94 51.6342 -10.8837 1.02938 -0.0370313 0.000502578
95 42.3824 -8.59466 0.806174 -0.0278911 0.000367597
