0 26.9217 -7.14731 0.69271 -0.0244773 0.000318272
1 32.4198 -8.49165 0.791773 -0.0274437 0.000350132
2 26.1738 -6.91352 0.670832 -0.0236033 0.000305614
3 35.0666 -9.05272 0.828409 -0.0284401 0.00035906
4 33.5843 -8.65223 0.806624 -0.0279484 0.000355753
5 23.2309 -6.15243 0.612282 -0.0218644 0.000288605
6 35.0214 -8.94321 0.816933 -0.0279096 0.00034882
7 29.5152 -7.66375 0.721692 -0.0250568 0.000319962
8 20.5544 -5.41976 0.553463 -0.0197778 0.000261021
9 23.1827 -6.03953 0.592796 -0.020695 0.000266018
10 29.5609 -7.78066 0.741385 -0.0259892 0.000334164
11 19.843 -5.16954 0.529114 -0.0188563 0.000248213
12 37.496 -9.41168 0.841532 -0.0283592 0.000351359
13 25.5108 -7.03218 0.682609 -0.0240994 0.000313879
14 17.4628 -4.38699 0.466098 -0.0168625 0.00022611
15 31.1185 -8.04807 0.744891 -0.0255378 0.000321891
16 36.5503 -9.2425 0.835273 -0.0283616 0.000354932
17 27.8292 -7.26898 0.69646 -0.0243809 0.000315159
18 31.057 -8.12213 0.756729 -0.0261984 0.000334363
19 33.957 -8.59439 0.775365 -0.0261103 0.000324432
20 24.5502 -6.44578 0.623995 -0.0216494 0.00027734
21 47.1423 -11.33 0.956916 -0.0311758 0.000375671
22 17.9059 -4.69683 0.489934 -0.0175415 0.000232213
23 23.1942 -6.04729 0.594177 -0.0208573 0.000270087
24 25.7511 -6.63435 0.636737 -0.0220786 0.000281682
25 18.9949 -4.58928 0.482388 -0.0175047 0.000235859
26 34.2132 -8.75754 0.784969 -0.0263134 0.000325846
27 41.5927 -10.1816 0.906348 -0.0307415 0.000381823
28 22.7568 -6.0225 0.605811 -0.0216076 0.000282366
29 27.771 -7.2857 0.681194 -0.0233231 0.000294101
30 23.2026 -6.11005 0.605464 -0.0214342 0.000279
31 23.24 -6.06921 0.59926 -0.0210939 0.000272501
32 19.2134 -4.92162 0.516461 -0.0187526 0.000253261
33 25.0437 -5.65878 0.555238 -0.0196814 0.000260668
34 19.664 -5.13146 0.517393 -0.0181087 0.000236585
35 19.3305 -4.68619 0.479713 -0.0169526 0.000225094
36 34.0604 -6.84777 0.620957 -0.0211963 0.000271616
37 26.7424 -7.05056 0.688889 -0.0244836 0.000321044
38 22.4952 -5.19183 0.523073 -0.0186038 0.000247414
39 21.1087 -5.01109 0.504441 -0.0178295 0.000234901
40 25.9263 -5.9854 0.588594 -0.0210455 0.000281375
41 25.4455 -5.74645 0.560893 -0.0197829 0.000259866
42 28.2756 -6.11856 0.585242 -0.0205567 0.000270716
43 30.2807 -6.54457 0.62679 -0.0223169 0.000296687
44 32.0038 -6.69675 0.624558 -0.0218121 0.000285129
45 25.0615 -6.55935 0.640379 -0.022578 0.000294369
46 18.1987 -4.59405 0.482889 -0.0174622 0.000234448
47 20.6601 -5.44211 0.554751 -0.0198636 0.000263453
48 24.3592 -5.62205 0.558476 -0.0199561 0.000265582
49 22.3915 -5.20256 0.522299 -0.0186489 0.000249136
50 24.9554 -5.49258 0.533577 -0.0186738 0.000244176
51 26.7557 -5.98036 0.58393 -0.0208088 0.00027622
52 27.3284 -6.063 0.58519 -0.020651 0.00027136
53 25.626 -5.61763 0.545215 -0.019169 0.000252552
54 33.1849 -7.01411 0.651984 -0.0227145 0.000294644
55 17.5859 -4.60883 0.4835 -0.0173354 0.000230831
56 25.0998 -5.72653 0.563737 -0.0200815 0.000266406
57 22.7198 -6.01362 0.597571 -0.0211193 0.000276303
58 19.5563 -5.18846 0.541771 -0.0196033 0.000261276
59 23.9839 -5.8222 0.58758 -0.0212197 0.000282663
60 28.532 -6.3861 0.612326 -0.0215468 0.000280392
61 17.7263 -4.49226 0.476733 -0.0173948 0.000236038
62 17.4846 -4.55097 0.484512 -0.0175807 0.000235628
63 23.5771 -5.7595 0.583592 -0.0211922 0.000283396
64 19.6124 -5.08066 0.518302 -0.0184784 0.000245322
65 34.868 -7.02805 0.63557 -0.0216885 0.000276867
66 37.4328 -7.49382 0.675692 -0.0232364 0.000297759
67 38.3524 -7.72903 0.695439 -0.0238638 0.000304691
68 25.3358 -5.73012 0.559603 -0.019837 0.000262086
69 23.534 -5.41475 0.532611 -0.0187332 0.000245293
70 24.2387 -5.6962 0.565205 -0.0201004 0.000265264
71 17.0967 -4.09164 0.428726 -0.0151905 0.000201707
72 31.168 -6.50122 0.603564 -0.0209262 0.000270576
73 17.3046 -3.42506 0.32655 -0.0104827 0.000133293
74 29.0037 -6.0521 0.568976 -0.019805 0.000258088
75 27.7395 -5.85264 0.550022 -0.0190045 0.000246237
76 27.1879 -5.77479 0.549799 -0.019143 0.000249143
77 34.8355 -7.29464 0.668038 -0.023123 0.000297466
78 18.3147 -4.52393 0.46365 -0.0163908 0.000215607
79 30.2648 -6.32578 0.589251 -0.0204093 0.000263063
80 28.1235 -5.88714 0.552402 -0.0190739 0.000246639
81 28.0274 -5.95326 0.559455 -0.019334 0.000249731
82 21.7419 -4.95329 0.489641 -0.0171523 0.00022478
83 24.6106 -5.22157 0.501169 -0.0174146 0.000226298
84 29.9242 -6.37485 0.593671 -0.020478 0.000262972
85 28.9115 -6.06697 0.575264 -0.0201013 0.000261722
86 35.6087 -6.98382 0.625815 -0.0212913 0.000270588
87 23.9236 -5.13025 0.499744 -0.0174518 0.000228236
88 29.2 -6.23275 0.58619 -0.0203533 0.000264462
89 33.1009 -6.40699 0.587304 -0.0204701 0.000271415
90 29.1341 -5.86469 0.54397 -0.0186209 0.000238721
91 24.8062 -5.36791 0.515044 -0.0176986 0.000226171
92 23.8878 -5.25153 0.512376 -0.0180322 0.000237106
93 23.2074 -5.28842 0.528341 -0.0187917 0.000248625
94 18.692 -4.53248 0.470136 -0.0168108 0.000222939
95 32.393 -6.53592 0.601277 -0.020759 0.000266526
