0 26.9382 -7.30601 0.728829 -0.0261061 0.000344857
1 30.7954 -8.23921 0.802386 -0.028599 0.000374199
2 22.3586 -6.11245 0.633416 -0.023086 0.000310549
3 40.6357 -10.7574 1.00817 -0.0356514 0.000461716
4 19.4046 -5.16275 0.5432 -0.0197208 0.0002665
5 18.7647 -4.76901 0.502445 -0.0180465 0.000242541
6 18.1356 -4.75909 0.513872 -0.018857 0.000257388
7 33.1666 -8.73549 0.813857 -0.028021 0.000355821
8 18.1253 -4.78024 0.510484 -0.0185089 0.000251162
9 16.116 -4.06016 0.424985 -0.0146862 0.000192764
10 24.0467 -5.50869 0.552771 -0.0196409 0.000261425
11 18.5958 -5.02179 0.543066 -0.0201717 0.00027736
12 23.6701 -6.35061 0.647258 -0.0233396 0.000310696
13 17.8211 -4.49654 0.474501 -0.0169499 0.000226595
14 22.9586 -6.14568 0.619976 -0.0220674 0.000290356
15 28.1342 -7.39486 0.713788 -0.0249672 0.000322376
16 31.1928 -8.26516 0.800407 -0.0283357 0.000369079
17 18.3307 -4.85237 0.514824 -0.0186565 0.000251647
18 29.9178 -7.95866 0.773892 -0.0274379 0.000356873
19 17.9377 -4.68305 0.489855 -0.0173292 0.000228122
20 33.2764 -8.62556 0.803069 -0.0275882 0.000349492
21 31.1666 -7.92847 0.735692 -0.0249549 0.000311567
22 26.6789 -7.02833 0.686038 -0.0240713 0.000310766
23 28.4647 -7.7035 0.750055 -0.0265044 0.00034398
24 47.6497 -11.937 1.06303 -0.036127 0.000450156
25 30.3803 -7.75495 0.71244 -0.0237993 0.000294628
26 19.6384 -5.03811 0.537936 -0.0197526 0.000269434
27 25.7296 -6.88652 0.688005 -0.0246596 0.000324765
28 7.64877 -1.39678 0.169077 -0.00567787 9.40201e-05
29 27.377 -7.1668 0.695018 -0.0242654 0.000312396
30 36.4503 -9.36508 0.860738 -0.0294925 0.000370273
31 21.2725 -5.60791 0.571984 -0.0203522 0.000267736
32 19.3552 -5.04981 0.525474 -0.0189188 0.000252325
33 25.9545 -6.741 0.640972 -0.0219913 0.000278214
34 18.5114 -4.78929 0.499798 -0.0178962 0.00023814
35 21.8799 -5.72405 0.572278 -0.0201864 0.000263379
36 20.2607 -4.7318 0.477891 -0.0167575 0.000220207
37 28.7609 -7.50363 0.718319 -0.0250417 0.000319286
38 27.6324 -5.71393 0.54381 -0.0188166 0.000244392
39 16.5399 -4.20762 0.447862 -0.0160885 0.000215599
40 18.4492 -4.40367 0.463232 -0.016749 0.000226611
41 18.3788 -4.91502 0.500387 -0.0176528 0.000232479
42 21.2051 -5.5837 0.568091 -0.0202864 0.000267028
43 19.5509 -5.06205 0.512281 -0.0179646 0.000233243
44 26.6235 -6.98493 0.671819 -0.0233683 0.000299628
45 23.651 -6.19283 0.608547 -0.021342 0.000276333
46 25.1582 -6.58935 0.641931 -0.022533 0.000291415
47 19.4906 -4.44613 0.457199 -0.0162791 0.00021644
48 20.5872 -5.39467 0.555467 -0.0200228 0.000265984
49 20.9141 -4.78647 0.488488 -0.0173744 0.000231267
50 31.1407 -7.9822 0.740143 -0.0252564 0.000316069
51 18.1929 -4.72316 0.492839 -0.0176466 0.000233964
52 17.4479 -4.16843 0.435626 -0.0154347 0.00020402
53 27.538 -7.10923 0.668407 -0.0227912 0.000286897
54 22.6613 -5.99649 0.602556 -0.021489 0.000281774
55 30.873 -8.01245 0.753716 -0.0261501 0.000333321
56 23.9826 -6.22148 0.609263 -0.021311 0.000275224
57 19.5345 -4.65628 0.482155 -0.0172809 0.000231444
58 16.7164 -4.221 0.452348 -0.0162776 0.000217726
59 28.8348 -7.41939 0.698297 -0.0239918 0.000302977
60 16.9286 -4.09284 0.432117 -0.0154253 0.000205957
61 21.1417 -4.68881 0.466531 -0.0161984 0.00021121
62 22.662 -5.92893 0.591302 -0.0209147 0.000272261
63 17.5152 -4.56905 0.482475 -0.0173919 0.000232041
64 28.1049 -6.12048 0.575054 -0.0199845 0.000260878
65 34.1542 -7.00511 0.631679 -0.0215428 0.000275507
66 36.2535 -7.28018 0.649302 -0.022113 0.000282895
67 30.2563 -6.2343 0.571583 -0.0195382 0.000251138
68 37.656 -7.58327 0.674559 -0.0229558 0.000292522
69 41.4755 -7.97096 0.686614 -0.0229575 0.000287044
70 28.0571 -6.0677 0.574438 -0.020033 0.000261092
71 39.7736 -7.74643 0.680647 -0.0231136 0.00029453
72 38.4667 -8.11953 0.73533 -0.0255061 0.000328366
73 28.9262 -6.14365 0.572404 -0.0197411 0.000254609
74 31.0011 -6.40719 0.585662 -0.0200836 0.000259729
75 36.5256 -7.13884 0.626796 -0.0210057 0.000265153
76 38.3182 -7.63816 0.681296 -0.0233522 0.000299593
77 29.8283 -6.32472 0.586565 -0.0202793 0.000262226
78 46.299 -8.74643 0.751139 -0.0253505 0.000320043
79 33.8711 -6.84757 0.619082 -0.0211839 0.000270994
80 42.2417 -8.37859 0.730425 -0.0246448 0.00030971
81 36.7737 -7.3249 0.649828 -0.0220139 0.000279821
82 47.934 -9.10974 0.776831 -0.0260798 0.000326836
83 40.4076 -7.97491 0.705341 -0.0241122 0.000308668
84 31.1398 -6.43868 0.589709 -0.0202078 0.000259835
85 27.8571 -5.74333 0.539511 -0.0186898 0.000244051
86 29.2023 -6.35189 0.60505 -0.0213443 0.000280685
87 47.3836 -8.8629 0.749815 -0.0249237 0.000310461
88 34.5964 -7.02448 0.637649 -0.0219138 0.000281664
89 33.5529 -7.20119 0.666599 -0.0231611 0.000298668
90 37.6843 -7.77264 0.703412 -0.0243414 0.000313769
91 36.9281 -7.58716 0.686747 -0.023653 0.000302799
92 30.512 -6.57504 0.614662 -0.021392 0.000277031
93 40.0594 -8.30612 0.750697 -0.0260564 0.000335071
94 31.986 -6.60637 0.611122 -0.0212288 0.000276002
95 38.7982 -8.1301 0.745655 -0.0263035 0.000343429
