0 -3.3817 -0.673283 0.215752 -0.00762475 0.000112869
1 19.0132 -5.62419 0.679813 -0.0263966 0.000385158
2 27.6992 -8.26069 0.889317 -0.0328768 0.000453749
3 20.9952 -6.10932 0.644202 -0.0215496 0.000271303
4 18.7561 -5.42163 0.622871 -0.0224264 0.00030619
5 27.5296 -8.16119 0.86288 -0.0308802 0.000409194
6 24.4066 -7.15716 0.771703 -0.0276336 0.000367272
7 18.7003 -5.20468 0.577609 -0.019982 0.000262311
8 23.9506 -6.90666 0.719539 -0.024465 0.000313874
9 20.3998 -4.8946 0.540875 -0.0184284 0.000244169
10 19.0066 -5.33816 0.593163 -0.0204924 0.000269421
11 22.8443 -6.55882 0.704436 -0.0247188 0.000324761
12 20.0561 -5.97521 0.703011 -0.0269774 0.000386588
13 20.9557 -5.14482 0.576544 -0.0205052 0.000279585
14 18.0794 -5.05923 0.57024 -0.0200071 0.000270274
15 16.8559 -4.69821 0.553917 -0.0202693 0.000284211
16 19.5238 -4.84373 0.567 -0.0209786 0.000298662
17 19.0723 -4.92105 0.565876 -0.0202478 0.000278406
18 27.515 -7.45972 0.703174 -0.0217713 0.000252342
19 23.6275 -6.88199 0.717143 -0.0245546 0.000318025
20 13.3504 -3.20619 0.385661 -0.01258 0.000165212
21 26.5155 -7.97511 0.850722 -0.030909 0.000416432
22 27.5292 -7.92275 0.834269 -0.0300002 0.000404835
23 16.031 -4.33294 0.506813 -0.0177978 0.000242275
24 26.3466 -7.38632 0.71416 -0.0227823 0.000274163
25 22.305 -6.57852 0.708409 -0.0248608 0.000327082
26 16.6223 -4.52315 0.518847 -0.0177783 0.00023469
27 15.5986 -4.23515 0.50312 -0.017822 0.000242681
28 20.3586 -5.98175 0.665479 -0.0238623 0.000319232
29 23.2724 -6.68302 0.72433 -0.0258113 0.000346745
30 13.7344 -3.55473 0.40802 -0.0127881 0.000155878
31 20.1682 -5.56625 0.595957 -0.0202182 0.000261977
32 66.2954 -16.4245 1.41913 -0.0462067 0.000553499
33 30.0539 -8.87018 0.846458 -0.0284658 0.000362519
34 3.07899 -3.03891 0.427999 -0.0159332 0.000229486
35 37.9368 -10.3056 0.950638 -0.0315352 0.000392726
36 8.48195 -4.10257 0.481784 -0.0163284 0.000213501
37 3.46971 -3.46563 0.476452 -0.0178374 0.000254666
38 21.4723 -6.80867 0.678893 -0.0223754 0.000282141
39 39.3778 -10.774 1.01964 -0.0348548 0.000443042
40 120.437 -27.2462 2.16691 -0.0681629 0.000783128
41 69.5975 -15.7998 1.26192 -0.0379356 0.000422292
42 86.5653 -20.8368 1.76441 -0.0585953 0.00071972
43 18.6166 -6.46858 0.69768 -0.024792 0.000333783
44 3.2004 -2.94236 0.407448 -0.014599 0.000200698
45 15.0343 -5.71902 0.631183 -0.0223108 0.000298119
46 27.9792 -8.19228 0.792957 -0.0263543 0.00033093
47 34.0827 -9.87333 0.942478 -0.0322387 0.000412619
48 47.8407 -13.1423 1.25606 -0.0446915 0.000587664
49 42.0434 -11.6982 1.10413 -0.0384239 0.000498355
50 26.2154 -7.61565 0.763141 -0.0258721 0.000327201
51 25.3327 -7.15578 0.711301 -0.0237638 0.00029835
52 24.3498 -7.5319 0.780105 -0.0273252 0.000357328
53 19.9766 -6.7146 0.703276 -0.0245811 0.000324187
54 28.9401 -8.15468 0.777686 -0.0255172 0.000314418
55 26.9465 -7.70628 0.744967 -0.0243556 0.000299047
56 31.4946 -9.04503 0.888093 -0.0307836 0.000397304
57 31.2493 -9.37178 0.918152 -0.0317965 0.000411982
58 28.6625 -8.7593 0.867887 -0.0299931 0.000388643
59 -19.3542 2.10419 0.000440013 -0.000560687 2.76498e-05
60 -6.75324 0.230289 0.0909967 -0.00192185 2.64283e-05
61 47.2897 -12.1387 1.08174 -0.0354023 0.000429936
62 42.0325 -11.0391 0.995596 -0.0325243 0.000397923
63 9.00031 -3.82604 0.428003 -0.013657 0.000171516
64 44.9954 -9.47372 0.890021 -0.0311653 0.000411895
65 39.0139 -7.86987 0.719394 -0.0235364 0.000291766
66 43.7725 -8.4816 0.756096 -0.0244481 0.000295115
67 39.0419 -7.75265 0.706161 -0.0231651 0.000289345
68 32.323 -7.33693 0.729491 -0.0256135 0.000336742
69 47.2611 -9.12677 0.799322 -0.0257791 0.000313296
70 43.5699 -8.88196 0.814095 -0.0275254 0.000352513
71 49.3904 -9.67621 0.86715 -0.0293504 0.000376902
72 45.883 -9.18255 0.83007 -0.0278934 0.000355064
73 46.0873 -9.58586 0.894577 -0.0311165 0.000407077
74 41.5252 -8.77183 0.835375 -0.0295188 0.000395343
75 35.9858 -7.6186 0.71613 -0.0242076 0.000312481
76 38.1712 -7.99736 0.756723 -0.0258837 0.000334288
77 36.0511 -7.41872 0.687012 -0.0227195 0.00028544
78 44.2682 -8.5808 0.762587 -0.0249888 0.000312946
79 42.2652 -8.07625 0.712659 -0.022907 0.000281156
80 46.1489 -9.17115 0.828601 -0.0277958 0.000352808
81 19.4857 -2.47143 0.157158 -0.000455206 -1.97936e-05
82 45.2913 -8.82448 0.791395 -0.0265216 0.000339739
83 48.9525 -9.0996 0.782225 -0.0251305 0.000308896
84 48.2958 -9.22139 0.759637 -0.0293194 -0.000467949
85 40.0917 -7.83733 0.724857 -0.0244729 0.000315627
86 45.2104 -8.74103 0.779013 -0.0258166 0.000327064
87 33.6602 -6.37315 0.5608 -0.0166982 0.000189527
88 42.801 -8.95427 0.84794 -0.0299493 0.000400747
89 34.7732 -6.92701 0.647199 -0.0211029 0.000261531
90 38.8888 -8.02738 0.745569 -0.0250323 0.000319168
91 38.0697 -7.25498 0.653419 -0.0209259 0.000255048
92 33.0055 -7.46847 0.758594 -0.0275913 0.000380013
93 40.5718 -8.5977 0.808111 -0.0276929 0.000356258
94 43.885 -8.48229 0.770009 -0.0257727 0.000328952
95 50.4369 -10.0601 0.911611 -0.0311643 0.000401891
