0 33.8743 -8.32831 0.741358 -0.0247239 0.000308774
1 31.7986 -7.92983 0.719418 -0.0242582 0.000305307
2 33.2921 -8.37023 0.762115 -0.025796 0.000323965
3 37.2832 -9.26297 0.809168 -0.02668 0.00032724
4 39.2342 -9.59697 0.824761 -0.0269645 0.000328911
5 33.2606 -8.34944 0.759096 -0.0256523 0.000321264
6 33.5978 -8.40413 0.765142 -0.0259052 0.000323753
7 42.6438 -10.2699 0.877762 -0.0286836 0.000347842
8 23.605 -5.76428 0.564852 -0.0198135 0.000262185
9 22.1954 -5.65351 0.562043 -0.0197981 0.000258777
10 39.6725 -9.82438 0.851441 -0.0280006 0.000343166
11 48.0287 -11.5373 0.988712 -0.0325807 0.000396184
12 33.8541 -8.44226 0.752917 -0.0250258 0.000309581
13 25.2705 -6.427 0.618291 -0.0213819 0.000274105
14 27.2426 -6.86757 0.64545 -0.0220553 0.000279384
15 48.9124 -11.4943 0.954746 -0.0307473 0.000367719
16 36.0213 -8.9056 0.792469 -0.0264397 0.000326472
17 31.8014 -7.92098 0.718628 -0.024181 0.000302053
18 36.5689 -8.99169 0.798023 -0.0266082 0.000329154
19 20.5134 -5.2426 0.530187 -0.0188043 0.000248166
20 32.0726 -8.02417 0.738488 -0.0252482 0.000319752
21 36.1401 -8.90956 0.79638 -0.0266992 0.00033107
22 36.0125 -8.9002 0.785328 -0.0260489 0.000320624
23 27.6796 -6.87061 0.640826 -0.0218226 0.00027514
24 34.4 -8.43373 0.743918 -0.0246279 0.00030511
25 40.3594 -9.74485 0.841675 -0.0275803 0.000334264
26 40.6663 -9.92828 0.861024 -0.0283865 0.000347355
27 20.0615 -4.94631 0.492132 -0.0172306 0.000225982
28 34.4813 -8.51022 0.75893 -0.0253563 0.000315511
29 38.7979 -9.47866 0.824339 -0.0271353 0.000331395
30 19.3861 -4.7548 0.483845 -0.0171429 0.000228505
31 46.137 -10.9157 0.917292 -0.0296925 0.000356226
32 27.2583 -6.62185 0.605704 -0.0204972 0.000264084
33 20.1899 -5.13197 0.519127 -0.0185719 0.000248617
34 27.6027 -7.04726 0.646858 -0.0219551 0.000280596
35 28.7967 -7.18281 0.664329 -0.0227207 0.000290074
36 31.051 -7.74716 0.706706 -0.024039 0.000304087
37 31.9762 -7.8859 0.709986 -0.0238998 0.0003009
38 28.8895 -7.24021 0.674389 -0.0231511 0.000295328
39 33.9895 -8.38955 0.752973 -0.0254202 0.000318076
40 32.9997 -8.20316 0.752407 -0.0258512 0.000328108
41 31.6932 -7.87699 0.716468 -0.0243316 0.00030649
42 22.8932 -5.68843 0.566628 -0.020308 0.000269425
43 29.6002 -7.4011 0.684092 -0.0234235 0.000296104
44 26.7794 -6.13571 0.582031 -0.0202442 0.000263758
45 28.1885 -7.09981 0.666828 -0.0230373 0.000294756
46 29.9386 -7.53537 0.699222 -0.0239772 0.000303404
47 30.5106 -7.6356 0.708166 -0.0244191 0.000311311
48 31.3825 -7.74198 0.713084 -0.0244616 0.000309165
49 26.8058 -6.78396 0.647976 -0.0225841 0.000290556
50 42.1711 -10.167 0.872895 -0.0288819 0.000354798
51 20.7711 -5.19304 0.520901 -0.0185886 0.000246222
52 28.7641 -7.14958 0.671467 -0.023238 0.000297406
53 22.3672 -5.47384 0.544371 -0.0194008 0.00025681
54 21.2012 -5.28084 0.526498 -0.0187192 0.000248038
55 32.0273 -7.9193 0.720303 -0.0245171 0.000310479
56 24.4394 -5.68832 0.542909 -0.0189545 0.000248788
57 34.2817 -8.41146 0.752039 -0.025322 0.000317355
58 37.3472 -9.16549 0.813382 -0.0273474 0.000338719
59 36.3991 -8.93734 0.795069 -0.0267659 0.000333055
60 31.5223 -7.64477 0.696437 -0.0237175 0.000300364
61 32.4823 -7.98325 0.724602 -0.0246227 0.00030877
62 21.8004 -5.26154 0.522441 -0.0185961 0.000247877
63 21.1441 -5.28434 0.52309 -0.0185986 0.000247461
64 31.2433 -6.73352 0.614306 -0.0210993 0.000273386
65 35.1191 -7.14596 0.631755 -0.021355 0.000273545
66 37.7184 -7.47127 0.651713 -0.0218929 0.000280156
67 31.3986 -6.80247 0.622094 -0.0213612 0.000274572
68 37.7602 -7.64934 0.673278 -0.0227209 0.000288318
69 44.2473 -8.58371 0.736964 -0.0247564 0.000311524
70 41.7409 -8.0448 0.682167 -0.0225075 0.000280276
71 33.7358 -6.80622 0.604177 -0.0204347 0.000261746
72 29.4666 -6.43375 0.592647 -0.0204303 0.000265073
73 36.7456 -7.47488 0.659649 -0.0222822 0.000281529
74 43.5021 -8.55922 0.735137 -0.0245713 0.000306523
75 37.1596 -7.53125 0.664307 -0.0224894 0.000285637
76 33.8567 -7.23366 0.658114 -0.0226899 0.000292236
77 36.9392 -7.75444 0.692794 -0.0236089 0.000298403
78 35.2781 -7.27583 0.64816 -0.0219646 0.000279186
79 44.033 -8.48436 0.720657 -0.0239317 0.000298411
80 37.6738 -7.68655 0.675543 -0.0228216 0.0002888
81 42.1985 -8.57357 0.743245 -0.0248773 0.000310287
82 36.2767 -7.47519 0.661287 -0.0223802 0.000283576
83 44.1604 -8.38924 0.708946 -0.0234458 0.000291265
84 40.4048 -7.8186 0.670415 -0.0223319 0.000280491
85 30.1628 -6.33809 0.578429 -0.0197313 0.000253127
86 42.3384 -8.02378 0.680809 -0.0225835 0.00028338
87 35.3211 -6.99196 0.615364 -0.0208361 0.000267003
88 36.3235 -7.3735 0.652389 -0.0220589 0.000279811
89 37.277 -7.26098 0.633392 -0.021259 0.000270961
90 35.2756 -7.21298 0.642266 -0.0217967 0.000277019
91 38.5045 -7.30524 0.626634 -0.0208793 0.000265113
92 37.7059 -7.4962 0.662056 -0.0224943 0.000286464
93 40.1461 -7.65019 0.66277 -0.0222928 0.000284148
94 35.4203 -6.95043 0.608841 -0.0205173 0.000262824
95 20.161 -4.80894 0.480497 -0.0171216 0.000229889
