0 45.7526 -9.18429 0.835878 -0.0299712 0.000404342
1 36.6516 -7.71181 0.710872 -0.0248446 0.000324342
2 41.5993 -8.32154 0.743734 -0.0255899 0.000330279
3 46.7511 -9.39511 0.836681 -0.0290972 0.000377697
4 35.0545 -7.41063 0.689287 -0.0242276 0.000318501
5 38.8262 -7.94558 0.724626 -0.0252975 0.000330204
6 59.7529 -11.0743 0.930488 -0.0313735 0.000395092
7 50.8133 -9.81103 0.854808 -0.0295112 0.000380607
8 43.9655 -8.4879 0.747854 -0.0256703 0.000330187
9 43.8662 -8.36724 0.729561 -0.0247079 0.000314379
10 47.8094 -9.11058 0.789138 -0.0268055 0.000341557
11 43.2599 -8.33328 0.737434 -0.0254105 0.000328657
12 41.5319 -7.93313 0.694549 -0.0235249 0.000299996
13 36.3023 -7.33123 0.668838 -0.0232068 0.000301629
14 50.3888 -9.67212 0.846616 -0.0293936 0.000380618
15 39.2862 -7.55892 0.671393 -0.0229877 0.000296378
16 37.9339 -7.38584 0.661196 -0.0227202 0.000294075
17 32.742 -6.94004 0.657135 -0.0233636 0.000310341
18 34.0413 -6.70438 0.606062 -0.0206296 0.000264647
19 56.4067 -10.2039 0.85964 -0.0290575 0.000368826
20 44.2459 -8.4604 0.744436 -0.0255599 0.00032985
21 44.2671 -8.28929 0.714317 -0.0238911 0.000299409
22 35.4129 -7.33176 0.685375 -0.0242833 0.000321354
23 42.3272 -7.97002 0.69061 -0.0231124 0.000290489
24 40.6573 -7.8215 0.688777 -0.0234017 0.000298889
25 39.3323 -7.85345 0.707095 -0.0244771 0.000317158
26 33.8253 -7.1359 0.668025 -0.023462 0.000306617
27 45.2327 -8.71475 0.761583 -0.0259649 0.000330908
28 39.1677 -7.80107 0.704724 -0.0244358 0.000316721
29 42.4723 -8.46579 0.759665 -0.0264358 0.000343112
30 36.8277 -7.17194 0.637067 -0.0214385 0.000270555
31 44.8008 -8.08843 0.684867 -0.022627 0.000282288
32 45.1403 -11.4092 1.02097 -0.0347027 0.000432323
33 36.8664 -9.33968 0.850856 -0.0288406 0.000359032
34 25.3938 -6.79404 0.661765 -0.0230006 0.00029512
35 19.8824 -5.3078 0.544871 -0.0193468 0.000255063
36 27.9191 -7.33985 0.709577 -0.0247749 0.000317672
37 38.6499 -9.83806 0.888833 -0.0301088 0.000375759
38 25.5742 -6.85127 0.674167 -0.0237485 0.000308329
39 19.7668 -5.27818 0.545654 -0.0194417 0.000256688
40 25.0092 -6.69624 0.665251 -0.0236818 0.000310994
41 24.9014 -6.55483 0.643857 -0.0225346 0.000290181
42 20.559 -5.40126 0.543845 -0.0189443 0.000245212
43 21.2808 -5.59805 0.557467 -0.0192939 0.000247927
44 18.8662 -4.6434 0.483639 -0.0171082 0.000226025
45 18.8338 -4.89198 0.513444 -0.018361 0.000243282
46 18.4652 -4.52651 0.474516 -0.0169016 0.000224456
47 24.5312 -6.52252 0.643142 -0.0225878 0.000292446
48 25.0191 -6.52692 0.639054 -0.0222802 0.00028652
49 25.5607 -6.8055 0.6696 -0.0234551 0.000302266
50 18.6711 -4.88368 0.509312 -0.0181054 0.000239708
51 31.2202 -8.12133 0.763436 -0.0263257 0.000333565
52 26.6502 -7.00479 0.663537 -0.0225828 0.000283478
53 28.0199 -6.07559 0.577696 -0.0199222 0.000256046
54 18.2757 -4.80005 0.503953 -0.0179996 0.000238764
55 30.745 -8.08703 0.755119 -0.0258686 0.000326265
56 25.6599 -6.58843 0.630896 -0.0216065 0.000273198
57 25.0551 -5.71818 0.562228 -0.0197266 0.000257791
58 18.4982 -4.90032 0.512761 -0.0182543 0.000240285
59 26.2813 -6.88205 0.67139 -0.023438 0.000300889
60 25.2334 -5.88234 0.582471 -0.0207119 0.00027349
61 18.0435 -4.65662 0.485619 -0.0171955 0.000226693
62 26.684 -7.05125 0.689663 -0.0242261 0.000313208
63 22.4591 -5.89206 0.588541 -0.020694 0.000268431
64 34.4255 -6.92149 0.629577 -0.0215801 0.00027837
65 33.5837 -6.97245 0.648198 -0.0225425 0.00029532
66 48.2151 -9.21597 0.810174 -0.0280288 0.000364127
67 28.5674 -6.13204 0.590208 -0.0209047 0.000279077
68 47.2975 -9.39585 0.840295 -0.029285 0.000380294
69 38.0047 -7.3506 0.648618 -0.0218495 0.000277166
70 41.5862 -8.13942 0.723051 -0.0248131 0.000319036
71 34.5371 -7.16924 0.671815 -0.0237717 0.00031463
72 36.8651 -7.7029 0.718815 -0.0254263 0.000337591
73 30.3071 -6.09834 0.562105 -0.0191048 0.00024762
74 40.0899 -8.03532 0.73679 -0.0259446 0.000342908
75 31.4943 -6.56125 0.619439 -0.0217835 0.000286822
76 36.9054 -7.15054 0.641111 -0.0218511 0.000280827
77 30.5421 -6.66608 0.637112 -0.0225848 0.000299292
78 29.9341 -6.26172 0.590375 -0.0206008 0.000269242
79 41.2163 -8.18294 0.742235 -0.0259892 0.000340574
80 44.0543 -8.74694 0.78496 -0.0273411 0.000355308
81 29.2413 -5.51971 0.501071 -0.0169967 0.000224806
82 29.504 -5.47099 0.510108 -0.0153209 0.000535589
83 49.6846 -9.40804 0.82129 -0.0282685 0.000364798
84 30.3809 -6.06331 0.559238 -0.0190985 0.00024649
85 28.2888 -6.21475 0.605558 -0.0216025 0.000288442
86 32.3853 -6.74218 0.634038 -0.0222236 0.000291027
87 32.2781 -6.44258 0.602947 -0.0211238 0.00027938
88 39.4281 -7.75576 0.700395 -0.0242184 0.000313959
89 43.0047 -8.15398 0.719284 -0.0245676 0.000315947
90 42.8996 -8.56473 0.769047 -0.0266338 0.000343584
91 31.9997 -6.60608 0.626803 -0.0222156 0.000294414
92 27.2326 -6.03629 0.593125 -0.0212877 0.000286516
93 35.715 -7.26981 0.673287 -0.0235986 0.000308487
94 32.488 -6.76916 0.640372 -0.0226568 0.000300803
95 32.2968 -6.69979 0.638516 -0.022798 0.000304785
