0 33.9367 -7.0099 0.646541 -0.0223715 0.000289025
1 23.4839 -5.45834 0.539351 -0.0189981 0.000250103
2 33.3993 -6.74238 0.61005 -0.020677 0.000262542
3 20.4882 -4.96068 0.50213 -0.0177996 0.000235459
4 21.6106 -5.52501 0.559208 -0.0200247 0.000265361
5 20.1943 -5.27631 0.533662 -0.0188819 0.000247166
6 27.0064 -6.06292 0.587056 -0.020693 0.00027025
7 22.8272 -5.28582 0.527254 -0.0186855 0.000247041
8 24.8651 -6.51991 0.62868 -0.0217271 0.000278096
9 30.8779 -6.59504 0.618047 -0.0215015 0.00027837
10 24.1752 -6.31821 0.619209 -0.0217368 0.000280595
11 25.9285 -5.57954 0.533288 -0.0184766 0.000239192
12 29.1175 -6.2739 0.5955 -0.0207583 0.000268722
13 26.3983 -5.82413 0.559525 -0.019494 0.00025287
14 19.2029 -4.71337 0.484684 -0.0172636 0.000228672
15 28.6978 -6.0099 0.564432 -0.0195253 0.000253563
16 19.0208 -4.63914 0.474535 -0.0167805 0.000220953
17 27.2043 -5.79754 0.55066 -0.0190702 0.00024622
18 21.1404 -5.06786 0.511219 -0.0181135 0.000239208
19 27.7365 -5.76555 0.5475 -0.018982 0.000245857
20 33.9803 -7.35214 0.67485 -0.023181 0.000294846
21 29.0011 -6.38228 0.604432 -0.0210475 0.000272563
22 28.7705 -6.2826 0.601373 -0.0211256 0.000275183
23 23.3163 -5.35204 0.530119 -0.0187555 0.000246801
24 23.8561 -6.20939 0.613335 -0.021671 0.000281982
25 30.2209 -6.51312 0.616906 -0.0215735 0.000280445
26 23.1198 -5.50765 0.557168 -0.0200188 0.000265989
27 26.5633 -6.00348 0.58108 -0.0204562 0.000267307
28 23.943 -6.34472 0.625528 -0.0221212 0.000288406
29 21.3267 -5.61421 0.568944 -0.0203429 0.000269285
30 20.1742 -5.15536 0.51397 -0.0179782 0.000232658
31 27.0987 -7.12615 0.683808 -0.0239494 0.000308421
32 50.5553 -9.6273 0.837123 -0.0285717 0.000365085
33 37.0936 -7.28082 0.646847 -0.021677 0.000273996
34 41.6785 -8.0172 0.699101 -0.023388 0.000294529
35 46.8208 -9.16231 0.810321 -0.0279819 0.000360481
36 46.1534 -8.58646 0.734241 -0.0243294 0.000303202
37 43.9883 -8.56164 0.758197 -0.0259738 0.000333851
38 45.4072 -9.01658 0.805123 -0.0279691 0.000363515
39 36.6742 -7.47303 0.682955 -0.0236957 0.000307319
40 37.7287 -7.66545 0.702055 -0.0244399 0.000318751
41 44.681 -8.83075 0.781018 -0.026761 0.000342497
42 41.5431 -8.09325 0.718333 -0.0244622 0.000312177
43 48.673 -8.64248 0.713447 -0.0230006 0.000281323
44 48.0472 -9.25913 0.80338 -0.0272815 0.000346493
45 43.4 -8.43791 0.746015 -0.0255091 0.000327631
46 47.7449 -8.9762 0.76956 -0.0258649 0.0003264
47 52.6523 -10.0729 0.869336 -0.0296297 0.000376522
48 35.2277 -7.22903 0.659031 -0.0226334 0.000291044
49 47.1878 -8.75745 0.749871 -0.0251851 0.000318187
50 44.0193 -7.98332 0.671894 -0.0217527 0.000266704
51 49.7118 -9.04645 0.764166 -0.0253632 0.000316768
52 37.4216 -7.6196 0.693875 -0.0240635 0.000311095
53 44.1138 -8.48166 0.740343 -0.0250678 0.000317761
54 45.9884 -8.77827 0.761233 -0.0257199 0.000325748
55 40.4997 -8.04769 0.728166 -0.0252935 0.000328226
56 52.0246 -10.1031 0.87341 -0.0297426 0.00037749
57 58.5358 -10.9409 0.923356 -0.0310444 0.000388976
58 44.8501 -8.40927 0.725585 -0.0242908 0.00030623
59 46.8969 -9.00636 0.779555 -0.0262613 0.00033129
60 44.1479 -8.2773 0.71454 -0.0239755 0.00030251
61 54.2003 -10.1464 0.86506 -0.0292338 0.000369103
62 45.654 -8.79168 0.77432 -0.026666 0.000345017
63 35.5425 -7.17752 0.656493 -0.0226467 0.000291829
64 57.5943 -10.3746 0.860543 -0.0287664 0.000361263
65 60.5771 -10.5435 0.847963 -0.0276304 0.000339296
66 54.2863 -9.74509 0.809848 -0.0269381 0.000335972
67 59.9399 -10.8172 0.896406 -0.029974 0.000375801
68 56.0686 -9.84818 0.803806 -0.0263372 0.000326354
69 56.3515 -10.1989 0.852704 -0.028661 0.000360582
70 55.9298 -10.1379 0.849303 -0.0285429 0.000358548
71 62.8613 -10.8965 0.878169 -0.0287881 0.000355194
72 51.4325 -9.34257 0.787812 -0.0264732 0.000334446
73 58.0665 -10.111 0.821019 -0.0269166 0.000332323
74 56.8859 -9.85963 0.794811 -0.0256833 0.000313622
75 60.1428 -10.5316 0.853923 -0.0280658 0.000346625
76 63.7258 -11.075 0.8933 -0.0293954 0.000363971
77 63.958 -10.8019 0.852678 -0.0275037 0.000334803
78 59.9595 -10.2348 0.818133 -0.0264305 0.000322404
79 59.5143 -10.3167 0.839084 -0.0276521 0.000343313
80 51.1656 -9.10263 0.762477 -0.0254935 0.000320631
81 58.5857 -10.3666 0.851758 -0.0282872 0.000353261
82 56.0796 -9.7953 0.80069 -0.026334 0.000325962
83 58.0506 -9.86652 0.794025 -0.0259335 0.000319803
84 63.4723 -10.7758 0.852841 -0.0275421 0.000335223
85 59.4153 -10.396 0.854622 -0.0284112 0.000355132
86 66.1188 -11.0423 0.871007 -0.0281251 0.000342603
87 58.9052 -10.2112 0.830385 -0.0273371 0.000338755
88 61.6204 -10.7326 0.873357 -0.0288461 0.000358418
89 49.9162 -8.94272 0.757846 -0.0255039 0.000321763
90 56.4547 -9.72199 0.791288 -0.0259243 0.000319738
91 59.5301 -10.4553 0.853355 -0.0281338 0.000348104
92 64.8975 -11.5433 0.951923 -0.032038 0.000404799
93 50.901 -8.91679 0.740269 -0.0245454 0.000307354
94 57.4814 -10.0752 0.831918 -0.0278308 0.000349904
95 62.8684 -10.7999 0.873112 -0.0288172 0.000357856
