0 31.6458 -9.60045 1.15672 -0.0511772 0.000837512
1 53.6845 -13.6353 1.48071 -0.0625677 0.000978493
2 68.6001 -16.586 1.7603 -0.0748881 0.00117597
3 45.8685 -12.0305 1.33334 -0.0567852 0.000898252
4 58.985 -13.75 1.41571 -0.0578335 0.000888439
5 66.559 -15.4047 1.56514 -0.0634728 0.000960359
6 49.3931 -12.3464 1.33561 -0.0560532 0.000880716
7 60.2256 -14.0993 1.46217 -0.0601578 0.000924156
8 49.2633 -11.6836 1.21829 -0.0489536 0.000742695
9 48.0646 -12.155 1.3154 -0.0552589 0.00087015
10 50.5537 -12.4903 1.35217 -0.0568199 0.000890917
11 64.0942 -14.7961 1.51153 -0.0615115 0.000935642
12 65.4031 -15.738 1.64206 -0.0682221 0.00105292
13 58.2628 -14.3036 1.51931 -0.0638993 0.00100046
14 43.9051 -11.2863 1.22131 -0.0502513 0.000769033
15 40.961 -10.4334 1.12877 -0.0463431 0.000713004
16 47.5532 -11.8463 1.27264 -0.0528382 0.000820164
17 62.9504 -14.8857 1.53647 -0.0633681 0.000976854
18 42.9006 -10.7549 1.14085 -0.0462644 0.00070656
19 51.716 -12.7323 1.34579 -0.055074 0.000836355
20 60.4889 -14.4211 1.47513 -0.0595947 0.00089962
21 56.9949 -13.3378 1.36746 -0.0549249 0.000821947
22 51.9246 -12.7374 1.34042 -0.0546272 0.000827932
23 53.9547 -13.2378 1.37881 -0.0559232 0.000845913
24 72.6222 -16.5101 1.66325 -0.0673475 0.0010107
25 61.3335 -14.3143 1.44234 -0.0573693 0.00085236
26 54.3968 -13.5302 1.45358 -0.0610293 0.000948264
27 54.7307 -13.0853 1.35844 -0.0552 0.000834415
28 67.4897 -15.8373 1.64021 -0.0684895 0.00106365
29 46.0229 -11.5089 1.24166 -0.0518239 0.000809844
30 58.7771 -13.7572 1.418 -0.0579414 0.000886445
31 52.8804 -12.8262 1.35292 -0.0560228 0.000866844
32 42.6935 -12.2163 1.25185 -0.0480175 0.000684274
33 27.4306 -8.21114 0.912605 -0.0361567 0.000539196
34 26.456 -7.93521 0.888366 -0.0353218 0.000527155
35 36.4292 -10.1083 1.12276 -0.0464471 0.000710777
36 26.7018 -7.86312 0.8701 -0.0343966 0.000511898
37 37.787 -10.3529 1.11813 -0.0452169 0.000681066
38 29.9071 -8.85591 1.02502 -0.0429649 0.000664729
39 29.849 -8.2529 0.895768 -0.0349364 0.000509105
40 35.4441 -9.76945 1.06774 -0.0434582 0.000659271
41 34.2276 -9.28718 1.01289 -0.0409202 0.000616567
42 25.2066 -7.58053 0.865652 -0.0350403 0.000531428
43 29.5558 -8.85434 0.976706 -0.0391906 0.000588458
44 39.7617 -10.2444 1.07282 -0.0420193 0.000615968
45 28.5924 -7.91679 0.854909 -0.0330733 0.000481805
46 27.2924 -7.85652 0.828013 -0.0308913 0.000435692
47 26.9255 -7.93274 0.864404 -0.0334902 0.000484025
48 36.6609 -10.692 1.12186 -0.0436667 0.000632174
49 35.3776 -10.4678 1.11825 -0.0441643 0.000648756
50 33.3069 -9.01562 0.970506 -0.0383529 0.000568085
51 40.3264 -9.82461 0.996514 -0.0377534 0.000537299
52 54.5714 -15.0051 1.47355 -0.0556374 0.000778192
53 33.4071 -9.01142 0.982855 -0.0393808 0.000586836
54 32.8494 -8.71559 0.942712 -0.0374644 0.000556547
55 25.7795 -7.23046 0.794322 -0.0304905 0.0004358
56 42.0429 -12.1656 1.26906 -0.0501483 0.000737675
57 26.9966 -7.86425 0.862381 -0.0335026 0.000488633
58 28.6675 -7.90198 0.8541 -0.0329882 0.000478454
59 30.5751 -9.02032 0.969898 -0.0375674 0.0005406
60 28.7061 -7.94012 0.851205 -0.032679 0.000472068
61 30.5937 -8.47166 0.919261 -0.0360307 0.00052701
62 41.171 -10.9623 1.1864 -0.0493748 0.000772009
63 33.906 -9.96729 1.05849 -0.0412322 0.000595338
64 24.1808 -7.15026 0.798158 -0.0311954 0.00046714
65 22.3654 -6.42981 0.704698 -0.0265046 0.000388252
66 36.5648 -10.663 1.12258 -0.0437861 0.000639908
67 23.7404 -6.80497 0.728359 -0.0269268 0.000383603
68 31.2323 -7.38222 0.75579 -0.0277248 0.000395233
69 28.699 -7.40176 0.778754 -0.0292167 0.00042349
70 25.2534 -7.52007 0.839657 -0.0329964 0.000490437
71 33.811 -8.89547 0.977799 -0.0396791 0.000611884
72 68.2077 -18.7365 1.82447 -0.0695752 0.000984574
73 22.0448 -6.25296 0.674431 -0.0246712 0.000348668
74 53.7723 -15.1116 1.51428 -0.0581133 0.000828376
75 20.745 -5.39812 0.574014 -0.0203179 0.000284892
76 27.2329 -8.28152 0.939117 -0.0384288 0.000592211
77 28.0725 -6.67096 0.672902 -0.0238871 0.000331844
78 35.2172 -8.42021 0.851792 -0.0315743 0.000450623
79 39.2667 -11.4371 1.20015 -0.0470121 0.000688311
80 28.343 -7.24373 0.78135 -0.0303604 0.000454121
81 22.5296 -5.64284 0.569937 -0.0189714 0.000246012
82 36.4061 -10.9224 1.18917 -0.0483417 0.000733728
83 35.0027 -8.64193 0.896525 -0.0344209 0.000504494
84 20.005 -5.15069 0.536228 -0.0181965 0.000243247
85 44.4952 -13.3031 1.43213 -0.0586044 0.000886327
86 28.4747 -7.44089 0.792986 -0.0299867 0.000433455
87 25.0559 -7.27782 0.841093 -0.0348137 0.000548944
88 21.9721 -6.07262 0.663751 -0.0245439 0.000353072
89 23.2014 -6.74842 0.786232 -0.0322395 0.000505887
90 22.2024 -6.13162 0.652735 -0.0233424 0.000323134
91 30.0197 -8.96246 0.979029 -0.0385965 0.000571082
92 25.277 -7.69722 0.893128 -0.0372479 0.000593816
93 58.3558 -16.5224 1.66186 -0.0647297 0.000932969
94 19.4231 -5.15467 0.570734 -0.0208783 0.000298279
95 29.6458 -9.09396 1.02909 -0.0423526 0.000650826
