0 33.1376 -9.1443 0.981832 -0.0388193 0.000573054
1 26.431 -7.54648 0.799019 -0.0298929 0.000420449
2 31.652 -8.50615 0.888425 -0.0336518 0.00048051
3 26.038 -7.51719 0.813987 -0.0312548 0.000453536
4 42.2325 -11.5183 1.12317 -0.041053 0.00056229
5 27.447 -7.70992 0.78922 -0.0285954 0.00039256
6 29.351 -8.4468 0.885667 -0.0334642 0.000476386
7 28.833 -7.89679 0.834068 -0.0317433 0.000454972
8 38.0072 -9.77056 1.02193 -0.0401108 0.000590855
9 29.5013 -7.97734 0.841937 -0.0321118 0.000461547
10 26.7251 -7.58871 0.835847 -0.032945 0.000486483
11 33.6122 -8.67292 0.897929 -0.0341084 0.000487327
12 37.6169 -9.46699 0.974938 -0.0379607 0.000555715
13 34.0063 -8.71524 0.904872 -0.0347822 0.000499225
14 24.9735 -7.09056 0.753582 -0.0282969 0.000403471
15 25.5184 -6.98741 0.734973 -0.0272188 0.000381423
16 32.8655 -8.31814 0.849741 -0.0316938 0.000445537
17 26.3969 -7.28704 0.765402 -0.0284159 0.000400792
18 25.9163 -7.19832 0.746503 -0.0271585 0.000374333
19 26.3331 -7.44404 0.814632 -0.0317359 0.000465022
20 30.614 -8.95477 0.964021 -0.0383136 0.000575159
21 38.6859 -9.34746 0.934845 -0.0350539 0.000493771
22 24.2734 -6.54744 0.653691 -0.0225023 0.000297304
23 25.5812 -6.93049 0.720253 -0.0262187 0.000361288
24 47.1035 -13.0477 1.29125 -0.0486217 0.000678777
25 33.5436 -8.52786 0.870807 -0.0325571 0.000458426
26 25.3501 -7.0334 0.753236 -0.028373 0.000402309
27 25.7319 -7.01048 0.727261 -0.0266677 0.000371214
28 24.7109 -6.49656 0.655922 -0.0228351 0.000303693
29 24.7945 -7.06731 0.760567 -0.0287374 0.000408269
30 51.7531 -14.0655 1.37036 -0.0514589 0.000716717
31 28.9254 -7.55794 0.772881 -0.0281693 0.000387657
32 50.6431 -12.2912 1.25859 -0.0499385 0.000738289
33 40.303 -10.4834 1.11963 -0.0452058 0.000678606
34 34.113 -8.94902 0.956234 -0.037798 0.000559541
35 37.0824 -9.63996 1.00287 -0.0388731 0.000562021
36 28.5969 -7.91399 0.866038 -0.0344173 0.000513454
37 36.4175 -9.13622 0.959112 -0.0376122 0.000552458
38 39.4023 -9.86402 1.00227 -0.038464 0.000558312
39 28.2912 -7.84389 0.835984 -0.0319706 0.000457333
40 46.6869 -11.0824 1.11519 -0.0431755 0.00062436
41 38.5536 -9.52495 0.973968 -0.0375892 0.000544028
42 39.489 -9.40854 0.937681 -0.0348477 0.000484732
43 34.2784 -8.82885 0.923506 -0.0355818 0.000511749
44 34.4302 -9.93665 1.03737 -0.0399724 0.000572672
45 40.99 -9.81182 0.966365 -0.035884 0.000501782
46 30.2178 -7.9671 0.847352 -0.0328795 0.000479528
47 37.2727 -9.21036 0.933819 -0.0355363 0.000507609
48 23.5182 -6.64405 0.708499 -0.0263076 0.000370022
49 41.2762 -9.95054 1.00654 -0.0388375 0.000562555
50 25.5262 -6.87135 0.736324 -0.0278497 0.000394956
51 37.8743 -9.28191 0.942596 -0.0360348 0.000517455
52 30.0238 -7.82438 0.823841 -0.0317583 0.000460308
53 34.3583 -8.78887 0.912939 -0.0351925 0.00050985
54 39.6019 -9.53682 0.96845 -0.0375196 0.000546137
55 33.4133 -8.44611 0.887931 -0.0346293 0.000506496
56 35.8167 -9.01038 0.911091 -0.0342358 0.000481462
57 31.8424 -8.12354 0.839669 -0.0317248 0.000449105
58 30.8579 -8.2357 0.876683 -0.0342214 0.000500516
59 35.3344 -8.90424 0.928447 -0.0361305 0.000526452
60 29.1739 -7.57107 0.805954 -0.0312389 0.000455877
61 23.4369 -6.77607 0.742111 -0.0287044 0.000417616
62 27.5956 -7.34514 0.760896 -0.0282147 0.000395294
63 32.3657 -8.63511 0.912635 -0.035564 0.000516043
64 77.7376 -19.5707 1.76781 -0.0635963 0.000848699
65 27.6638 -8.03078 0.857118 -0.0325491 0.0004635
66 51.9931 -15.2214 1.59551 -0.0644163 0.000957285
67 47.4878 -12.9885 1.26521 -0.0467057 0.000640254
68 41.2755 -11.8367 1.21625 -0.0466478 0.000662073
69 57.9177 -15.4797 1.47214 -0.0540322 0.000734901
70 28.9291 -8.48201 0.917385 -0.0358554 0.000528521
71 40.3206 -11.5155 1.18201 -0.0453572 0.000645077
72 40.5048 -11.288 1.12558 -0.0417398 0.000574354
73 49.3279 -13.4764 1.31582 -0.0490084 0.000678079
74 39.9272 -11.2009 1.12631 -0.0421869 0.000588039
75 24.3568 -6.78314 0.704324 -0.0252849 0.000344675
76 56.244 -14.988 1.41723 -0.0520033 0.000715449
77 38.406 -10.8436 1.09671 -0.0410833 0.00057157
78 40.0214 -11.2426 1.13336 -0.0427672 0.000602231
79 58.7947 -15.5987 1.47191 -0.0539553 0.000736515
80 63.134 -17.0047 1.6283 -0.0608589 0.00083957
81 48.1227 -13.2987 1.31081 -0.049186 0.000684102
82 56.6933 -15.1992 1.44747 -0.0531661 0.000722429
83 57.094 -15.4818 1.49567 -0.0557704 0.000767403
84 72.4379 -18.4582 1.66482 -0.0591562 0.000779061
85 37.3097 -10.6729 1.09699 -0.0417543 0.000589596
86 39.898 -11.1837 1.12939 -0.0426319 0.000598794
87 43.336 -12.1156 1.21366 -0.0456426 0.000634249
88 58.3059 -15.4275 1.44551 -0.052124 0.000695146
89 30.4571 -8.40524 0.904659 -0.0352133 0.000511646
90 25.3526 -7.07794 0.747194 -0.0274844 0.000381001
91 61.2578 -15.7445 1.4239 -0.0496487 0.000641449
92 76.6087 -20.4329 1.94223 -0.0737631 0.0010379
93 32.2279 -9.20379 0.951275 -0.0354874 0.000490035
94 70.9131 -18.182 1.66911 -0.0605009 0.000813346
95 54.7525 -15.2806 1.5224 -0.0585983 0.000829248
