0 43.3527 -8.97489 0.811434 -0.0282097 0.00036404
1 36.4882 -7.90453 0.739599 -0.0261205 0.000340764
2 31.9512 -6.61714 0.5986 -0.0199773 0.000249219
3 41.8694 -8.05218 0.691742 -0.0227305 0.000279255
4 38.2347 -7.79457 0.700227 -0.0239806 0.000306739
5 34.7618 -7.06718 0.641162 -0.0219231 0.000281215
6 31.5841 -6.75904 0.630073 -0.0218149 0.000282228
7 43.238 -8.3745 0.728597 -0.024515 0.000307854
8 40.3174 -8.06255 0.718127 -0.0245242 0.000311935
9 35.0582 -7.24115 0.6653 -0.0230458 0.000298618
10 38.6004 -7.7479 0.687998 -0.0232712 0.00029398
11 25.9529 -5.66792 0.544587 -0.0189542 0.000247104
12 26.1961 -5.69988 0.549605 -0.0192484 0.000251551
13 37.2348 -7.45227 0.666062 -0.0226395 0.000287276
14 27.6972 -6.01682 0.572288 -0.019882 0.000257814
15 31.0565 -6.53651 0.609038 -0.0210768 0.000272639
16 44.648 -8.76157 0.774911 -0.026717 0.000343459
17 48.9121 -9.34612 0.801374 -0.0270296 0.000339661
18 33.1234 -6.94901 0.6396 -0.0220117 0.000282112
19 21.7046 -5.01364 0.50345 -0.0178359 0.000235659
20 25.3601 -5.60321 0.543495 -0.0190127 0.000248738
21 33.0511 -6.72499 0.619127 -0.0213678 0.000275611
22 51.7393 -9.787 0.835465 -0.0281823 0.000354204
23 37.5259 -7.54859 0.686232 -0.023783 0.000308369
24 36.4439 -7.25981 0.647288 -0.0218249 0.000275335
25 42.8998 -8.31098 0.721529 -0.0242219 0.000303545
26 38.6528 -7.72291 0.688449 -0.0233805 0.000295859
27 36.605 -7.58455 0.688587 -0.0236188 0.000300093
28 29.1209 -6.22004 0.584737 -0.0202178 0.000260767
29 40.5685 -7.94502 0.701858 -0.0238151 0.000301194
30 36.1826 -7.22214 0.649716 -0.0222137 0.000282088
31 35.2038 -7.23875 0.66614 -0.0232381 0.000301288
32 33.2049 -6.65996 0.605599 -0.0206131 0.00026396
33 43.797 -8.68549 0.77144 -0.0266244 0.000343581
34 35.9237 -7.01977 0.627083 -0.0212843 0.000271906
35 43.3974 -8.51758 0.75237 -0.0258618 0.000332494
36 38.7753 -7.73435 0.696814 -0.0240444 0.000309851
37 35.469 -7.66121 0.728288 -0.0262776 0.000351165
38 36.5906 -7.33184 0.667822 -0.023126 0.00029924
39 26.9938 -5.78966 0.55217 -0.0192771 0.000251638
40 44.2669 -8.39217 0.733615 -0.024997 0.000319894
41 41.204 -8.11121 0.721172 -0.0247561 0.000317639
42 37.52 -7.40967 0.667992 -0.0230027 0.00029722
43 39.5815 -7.87893 0.711545 -0.0246882 0.000320356
44 46.3397 -8.3498 0.701401 -0.0230588 0.000286142
45 29.4548 -6.07296 0.564795 -0.0193749 0.000250171
46 34.5766 -6.91765 0.628003 -0.0215531 0.00027685
47 29.2726 -6.15798 0.578233 -0.0200782 0.000261267
48 38.46 -7.5132 0.66998 -0.0228773 0.000292414
49 38.8445 -7.4536 0.659336 -0.0224477 0.000287635
50 39.5572 -7.57661 0.667903 -0.0226771 0.000288712
51 39.2004 -7.55987 0.666198 -0.0225591 0.000286552
52 34.0153 -6.98969 0.640604 -0.0220627 0.000283619
53 34.1232 -6.99191 0.642022 -0.0221812 0.000286268
54 33.2138 -6.77329 0.623562 -0.0215632 0.00027861
55 31.2163 -6.30494 0.585775 -0.020232 0.00026176
56 48.0991 -8.68442 0.722979 -0.0236042 0.000289624
57 28.3729 -6.31068 0.605536 -0.0212801 0.000278795
58 36.3304 -7.6969 0.712783 -0.024938 0.000324092
59 44.3405 -8.70249 0.761456 -0.0257997 0.000325081
60 40.7048 -8.1742 0.72614 -0.0247748 0.000314263
61 36.4805 -7.30014 0.65511 -0.0222707 0.000283132
62 33.3518 -6.83254 0.630613 -0.0218871 0.000283254
63 41.2859 -8.04989 0.714179 -0.0244807 0.000312746
64 51.9775 -9.62516 0.81191 -0.0272754 0.00034481
65 43.0645 -8.43692 0.740104 -0.0253413 0.000327403
66 56.9959 -10.5022 0.874491 -0.0292292 0.000365519
67 42.8805 -8.2551 0.718192 -0.0243032 0.000308503
68 57.5904 -10.5834 0.882549 -0.0295645 0.000370919
69 62.5045 -11.1353 0.908457 -0.03016 0.000376851
70 26.5816 -5.99066 0.577701 -0.0203651 0.000268344
71 46.7513 -8.79927 0.75678 -0.0256057 0.000325152
72 59.1828 -10.4879 0.854557 -0.0280738 0.000347502
73 52.7948 -9.90615 0.838194 -0.0282502 0.000357037
74 46.4794 -9.11202 0.806205 -0.0280035 0.000363164
75 49.9177 -9.30892 0.78977 -0.0265941 0.000336386
76 47.3799 -8.74553 0.740615 -0.0246657 0.000309378
77 43.3035 -8.3003 0.718047 -0.0242197 0.000306519
78 42.163 -7.98683 0.689011 -0.0230556 0.000290854
79 44.2134 -8.33188 0.718733 -0.0242518 0.000307794
80 45.4141 -8.34838 0.701839 -0.023018 0.00028497
81 49.3587 -9.25351 0.787619 -0.0265712 0.000336183
82 43.6523 -8.39807 0.7238 -0.0243103 0.000306928
83 53.7121 -9.6025 0.791056 -0.0260632 0.000323125
84 54.6346 -10.1811 0.849542 -0.028268 0.00035102
85 37.4959 -7.57632 0.685489 -0.0237451 0.000307906
86 45.6818 -8.60875 0.739042 -0.0248612 0.000314149
87 50.3344 -8.99825 0.7422 -0.0241568 0.00029676
88 41.117 -8.29262 0.745951 -0.0259224 0.000336091
89 58.2202 -10.3929 0.841243 -0.0270574 0.000326398
90 39.0919 -7.93139 0.717225 -0.0248843 0.00032287
91 42.6264 -8.17894 0.707672 -0.0236609 0.000296588
92 49.2378 -9.36436 0.806003 -0.027344 0.000347132
93 44.5657 -9.03012 0.803781 -0.0278393 0.000358202
94 42.6163 -8.47496 0.754428 -0.026102 0.000337086
95 47.1519 -8.8064 0.757511 -0.0256998 0.000327172
