0 40.8273 -7.90792 0.691408 -0.0232245 0.000292182
1 39.9823 -7.99825 0.715777 -0.0246252 0.000315084
2 47.7906 -9.19443 0.790281 -0.026567 0.000332818
3 32.2087 -6.74231 0.622536 -0.0214183 0.000274596
4 42.6759 -8.27966 0.723073 -0.0245099 0.000310972
5 35.3741 -6.96001 0.622828 -0.0210183 0.000266142
6 40.1065 -7.81645 0.681824 -0.0227839 0.000285072
7 39.4638 -7.92231 0.707922 -0.0242805 0.00031007
8 40.4198 -7.95347 0.706221 -0.0241769 0.000309659
9 36.8555 -7.53016 0.683352 -0.0236459 0.000305172
10 42.9659 -8.2457 0.716632 -0.024235 0.00030684
11 38.3893 -7.31064 0.644376 -0.0217883 0.000276572
12 40.9489 -8.0084 0.70734 -0.0241858 0.000309463
13 38.5289 -7.423 0.652406 -0.0220231 0.000278567
14 45.4895 -8.46052 0.725185 -0.0243307 0.000305915
15 29.9988 -6.34706 0.599391 -0.0209911 0.000274164
16 28.9329 -6.15363 0.583974 -0.0204324 0.000266804
17 46.247 -8.87805 0.768573 -0.0260228 0.000327972
18 47.1052 -8.5739 0.715556 -0.0234443 0.000288016
19 32.6227 -6.42146 0.5835 -0.0200468 0.000259455
20 39.4624 -7.4401 0.641598 -0.0214079 0.000268419
21 32.6502 -6.61429 0.606592 -0.020897 0.000269544
22 42.2923 -7.96897 0.69012 -0.023181 0.000291323
23 24.9919 -5.46121 0.529614 -0.0186221 0.000243915
24 46.4746 -8.64086 0.732411 -0.0243181 0.000302521
25 38.6119 -7.52928 0.66753 -0.0227 0.000288404
26 39.9368 -7.84465 0.696138 -0.023759 0.000301265
27 37.7256 -7.62745 0.676063 -0.0228669 0.000287802
28 41.3377 -8.14033 0.719709 -0.0246067 0.000312925
29 33.725 -6.84152 0.625455 -0.0215549 0.000277274
30 46.0857 -8.84481 0.765387 -0.0258883 0.000325659
31 21.4444 -4.83234 0.481289 -0.0170065 0.000224215
32 65.4585 -10.3501 0.790996 -0.0246379 0.000292476
33 63.041 -11.3401 0.933702 -0.0311417 0.000390711
34 61.9585 -10.9448 0.88681 -0.0290287 0.000357852
35 64.7351 -11.1861 0.896451 -0.0292573 0.00036091
36 71.7269 -12.1847 0.970819 -0.031787 0.000392164
37 64.6881 -10.266 0.790186 -0.0248467 0.000297407
38 74.2808 -13.1819 1.06443 -0.035226 0.00043577
39 60.8921 -10.3957 0.83504 -0.0271551 0.00033374
40 65.4584 -10.668 0.823065 -0.025726 0.000305259
41 68.8726 -11.1733 0.863733 -0.0274329 0.000329724
42 70.0664 -12.1914 0.969902 -0.0316009 0.000387943
43 69.4082 -11.9857 0.949507 -0.0307331 0.000373644
44 65.8295 -11.6282 0.941365 -0.0309934 0.000384557
45 65.1312 -11.4214 0.920531 -0.0301637 0.000372184
46 65.0026 -11.1677 0.885257 -0.0285279 0.000346442
47 62.515 -10.6237 0.842408 -0.0271025 0.000329486
48 63.443 -10.9559 0.874756 -0.0284134 0.000348517
49 68.5077 -11.5053 0.915152 -0.0299578 0.000370372
50 53.8467 -9.43956 0.778835 -0.0257593 0.000323425
51 65.704 -11.1555 0.878694 -0.028202 0.000341462
52 66.9468 -11.475 0.908394 -0.0293535 0.000358735
53 53.4236 -8.25186 0.648303 -0.0207047 0.000256768
54 51.2876 -8.77767 0.714393 -0.0232283 0.000287807
55 67.6688 -11.8257 0.95013 -0.0311317 0.000384006
56 67.8235 -11.4438 0.906757 -0.0294731 0.00036153
57 73.5967 -12.6995 1.01109 -0.0330297 0.000405496
58 73.7 -12.9338 1.0395 -0.0342805 0.00042468
59 59.4005 -9.73311 0.78874 -0.0261699 0.000330169
60 66.6056 -11.404 0.90637 -0.0293495 0.000357405
61 72.0764 -12.4882 0.990212 -0.0321922 0.000393707
62 59.0842 -10.2789 0.829789 -0.0270965 0.000333384
63 68.6323 -11.6799 0.924389 -0.0300282 0.000366025
64 37.9522 -7.62556 0.678659 -0.0230225 0.000291601
65 33.6039 -7.0088 0.642622 -0.0221365 0.000284577
66 25.5504 -5.56103 0.529933 -0.0182446 0.000235259
67 27.8593 -5.89065 0.552435 -0.0189569 0.000243513
68 29.0399 -6.33702 0.601804 -0.0210942 0.000275769
69 32.9569 -6.66946 0.604581 -0.0205596 0.000261654
70 18.697 -4.78053 0.492223 -0.0174921 0.00023043
71 42.1702 -8.18492 0.717753 -0.0243523 0.000307826
72 18.8591 -4.86768 0.49946 -0.0176569 0.000231769
73 41.2361 -7.96393 0.69542 -0.0234387 0.000296509
74 27.8534 -5.95261 0.562145 -0.0194258 0.000250902
75 26.1724 -5.83072 0.556047 -0.0192523 0.000248516
76 28.7659 -5.98653 0.563142 -0.0194852 0.000252596
77 27.1779 -5.96038 0.565122 -0.0195771 0.000252751
78 25.8047 -5.651 0.545343 -0.0190383 0.000248465
79 30.8151 -6.58241 0.619075 -0.0216096 0.000280462
80 43.264 -8.34392 0.72285 -0.0242553 0.000303882
81 29.8882 -6.32475 0.585871 -0.0200365 0.000255622
82 27.1703 -5.85136 0.553856 -0.0191512 0.00024771
83 40.0347 -7.56262 0.65361 -0.0217307 0.000270672
84 48.0196 -9.06269 0.766204 -0.0253418 0.000312671
85 23.0284 -5.13246 0.504638 -0.0176843 0.000231952
86 31.0604 -6.31627 0.582445 -0.0199534 0.000255933
87 19.5235 -4.49177 0.464341 -0.0167298 0.000225906
88 28.3182 -6.0177 0.568662 -0.0196377 0.000253083
89 17.7211 -4.56403 0.478254 -0.0170897 0.00022646
90 22.6482 -5.22192 0.51613 -0.0181647 0.0002384
91 29.6967 -6.42977 0.603717 -0.0209341 0.000269665
92 18.1631 -4.75088 0.495921 -0.0177856 0.000235353
93 30.977 -6.37066 0.594009 -0.0204917 0.000262943
94 22.2945 -5.04909 0.50427 -0.0178918 0.00023636
95 33.4095 -7.00647 0.651756 -0.0227098 0.000292579
