0 19.8959 -5.82524 0.646237 -0.0233654 0.000318171
1 23.8815 -6.10787 0.663699 -0.0242523 0.0003344
2 26.1819 -6.40937 0.685065 -0.024971 0.000342505
3 17.8465 -5.14514 0.566509 -0.0197543 0.000258754
4 19.682 -5.51363 0.604142 -0.0213704 0.000285662
5 22.1915 -6.46605 0.684957 -0.024079 0.00031687
6 18.6803 -5.14347 0.560215 -0.0193665 0.000256963
7 20.7305 -4.35715 0.421955 -0.0121925 0.000136274
8 27.7137 -6.19991 0.61844 -0.0207648 0.000264787
9 26.2125 -6.4636 0.679858 -0.0246028 0.000338621
10 21.7333 -5.74968 0.632078 -0.02308 0.000318739
11 21.0437 -5.42849 0.603329 -0.0222287 0.00031092
12 22.3361 -5.80381 0.613528 -0.0213561 0.000285613
13 22.8315 -6.50814 0.698383 -0.0252796 0.000344216
14 16.7805 -4.48553 0.481014 -0.0158484 0.000203567
15 16.4399 -4.28296 0.465787 -0.0154551 0.000199351
16 20.4483 -5.2639 0.576257 -0.020544 0.000280498
17 20.2883 -5.73965 0.592611 -0.0196193 0.000245273
18 18.3297 -4.64815 0.504157 -0.0172167 0.0002271
19 20.6135 -5.05081 0.555157 -0.0199168 0.000274105
20 25.3589 -5.99513 0.624015 -0.021961 0.000296126
21 18.152 -4.62641 0.510465 -0.0178695 0.000241373
22 19.0126 -5.27602 0.578694 -0.0203927 0.000273567
23 19.6605 -4.94334 0.544732 -0.0194156 0.000266345
24 23.4161 -5.66947 0.593528 -0.020638 0.000274368
25 16.6727 -4.44758 0.496308 -0.0169864 0.00022408
26 25.39 -6.04606 0.648907 -0.0238257 0.000332435
27 18.7456 -5.37165 0.596497 -0.021315 0.000286597
28 24.9747 -6.09009 0.639428 -0.0226594 0.000304196
29 19.0232 -5.50518 0.573209 -0.019154 0.000243821
30 29.6127 -6.65893 0.674548 -0.0235806 0.000311962
31 20.4749 -6.00339 0.624664 -0.0213454 0.000274676
32 27.1043 -6.33637 0.64903 -0.0225023 0.000299264
33 35.9805 -7.84563 0.759386 -0.0263469 0.000350639
34 25.4731 -6.10823 0.628213 -0.021856 0.000293798
35 28.8787 -6.10429 0.580331 -0.0185359 0.000229649
36 29.8692 -7.05442 0.718551 -0.0253869 0.000341241
37 20.4334 -4.666 0.475463 -0.0153182 0.000199146
38 23.1656 -5.66698 0.590723 -0.0202469 0.000267009
39 23.5365 -5.66032 0.590569 -0.0205474 0.000276429
40 29.7283 -6.48872 0.627904 -0.0209054 0.000270473
41 22.6867 -5.56994 0.578579 -0.0198934 0.000264925
42 29.491 -6.21463 0.587645 -0.0186892 0.000228977
43 19.0715 -4.9385 0.528526 -0.0179354 0.00023454
44 22.4296 -5.77311 0.620405 -0.0221987 0.000303412
45 33.0121 -7.32305 0.715584 -0.0248932 0.000332806
46 31.7082 -7.52814 0.762949 -0.0273464 0.000371579
47 23.3584 -5.69813 0.589086 -0.020289 0.000267967
48 29.5261 -6.2025 0.591826 -0.0191052 0.000239545
49 37.6973 -7.89774 0.746859 -0.0253377 0.000332053
50 30.5233 -6.66808 0.650968 -0.0219396 0.000285128
51 21.2376 -5.20489 0.543734 -0.0185099 0.000245733
52 23.1285 -5.94392 0.637979 -0.0229775 0.000317753
53 22.3136 -5.1893 0.533395 -0.0178007 0.000229832
54 27.5989 -6.14437 0.615736 -0.0209326 0.000272095
55 23.8318 -5.48878 0.561399 -0.0189791 0.000249792
56 22.0496 -5.17358 0.529833 -0.0177078 0.000230231
57 21.2308 -6.0392 0.670786 -0.0247699 0.000344912
58 25.445 -6.27364 0.6557 -0.0232244 0.000314585
59 32.8305 -7.58156 0.768237 -0.0278216 0.000381864
60 30.8491 -6.35336 0.593256 -0.0189647 0.000233291
61 24.7289 -6.07478 0.640116 -0.0229081 0.000314605
62 23.7979 -5.79448 0.613083 -0.0217206 0.000295332
63 17.9106 -4.88337 0.541935 -0.0190368 0.000257219
64 47.5578 -9.54889 0.883567 -0.0309362 0.00041481
65 37.5418 -6.9776 0.618127 -0.0193131 0.000235755
66 44.5786 -8.38765 0.739353 -0.0237772 0.000292862
67 50.7933 -9.29486 0.800873 -0.025829 0.000318156
68 64.3819 -11.7645 0.988721 -0.0320178 0.000394671
69 42.4975 -8.31203 0.749619 -0.024614 0.000312237
70 45.9659 -9.32619 0.867921 -0.03009 0.00039601
71 45.2918 -8.55966 0.767593 -0.0252095 0.000315839
72 47.9246 -9.43145 0.840638 -0.0278309 0.000350374
73 45.4267 -9.11252 0.843926 -0.0292215 0.000387393
74 38.3219 -7.30078 0.661066 -0.0213829 0.000269564
75 39.5315 -7.38476 0.646022 -0.0200795 0.000241659
76 47.7666 -8.86847 0.770086 -0.0246405 0.000303004
77 32.7417 -6.4229 0.591286 -0.0189008 0.00023505
78 37.5986 -7.49526 0.707591 -0.0242066 0.000320229
79 37.1839 -6.97455 0.619098 -0.019408 0.00023581
80 43.7962 -8.94322 0.836023 -0.0289771 0.000385121
81 41.0804 -6.99985 0.572734 -0.0163969 0.00018685
82 47.9209 -9.67759 0.901095 -0.0318801 0.000429056
83 49.5805 -9.48129 0.851356 -0.0289238 0.000375613
84 51.5888 -9.31868 0.784525 -0.0246234 0.00029737
85 38.8882 -6.98109 0.621987 -0.0197573 0.000244636
86 48.273 -8.97781 0.798014 -0.0267059 0.000344013
87 39.0887 -7.46776 0.681089 -0.0225885 0.000290942
88 31.0425 -6.55125 0.65103 -0.0225865 0.000302059
89 46.0394 -8.03357 0.671716 -0.0202205 0.000234671
90 48.0899 -8.72511 0.75339 -0.0240648 0.000294454
91 48.9035 -9.30494 0.830546 -0.0277748 0.000354127
92 46.3059 -8.88539 0.809514 -0.0276743 0.000362519
93 44.9583 -8.59958 0.778426 -0.0261088 0.000336292
94 53.6695 -10.317 0.938226 -0.0327006 0.000434522
95 43.297 -8.33152 0.769398 -0.0262908 0.000345009
