0 28.3209 -6.23176 0.614503 -0.0204726 0.000261902
1 21.4718 -6.06181 0.676251 -0.0250797 0.000350631
2 20.3223 -4.59931 0.472167 -0.0150013 0.000185805
3 21.5285 -4.93864 0.504251 -0.0163223 0.000206271
4 29.7466 -6.3599 0.611639 -0.0200238 0.000252889
5 25.1509 -5.59257 0.548128 -0.0175538 0.000218051
6 20.5163 -5.78224 0.640323 -0.0234689 0.000325437
7 34.6478 -7.34065 0.703293 -0.0238678 0.000309934
8 22.5368 -5.2072 0.528832 -0.0172565 0.0002174
9 31.9717 -6.7912 0.65774 -0.0221856 0.000286759
10 22.4752 -5.23493 0.539075 -0.0180394 0.000234272
11 25.6356 -6.168 0.651326 -0.0234186 0.000322003
12 27.3399 -6.72412 0.709082 -0.0259495 0.000360633
13 16.7269 -4.13036 0.437453 -0.0138879 0.000174681
14 18.0022 -4.49231 0.479355 -0.0158401 0.000205912
15 22.1293 -5.35029 0.56406 -0.0196078 0.000261119
16 30.8607 -6.72804 0.659292 -0.022391 0.00029033
17 31.2779 -7.10809 0.711793 -0.0250945 0.000337766
18 27.8076 -6.56257 0.669201 -0.0235211 0.000315703
19 36.0747 -7.51017 0.711181 -0.0239794 0.000309894
20 18.485 -4.6333 0.498906 -0.0168722 0.000221789
21 36.0796 -7.63171 0.739986 -0.0258138 0.000343355
22 22.4443 -5.34397 0.565228 -0.0198469 0.000269591
23 19.8203 -4.39911 0.454455 -0.0146516 0.000185895
24 23.1222 -5.01651 0.499337 -0.0160127 0.000202865
25 27.1143 -5.74866 0.564337 -0.0186029 0.000238352
26 25.0256 -5.31664 0.522583 -0.0168964 0.000212024
27 30.6119 -6.15865 0.579588 -0.0187285 0.000235342
28 33.1642 -6.075 0.53368 -0.0158777 0.000184969
29 27.3875 -6.72334 0.70775 -0.0258595 0.000357678
30 27.6625 -5.44926 0.518077 -0.0163053 0.000201435
31 30.0886 -6.51449 0.649025 -0.0224607 0.000294752
32 69.8706 -12.2865 0.99711 -0.0314683 0.000379181
33 49.6167 -8.56588 0.689504 -0.0199737 0.000220816
34 51.0295 -8.82355 0.707258 -0.0206051 0.00023196
35 53.0219 -9.30729 0.753151 -0.022358 0.000253879
36 64.8705 -10.9048 0.842945 -0.0245215 0.000272799
37 71.5893 -12.4358 0.994136 -0.0310728 0.000373273
38 54.2981 -10.1427 0.87302 -0.0283784 0.00035232
39 52.9825 -9.89534 0.849335 -0.027522 0.000340308
40 60.6375 -11.2707 0.952169 -0.0308673 0.000382234
41 63.7903 -11.8794 1.00483 -0.0328957 0.000408737
42 56.3974 -10.3671 0.874114 -0.0281108 0.000344829
43 57.1236 -10.0486 0.820496 -0.0253183 0.000299479
44 61.4046 -10.6234 0.848173 -0.0256935 0.000298147
45 56.4741 -10.0714 0.8281 -0.0257307 0.000308111
46 62.2252 -11.0479 0.901484 -0.0284172 0.000344637
47 60.9576 -11.9883 1.07124 -0.0374304 0.000493734
48 61.1313 -10.403 0.81554 -0.0239839 0.000268024
49 67.8664 -12.2744 1.01784 -0.0330887 0.000411053
50 59.5396 -11.2147 0.969355 -0.0322864 0.000409783
51 60.0367 -10.9235 0.906856 -0.0287585 0.000345947
52 60.1452 -11.0494 0.931088 -0.0302844 0.00037692
53 53.0582 -9.57599 0.806808 -0.0258787 0.000320749
54 60.6909 -11.1481 0.939865 -0.0305377 0.000378922
55 50.3404 -8.71529 0.706221 -0.0207872 0.000231647
56 62.5941 -11.028 0.891055 -0.0276316 0.000329307
57 61.7697 -11.0839 0.916259 -0.0290303 0.000350178
58 56.9037 -10.2728 0.854372 -0.0269306 0.000324832
59 61.346 -10.6632 0.852019 -0.0257414 0.00029783
60 55.9768 -10.5809 0.908254 -0.0297748 0.000372903
61 57.418 -10.3704 0.862802 -0.027344 0.000332115
62 66.1907 -11.7572 0.955951 -0.0298224 0.000353226
63 54.9095 -10.2809 0.888322 -0.0292999 0.000370954
64 36.911 -7.50038 0.701253 -0.0234871 0.000303293
65 26.2489 -5.39172 0.518575 -0.0163281 0.000200834
66 23.8192 -5.71017 0.603568 -0.0213067 0.000290723
67 33.9458 -6.40991 0.571927 -0.0174404 0.000206279
68 19.2184 -4.33801 0.446387 -0.0140681 0.000173533
69 26.0715 -5.84658 0.586902 -0.0197996 0.000258667
70 30.2852 -7.10555 0.727762 -0.026298 0.000361822
71 29.3044 -5.80709 0.552823 -0.0176529 0.000217246
72 29.5403 -6.55165 0.650626 -0.0222713 0.000291693
73 19.6737 -4.60409 0.483399 -0.016067 0.000210136
74 44.1138 -8.46829 0.757922 -0.0248754 0.000314644
75 16.8854 -4.18196 0.444224 -0.0143453 0.000182825
76 27.8026 -6.2013 0.623493 -0.0214263 0.000282736
77 31.0569 -6.54581 0.626153 -0.0208764 0.000267509
78 31.762 -6.67537 0.639906 -0.0212964 0.000272601
79 14.812 -3.76476 0.414982 -0.0134548 0.000172979
80 28.0089 -5.37547 0.495383 -0.0147951 0.000172436
81 28.329 -6.2057 0.608979 -0.0204209 0.000265533
82 30.2634 -6.25889 0.599597 -0.0199194 0.000257566
83 27.5022 -5.95123 0.599956 -0.0207843 0.000278976
84 35.797 -6.72388 0.595085 -0.0182622 0.000218287
85 40.5949 -7.28546 0.629872 -0.0191806 0.000227327
86 23.2916 -5.3515 0.563837 -0.0196479 0.000266096
87 21.7158 -4.79108 0.497189 -0.0165655 0.000216037
88 32.5492 -6.95624 0.670842 -0.0226131 0.000291615
89 36.7463 -7.03546 0.636814 -0.0201862 0.000247949
90 36.2591 -7.11284 0.658055 -0.0215417 0.000273266
91 31.8851 -6.40749 0.609487 -0.0200155 0.000253835
92 25.7601 -5.89277 0.606653 -0.0211181 0.00028331
93 26.8421 -5.53533 0.553235 -0.0185277 0.000241604
94 43.9531 -8.67671 0.796898 -0.0267298 0.000341926
95 42.9409 -8.01733 0.710751 -0.0226873 0.000275374
