0 94.6349 -19.6482 1.47107 -0.0448864 0.000510214
1 28.6658 -8.05761 0.735521 -0.0246254 0.000304579
2 50.9467 -12.1872 1.02392 -0.0335554 0.000407726
3 56.3493 -12.9979 1.05794 -0.0339398 0.000405757
4 123.572 -25.8806 1.94805 -0.0602338 0.000685915
5 69.5344 -15.5938 1.23288 -0.0388087 0.000453008
6 43.2475 -10.6618 0.905093 -0.0295777 0.000359974
7 18.814 -5.68725 0.550068 -0.0186243 0.000234373
8 81.6569 -17.4977 1.34592 -0.0418711 0.000484641
9 45.4617 -10.9984 0.926995 -0.0301139 0.000362545
10 37.8103 -9.41959 0.81962 -0.0269672 0.000328989
11 108.924 -22.622 1.69238 -0.0517029 0.000583134
12 65.9185 -14.7214 1.1718 -0.0370278 0.00043364
13 47.4263 -11.3112 0.936994 -0.0301318 0.0003604
14 172.121 -33.3542 2.35472 -0.0694089 0.000757014
15 35.8929 -9.21284 0.81815 -0.0272612 0.000334681
16 57.8866 -13.2566 1.07066 -0.0340528 0.000402382
17 42.7038 -10.0692 0.829877 -0.0264344 0.000315046
18 50.353 -12.0357 0.993363 -0.0319227 0.00038136
19 46.7621 -11.0582 0.917994 -0.0294343 0.000350635
20 51.4748 -12.1593 1.01335 -0.0329197 0.000395585
21 88.8387 -18.0676 1.32456 -0.0397013 0.000446059
22 123.778 -23.8846 1.7012 -0.0503498 0.000556451
23 88.0069 -18.2984 1.37928 -0.0422935 0.000483439
24 56.8264 -13.4442 1.11494 -0.0362344 0.000433731
25 53.213 -12.603 1.04369 -0.033831 0.000406285
26 46.8825 -11.5226 0.989726 -0.032731 0.000397489
27 62.8612 -14.3219 1.1505 -0.0364951 0.000427247
28 132.637 -26.8173 1.96638 -0.0594778 0.000663312
29 58.5331 -13.7857 1.14886 -0.0375823 0.000453326
30 125.421 -26.4814 2.01127 -0.0627004 0.000718808
31 133.459 -27.5469 2.03503 -0.0619795 0.000696304
32 32.0298 -6.50855 0.608822 -0.0211755 0.000276093
33 33.9739 -6.6178 0.605758 -0.0207578 0.000268257
34 20.4916 -4.71668 0.485572 -0.0174019 0.000235047
35 24.3668 -5.22056 0.513938 -0.0181244 0.000239924
36 33.6287 -6.83817 0.63876 -0.0223937 0.000294506
37 25.7283 -5.3286 0.512725 -0.0177285 0.000231526
38 41.736 -8.01476 0.723963 -0.0254373 0.000335186
39 27.1586 -5.49773 0.523574 -0.0180568 0.000234674
40 32.138 -6.34592 0.583031 -0.0198854 0.000254853
41 32.1401 -6.41903 0.592871 -0.0203983 0.000263502
42 38.2782 -7.35158 0.656229 -0.0223952 0.000287284
43 33.1112 -6.30883 0.569187 -0.0192485 0.000244912
44 37.3244 -7.3163 0.658917 -0.0225003 0.000288401
45 30.2792 -5.95853 0.555354 -0.0191076 0.00024853
46 33.5013 -6.36895 0.570167 -0.0192396 0.000245251
47 29.0087 -5.9574 0.5618 -0.0194419 0.000251353
48 35.4222 -6.87829 0.626917 -0.021685 0.000281084
49 31.4105 -6.43917 0.609513 -0.0214647 0.000283489
50 34.6121 -6.88543 0.637796 -0.0222453 0.000291845
51 39.4393 -7.58201 0.679312 -0.0234053 0.00030245
52 27.2159 -5.65792 0.549442 -0.0193973 0.000256558
53 33.344 -6.37879 0.57872 -0.0197008 0.000252008
54 36.9751 -7.02756 0.626723 -0.0212668 0.000270961
55 39.2741 -7.36361 0.654917 -0.0223627 0.000287153
56 30.1116 -6.23125 0.587961 -0.0204684 0.00026759
57 26.4807 -5.665 0.557811 -0.0198579 0.000264166
58 29.0958 -5.93029 0.560958 -0.0194132 0.00025204
59 20.0812 -4.59775 0.470614 -0.0166653 0.000220313
60 23.6089 -4.94582 0.483653 -0.0169277 0.000223416
61 29.2905 -5.90491 0.550689 -0.01895 0.000245306
62 29.6234 -5.7151 0.527778 -0.0180627 0.000233697
63 36.1354 -6.88902 0.615271 -0.0208915 0.000266217
64 23.6963 -5.08631 0.49895 -0.0173426 0.000227068
65 25.6057 -5.369 0.517399 -0.0179189 0.000233402
66 23.8544 -5.17521 0.505986 -0.0175389 0.000228403
67 22.7075 -4.92733 0.486982 -0.0169097 0.000221765
68 37.6193 -7.36502 0.665441 -0.0228214 0.000295037
69 22.3164 -5.01826 0.504118 -0.0177829 0.000236395
70 17.9178 -4.29469 0.450751 -0.0160143 0.0002138
71 32.6283 -6.66885 0.629728 -0.0220176 0.000288439
72 18.4979 -4.82561 0.505756 -0.0181338 0.000242766
73 24.1155 -5.21265 0.509961 -0.0177112 0.000232573
74 23.3679 -4.93057 0.479153 -0.0164539 0.00021301
75 25.2838 -5.40061 0.529627 -0.0185577 0.000245153
76 36.5277 -7.08156 0.645894 -0.0222641 0.000288993
77 22.946 -5.07869 0.500493 -0.0174447 0.000229225
78 23.467 -4.97704 0.486551 -0.0169124 0.000221565
79 16.4535 -4.09228 0.441952 -0.0159747 0.000216528
80 29.7102 -6.08931 0.563588 -0.0191615 0.000244902
81 22.3108 -5.21365 0.534514 -0.0192199 0.000257794
82 31.7138 -6.38234 0.58985 -0.020224 0.000261554
83 26.8825 -5.6841 0.544738 -0.0188967 0.000246763
84 21.4879 -4.71322 0.471788 -0.0166078 0.000220557
85 29.2091 -5.71946 0.532643 -0.0181282 0.000232888
86 33.7077 -6.60736 0.60915 -0.0209862 0.000273124
87 17.4677 -4.33046 0.463468 -0.0166532 0.000222707
88 30.0126 -6.20553 0.590318 -0.020531 0.000268376
89 26.7994 -5.89112 0.584218 -0.0207671 0.000275268
90 23.2111 -5.04141 0.499528 -0.0174251 0.000228804
91 22.5683 -4.9333 0.491043 -0.0171393 0.000224094
92 17.5919 -4.01155 0.421431 -0.0148946 0.000200902
93 25.082 -5.20782 0.506741 -0.0175992 0.00023003
94 21.4651 -4.71128 0.479824 -0.0170911 0.00022986
95 22.1041 -4.91486 0.505776 -0.0182702 0.00024676
