0 10.0997 0.276029
1 -17.0836 0.271052
2 13.839 0.269676
3 -17.4135 0.268499
4 -28.9605 0.274279
5 -36.9261 0.272507
6 -4.45656 0.268679
7 -9.31965 0.272428
8 -49.6528 0.276645
9 5.00651 0.269028
10 -39.19 0.270314
11 -8.56925 0.266136
12 -5.80024 0.273779
13 -12.2497 0.272722
14 -22.0385 0.269882
15 0.817278 0.268928
16 -22.0222 0.264884
17 -6.64743 0.268628
18 -25.2179 0.27298
19 3.1139 0.271411
20 -3.11966 0.266308
21 -8.0855 0.26972
22 -2.87461 0.272924
23 -25.403 0.265436
24 -44.7658 0.268515
25 -5.24628 0.274229
26 -25.4746 0.27448
27 -12.0297 0.264361
28 -48.5676 0.270807
29 -42.0337 0.27269
30 -37.7563 0.260703
31 -57.5664 0.262113
32 69.9538 0.268673
33 23.2872 0.260248
34 40.4865 0.260053
35 48.739 0.25997
36 54.1719 0.26212
37 42.2433 0.261665
38 38.9926 0.258119
39 23.7031 0.258306
40 29.8687 0.260938
41 40.6673 0.261639
42 34.5458 0.259675
43 62.174 0.258218
44 48.3668 0.258646
45 45.3756 0.260785
46 51.9535 0.259969
47 59.4966 0.25826
48 4.62252 0.257654
49 48.9163 0.25817
50 44.2743 0.263387
51 54.1665 0.259507
52 22.5901 0.25569
53 39.7932 0.257774
54 40.5906 0.2572
55 34.3331 0.258316
56 45.4114 0.262314
57 75.0125 0.260768
58 38.3518 0.256115
59 33.9133 0.25502
60 42.7224 0.255567
61 59.6746 0.259946
62 44.0426 0.254148
63 25.4664 0.253752
64 73.4567 0.258955
65 82.1064 0.255475
66 61.2891 0.256977
67 72.5536 0.26084
68 81.8632 0.254313
69 69.8208 0.257559
70 68.8654 0.256778
71 83.0141 0.256484
72 55.7902 0.258212
73 78.6096 0.25366
74 68.5631 0.25736
75 79.9852 0.255618
76 82.2584 0.256065
77 97.0684 0.251749
78 87.79 0.257817
79 78.1229 0.257702
80 55.7902 0.256615
81 72.9756 0.258247
82 67.3301 0.255332
83 85.3168 0.253367
84 90.9713 0.254397
85 77.7525 0.256489
86 103.823 0.256381
87 77.3362 0.256158
88 89.7057 0.25426
89 49.4691 0.255199
90 62.9598 0.25631
91 80.2921 0.258733
92 80.7979 0.255778
93 57.1842 0.254854
94 65.8244 0.254752
95 89.6303 0.245637
