0 44.0769 0.262465
1 44.474 0.259616
2 58.7199 0.259033
3 24.0561 0.259773
4 49.8271 0.258579
5 40.331 0.264061
6 38.5013 0.257061
7 40.8831 0.258732
8 42.7263 0.259301
9 33.2312 0.25721
10 50.2329 0.256607
11 42.0765 0.258978
12 38.9073 0.255443
13 43.9229 0.260184
14 54.302 0.263044
15 11.8981 0.260783
16 11.7165 0.259863
17 49.0205 0.258676
18 61.6801 0.257714
19 28.7725 0.256099
20 42.9857 0.250857
21 21.1578 0.254842
22 48.5558 0.26061
23 6.88838 0.254501
24 60.5928 0.263823
25 32.0909 0.257286
26 38.6562 0.256294
27 27.7976 0.255777
28 40.2465 0.254874
29 27.1981 0.257804
30 54.3372 0.257648
31 -2.01271 0.248982
32 130.748 0.254819
33 87.0047 0.261851
34 91.9176 0.260659
35 109.757 0.251101
36 128.126 0.255707
37 127.274 0.249511
38 117.338 0.252859
39 92.0702 0.255127
40 107.456 0.258704
41 127.644 0.250914
42 108.252 0.252547
43 106.146 0.254199
44 99.2495 0.256843
45 94.3042 0.254197
46 103.27 0.252366
47 102.978 0.2596
48 92.2102 0.253687
49 122.345 0.252786
50 70.0572 0.256287
51 96.9048 0.254323
52 103.417 0.258935
53 146.726 0.232718
54 80.3969 0.254126
55 106.388 0.260389
56 111.648 0.257043
57 118.97 0.255563
58 121.524 0.253241
59 109.84 0.24908
60 107.252 0.254592
61 108.097 0.255056
62 80.1284 0.251325
63 113.013 0.244492
64 25.2768 0.265986
65 8.38422 0.269184
66 1.69029 0.267225
67 3.40653 0.268877
68 1.08927 0.265611
69 19.2568 0.269457
70 -24.0657 0.268832
71 43.366 0.264144
72 -31.6408 0.270409
73 42.1066 0.266021
74 -1.59742 0.26874
75 -3.93483 0.2652
76 10.876 0.265313
77 -1.04709 0.266388
78 -6.98931 0.271533
79 3.80728 0.264332
80 31.1332 0.266715
81 2.97105 0.264213
82 0.394251 0.27159
83 35.1008 0.269613
84 41.7382 0.267573
85 -11.0496 0.266104
86 9.71377 0.268565
87 -8.49011 0.266746
88 0.2211 0.269134
89 -28.256 0.265989
90 -12.0359 0.261826
91 -5.13817 0.259745
92 -21.1999 0.265092
93 11.0246 0.26899
94 -15.9288 0.265172
95 5.45046 0.260537
