0 28.6212 0.273151
1 37.876 0.268551
2 47.241 0.269955
3 45.382 0.270268
4 15.3987 0.271758
5 32.4566 0.273719
6 13.2598 0.271961
7 12.831 0.268867
8 33.9938 0.270752
9 15.3578 0.268547
10 22.0482 0.270125
11 28.1778 0.271718
12 28.5703 0.26433
13 28.6555 0.267249
14 42.5351 0.271373
15 12.2564 0.274804
16 25.3068 0.276632
17 32.5613 0.271386
18 49.4492 0.268578
19 8.27016 0.267482
20 22.8034 0.269676
21 21.376 0.271881
22 33.6701 0.271685
23 15.4671 0.270452
24 9.49627 0.271985
25 14.3473 0.268225
26 18.8319 0.27293
27 22.8171 0.265949
28 -6.50936 0.265302
29 23.4797 0.264684
30 21.7147 0.275302
31 20.1507 0.265488
32 78.3025 0.262839
33 60.6686 0.254804
34 41.2413 0.254541
35 65.0256 0.257524
36 35.6516 0.257359
37 64.7271 0.253688
38 81.5136 0.258754
39 71.4408 0.255221
40 71.8928 0.256272
41 52.0528 0.252636
42 52.4525 0.259307
43 53.5072 0.255337
44 73.7853 0.259038
45 66.0243 0.258533
46 58.6325 0.257015
47 54.8951 0.254597
48 56.593 0.256309
49 79.8816 0.254637
50 43.24 0.254554
51 73.0581 0.256979
52 75.2487 0.259534
53 54.1662 0.250144
54 103.2 0.253079
55 60.5872 0.256354
56 71.3721 0.256323
57 56.4833 0.252721
58 39.8926 0.260488
59 37.0692 0.254976
60 40.6797 0.256473
61 41.8443 0.250322
62 54.1555 0.258549
63 59.3344 0.251157
64 -21.2277 0.276675
65 -0.313599 0.275496
66 -23.7319 0.276618
67 -28.829 0.276832
68 -11.2767 0.277279
69 -25.5387 0.272331
70 -6.73805 0.272504
71 -38.8854 0.270263
72 -8.78803 0.273463
73 -29.6996 0.276466
74 -7.03294 0.276774
75 -43.5933 0.275018
76 -27.2032 0.27687
77 -24.2217 0.271773
78 -29.6054 0.275221
79 4.79068 0.275386
80 -12.1717 0.278593
81 3.84863 0.277429
82 -2.71873 0.27431
83 -15.0076 0.280182
84 2.10574 0.279357
85 -54.8437 0.275366
86 -19.4373 0.274099
87 -9.87023 0.275768
88 -15.9231 0.276265
89 -17.1788 0.275955
90 -17.8755 0.278926
91 -22.8372 0.27461
92 -35.2146 0.272001
93 -12.17 0.274925
94 -2.06616 0.270428
95 -27.5964 0.269195
