0 -40.7374 0.277204
1 -46.2153 0.276607
2 -33.6872 0.2701
3 -59.1576 0.274355
4 -23.2428 0.265928
5 -27.2043 0.27562
6 -24.1861 0.270923
7 -52.2819 0.268866
8 -29.5441 0.275122
9 -20.9847 0.266122
10 -7.55757 0.269979
11 -24.2785 0.269021
12 -31.0836 0.272267
13 -16.1042 0.268632
14 -40.0713 0.268328
15 -39.5822 0.265822
16 -41.0757 0.271186
17 -27.0562 0.26886
18 -44.1375 0.272576
19 -36.5761 0.267478
20 -52.5568 0.269732
21 -45.3834 0.268371
22 -46.1429 0.267423
23 -45.6932 0.270177
24 -58.9685 0.270869
25 -46.8556 0.267685
26 -17.763 0.269713
27 -30.2663 0.267907
28 -22.6468 0.267266
29 -40.3556 0.26855
30 -51.0421 0.265787
31 -33.5998 0.268249
32 -24.2911 0.267438
33 -41.4789 0.256726
34 -18.1401 0.266205
35 -29.4802 0.266063
36 -10.3413 0.266369
37 -36.3164 0.263631
38 -1.46486 0.267152
39 -19.5222 0.262463
40 -11.3815 0.263799
41 -32.4242 0.259552
42 -39.0936 0.265242
43 -26.0017 0.261479
44 -45.1818 0.265996
45 -26.2845 0.261221
46 -45.3559 0.263435
47 -10.4179 0.263576
48 -24.0258 0.264902
49 -3.41557 0.265108
50 -51.5124 0.267034
51 -24.2299 0.261247
52 -20.01 0.262885
53 -55.0032 0.265967
54 -32.8644 0.26487
55 -50.19 0.261701
56 -39.0512 0.267163
57 -14.9065 0.260998
58 -24.3484 0.267455
59 -39.0235 0.258969
60 -12.913 0.260558
61 -11.8528 0.260208
62 -37.3391 0.259351
63 -33.5479 0.255538
64 -10.1355 0.272281
65 -0.697549 0.270589
66 4.52902 0.265746
67 2.26949 0.267298
68 9.31168 0.269688
69 30.9484 0.262662
70 -6.19547 0.268434
71 17.5272 0.261614
72 8.95409 0.263869
73 -7.71121 0.263991
74 -6.28836 0.274032
75 13.7427 0.267328
76 13.5853 0.265509
77 -9.46131 0.263921
78 32.42 0.270038
79 9.68601 0.263791
80 17.5961 0.268807
81 4.93054 0.268782
82 37.9949 0.27009
83 19.3042 0.271266
84 -3.19118 0.274702
85 -9.04891 0.268711
86 -14.1505 0.26722
87 37.0961 0.269446
88 4.94395 0.265834
89 -3.87609 0.268209
90 4.93931 0.269964
91 3.54673 0.27151
92 -5.46431 0.268789
93 9.42678 0.26857
94 6.92857 0.264555
95 8.98559 0.258597
