0 42.7133 0.271222
1 34.0813 0.262668
2 12.1144 0.263088
3 44.2467 0.265421
4 53.8903 0.268886
5 35.9517 0.264892
6 30.7447 0.268752
7 33.4258 0.264901
8 25.3225 0.265022
9 21.8464 0.260341
10 4.14362 0.266764
11 25.2776 0.26122
12 29.9676 0.266795
13 52.3834 0.267455
14 18.2566 0.26425
15 32.7314 0.263273
16 55.9303 0.265455
17 35.8219 0.265672
18 28.1705 0.269465
19 55.5948 0.265125
20 33.6571 0.26904
21 74.0459 0.26731
22 37.3227 0.267012
23 44.1233 0.265745
24 18.9613 0.269357
25 31.8496 0.267905
26 7.34823 0.265387
27 13.2759 0.261131
28 21.2765 0.264973
29 12.1655 0.263372
30 12.606 0.267913
31 60.1628 0.258686
32 -32.0006 0.273856
33 -6.99275 0.271755
34 11.2244 0.265576
35 -37.5002 0.27323
36 -14.9506 0.273056
37 -16.8314 0.273816
38 -4.25396 0.275039
39 -13.6814 0.271322
40 -41.5912 0.27875
41 -11.1662 0.273468
42 -48.4322 0.269966
43 -19.6673 0.270504
44 -43.8058 0.267349
45 -25.0278 0.267951
46 -25.9069 0.276137
47 -11.7324 0.272423
48 -26.5712 0.273656
49 2.71834 0.268988
50 4.83386 0.269824
51 -24.2887 0.273853
52 -14.3696 0.271222
53 -35.9921 0.273032
54 0.279721 0.276542
55 -21.939 0.274678
56 -22.1207 0.274969
57 -34.6057 0.273647
58 -23.723 0.265707
59 -4.14694 0.269094
60 -8.80989 0.267261
61 -43.7388 0.271497
62 -11.3544 0.272169
63 -17.0959 0.266213
64 64.3949 0.263824
65 70.4049 0.261137
66 41.2094 0.260873
67 66.1238 0.25874
68 81.944 0.262855
69 47.8372 0.264915
70 70.1745 0.267256
71 72.1335 0.263342
72 59.9583 0.263355
73 64.7069 0.262368
74 94.0231 0.264179
75 59.0636 0.264579
76 62.7571 0.263994
77 63.9204 0.264488
78 56.4846 0.260266
79 62.4438 0.264558
80 61.1577 0.261991
81 83.241 0.260069
82 59.019 0.262079
83 30.2787 0.264056
84 31.8376 0.26318
85 81.5009 0.258817
86 51.3993 0.260405
87 61.3198 0.261111
88 28.3187 0.260391
89 53.1093 0.266178
90 37.7025 0.260919
91 47.3125 0.265642
92 40.3865 0.263438
93 32.9441 0.259146
94 58.8498 0.260799
95 74.0476 0.254716
