0 -14.8904 0.316028
1 8.17194 0.315369
2 14.1169 0.307077
3 -13.982 0.312313
4 -9.7213 0.311851
5 -19.0263 0.31239
6 -7.97479 0.318423
7 12.0103 0.313707
8 21.9453 0.314756
9 12.9166 0.310327
10 5.83788 0.312297
11 4.60686 0.308943
12 1.41758 0.318146
13 -19.0497 0.311035
14 -17.6372 0.314257
15 -6.8497 0.311312
16 -4.16509 0.316311
17 -34.2642 0.315078
18 -4.56955 0.311033
19 0.133921 0.314897
20 7.0534 0.316288
21 -8.12551 0.31074
22 -20.888 0.318375
23 -4.51537 0.312251
24 3.22404 0.313465
25 -15.2897 0.314792
26 11.0144 0.31061
27 -31.8815 0.31421
28 10.8183 0.317132
29 -43.3911 0.312354
30 18.6258 0.311879
31 -52.7737 0.309973
32 -8.77213 0.320417
33 16.8926 0.320723
34 -7.97923 0.317124
35 2.3529 0.319356
36 7.12825 0.322183
37 -5.25876 0.319283
38 2.01933 0.31917
39 -8.77665 0.313961
40 5.6021 0.320269
41 -9.21885 0.315722
42 10.994 0.316559
43 -12.0615 0.316302
44 -4.29294 0.317453
45 13.4285 0.313904
46 3.49581 0.315146
47 -10.8836 0.314986
48 5.64832 0.320296
49 23.6634 0.322
50 14.4697 0.320656
51 -11.5924 0.316828
52 -20.7812 0.318184
53 -9.75234 0.315782
54 2.55252 0.315273
55 -8.45511 0.315883
56 -16.7518 0.31405
57 -30.7318 0.313232
58 -14.3471 0.319555
59 7.94743 0.315601
60 15.4888 0.310952
61 -14.1778 0.321547
62 -10.4056 0.31664
63 -23.9141 0.316598
64 53.7613 0.304349
65 42.7546 0.304479
66 49.3014 0.3016
67 62.0622 0.303851
68 100.937 0.303698
69 43.8291 0.30831
70 50.8729 0.304551
71 49.2614 0.30789
72 50.8257 0.303163
73 46.7212 0.302317
74 26.7999 0.305026
75 36.8265 0.30522
76 66.846 0.3053
77 24.1994 0.301878
78 26.5736 0.306191
79 41.9453 0.299172
80 23.1816 0.312534
81 46.4925 0.307195
82 46.7921 0.299822
83 49.3029 0.298833
84 68.7007 0.305978
85 39.5098 0.298025
86 56.2405 0.298698
87 33.8324 0.300991
88 11.8693 0.303592
89 50.8856 0.304179
90 58.5052 0.307115
91 58.9413 0.303678
92 52.6905 0.301341
93 36.9136 0.307547
94 69.5239 0.302156
95 39.9618 0.30055
