0 -30.9399 0.330889
1 -1.00638 0.333536
2 44.0639 0.326789
3 -1.54303 0.319491
4 20.4393 0.329011
5 40.0599 0.331701
6 -1.57183 0.327536
7 25.7838 0.324884
8 10.9864 0.334938
9 7.69882 0.326253
10 10.645 0.332101
11 31.4693 0.327946
12 35.397 0.328205
13 21.9183 0.323776
14 -9.80606 0.329794
15 -18.5858 0.326421
16 -12.0182 0.325479
17 31.5481 0.322892
18 -8.00875 0.328119
19 -2.7117 0.329607
20 24.7504 0.323274
21 30.5201 0.323378
22 3.31882 0.32637
23 4.44572 0.323928
24 49.0768 0.325112
25 24.2777 0.32214
26 11.4496 0.323581
27 17.5844 0.323872
28 45.421 0.319552
29 6.51064 0.318073
30 25.3886 0.323679
31 25.1333 0.30951
32 -50.5982 0.325193
33 -33.4942 0.323285
34 -35.6988 0.319348
35 -13.6488 0.322655
36 -26.015 0.318473
37 -8.35486 0.320866
38 -26.8175 0.323429
39 -17.2332 0.319377
40 -12.5482 0.316983
41 -13.4476 0.314325
42 -32.5475 0.319526
43 -31.4452 0.316876
44 -0.325471 0.318851
45 -14.9942 0.312898
46 -43.4006 0.317612
47 -40.897 0.315074
48 -39.572 0.316014
49 -43.7854 0.315096
50 -17.6851 0.315401
51 5.13347 0.316426
52 -52.0188 0.312702
53 -9.46521 0.31681
54 -12.7637 0.311666
55 -21.517 0.311411
56 -44.5823 0.31191
57 -33.7289 0.320308
58 -29.2532 0.318156
59 -36.6951 0.319589
60 -25.7235 0.313614
61 -19.6799 0.319159
62 0.737158 0.307166
63 -39.5423 0.314718
64 -4.21064 0.326288
65 -14.4471 0.32326
66 -25.6062 0.316679
67 -0.396584 0.312107
68 11.4066 0.317989
69 -3.06507 0.317173
70 -23.967 0.321161
71 18.0433 0.319107
72 -47.1264 0.317524
73 -14.8023 0.311816
74 -29.521 0.318779
75 2.33567 0.311931
76 -13.5497 0.317158
77 16.4229 0.310696
78 16.3393 0.320975
79 -33.1898 0.309767
80 0.675793 0.316599
81 -7.47645 0.309886
82 -29.9806 0.31517
83 18.6773 0.313378
84 -0.656498 0.309721
85 -35.7672 0.312799
86 -12.4364 0.313941
87 -6.80704 0.308564
88 -7.02692 0.319483
89 -11.459 0.307969
90 -13.3172 0.316317
91 -17.0204 0.306884
92 -10.4843 0.314933
93 -41.4192 0.309666
94 -1.5677 0.312127
95 -24.2776 0.311655
