0 -89.0177 0.270727
1 -67.5137 0.26614
2 -70.0383 0.268025
3 -73.5423 0.271252
4 -60.0501 0.267309
5 -80.7324 0.269741
6 -75.8935 0.270478
7 -66.5085 0.270788
8 -78.6386 0.269495
9 -76.1239 0.267035
10 -52.4229 0.274318
11 -67.2411 0.266424
12 -68.1928 0.268605
13 -83.9415 0.265962
14 -90.5818 0.270256
15 -64.5146 0.27142
16 -78.4374 0.272526
17 -88.169 0.268345
18 -99.6817 0.273599
19 -74.5735 0.267507
20 -70.8872 0.266144
21 -112.433 0.265913
22 -82.7462 0.274605
23 -86.3284 0.268306
24 -79.7933 0.267163
25 -90.1171 0.265004
26 -59.8386 0.268949
27 -76.2384 0.266867
28 -77.7335 0.270264
29 -65.5466 0.270236
30 -74.5466 0.269101
31 -99.3904 0.261433
32 27.278 0.272422
33 20.4148 0.275309
34 -0.316667 0.272942
35 3.61636 0.272205
36 24.0452 0.272936
37 4.61709 0.274395
38 40.2425 0.271054
39 4.13787 0.27176
40 9.45043 0.274761
41 12.4646 0.268485
42 36.1909 0.27119
43 20.3574 0.268449
44 15.6589 0.274134
45 10.9772 0.270374
46 20.0925 0.270306
47 -1.48339 0.275741
48 22.0887 0.271538
49 6.32508 0.269537
50 13.3731 0.274772
51 30.199 0.269579
52 2.82054 0.272946
53 19.688 0.272323
54 24.0487 0.268855
55 34.1261 0.272143
56 3.6698 0.272354
57 -3.27743 0.269205
58 5.15294 0.269713
59 -16.3871 0.266719
60 -7.96217 0.2695
61 8.26024 0.262721
62 7.00783 0.265116
63 22.7371 0.257799
64 0.432676 0.277126
65 8.88676 0.270392
66 1.51747 0.268374
67 6.30766 0.267854
68 38.3184 0.272519
69 1.3388 0.272793
70 -16.3199 0.272785
71 24.6836 0.276702
72 -24.9427 0.272484
73 -3.97136 0.273535
74 1.80425 0.268139
75 7.57073 0.273198
76 28.6177 0.271223
77 -4.16124 0.269408
78 -4.12171 0.268638
79 -24.5334 0.272652
80 -0.50595 0.270068
81 -15.844 0.274797
82 14.9819 0.26895
83 -3.698 0.272934
84 -10.6982 0.267983
85 18.1575 0.268
86 16.0638 0.274484
87 -20.8882 0.26994
88 4.98197 0.27219
89 -5.83054 0.273074
90 -4.55723 0.269631
91 -18.0174 0.268963
92 -11.2297 0.267796
93 -7.51888 0.271933
94 -9.6352 0.270055
95 -10.679 0.258491
