0 -2.41433 0.318103
1 15.1332 0.317276
2 -15.0341 0.31646
3 -5.0192 0.310746
4 17.6511 0.3185
5 -0.783783 0.311231
6 -22.8342 0.320848
7 27.0272 0.313295
8 10.8806 0.315626
9 -2.91871 0.319312
10 -11.4031 0.309417
11 -2.51137 0.318196
12 -21.1881 0.313813
13 -30.888 0.311046
14 4.2064 0.312373
15 -8.44527 0.313824
16 -19.6106 0.323108
17 -20.3834 0.314361
18 -3.53811 0.315706
19 -0.866381 0.315953
20 -0.274335 0.314945
21 -18.0449 0.317363
22 -26.2023 0.315629
23 2.21851 0.315779
24 -20.6169 0.318798
25 -19.287 0.315014
26 -8.95214 0.316264
27 22.371 0.313455
28 -51.3229 0.309087
29 1.45731 0.312771
30 -9.79333 0.316233
31 -27.8328 0.307082
32 -14.3422 0.317935
33 -41.6154 0.313331
34 -20.1284 0.313374
35 -59.091 0.317117
36 -25.4577 0.315206
37 -51.845 0.308664
38 9.27884 0.313464
39 -43.6022 0.318611
40 -21.9933 0.315591
41 -35.3191 0.313189
42 -49.5813 0.316876
43 -27.9704 0.313419
44 -49.4733 0.31597
45 -18.8905 0.313119
46 -58.8314 0.311653
47 -39.556 0.311425
48 -10.3177 0.31861
49 -17.9956 0.319991
50 -21.712 0.312905
51 -59.3743 0.31078
52 -45.7742 0.312569
53 -45.6531 0.307681
54 -23.1966 0.31309
55 -20.148 0.310959
56 -50.1964 0.314225
57 -57.0581 0.313298
58 -46.7194 0.313232
59 -19.6249 0.310987
60 -17.1857 0.315211
61 -62.7374 0.310944
62 -15.0177 0.31018
63 -8.01969 0.307162
64 24.684 0.315997
65 17.1159 0.311069
66 51.8364 0.31577
67 56.2335 0.310379
68 53.9448 0.309935
69 57.2664 0.313062
70 33.0094 0.317887
71 58.7648 0.310942
72 8.66484 0.312504
73 51.3032 0.311878
74 26.0102 0.314452
75 30.3985 0.306864
76 55.3779 0.310499
77 63.4486 0.303777
78 40.9354 0.306651
79 10.3555 0.317579
80 45.0658 0.31109
81 59.7264 0.311985
82 65.6665 0.309173
83 45.6902 0.310989
84 29.278 0.313384
85 19.5004 0.308286
86 52.6631 0.303116
87 32.3262 0.308128
88 17.54 0.317605
89 37.6577 0.307978
90 27.9412 0.307934
91 36.0367 0.306349
92 22.4407 0.310827
93 48.6514 0.305317
94 46.8748 0.311958
95 30.242 0.310023
