0 43.3684 0.268009
1 12.8172 0.270896
2 19.8186 0.269145
3 37.8691 0.268534
4 5.81535 0.266605
5 18.897 0.262526
6 66.686 0.265103
7 49.7992 0.263963
8 30.8007 0.258778
9 34.9668 0.264685
10 42.4876 0.268281
11 31.4189 0.263116
12 27.6824 0.268802
13 17.7625 0.263142
14 53.6764 0.265256
15 32.7586 0.265332
16 20.2691 0.263763
17 5.3345 0.264605
18 17.8118 0.261181
19 66.853 0.263242
20 37.0445 0.267466
21 37.5266 0.263479
22 17.6654 0.267505
23 32.8983 0.262286
24 27.5025 0.26485
25 15.8268 0.261762
26 7.05472 0.263058
27 35.8513 0.259736
28 24.7786 0.260418
29 23.3827 0.261424
30 17.7932 0.261315
31 42.9459 0.263333
32 -47.3666 0.275424
33 -39.3192 0.275428
34 -35.1844 0.273211
35 -24.1469 0.271994
36 -33.9384 0.273468
37 -43.4488 0.275154
38 -33.1261 0.267974
39 -23.3346 0.275993
40 -25.9387 0.274791
41 -28.6448 0.271573
42 -17.3388 0.271444
43 -21.544 0.271622
44 -5.22285 0.275323
45 -22.0559 0.275793
46 -9.36583 0.273043
47 -35.2729 0.272871
48 -37.7172 0.274961
49 -37.5474 0.274533
50 -28.1673 0.276827
51 -40.1974 0.272812
52 -41.3186 0.271113
53 2.61826 0.272798
54 -24.2602 0.273281
55 -49.7011 0.272968
56 -35.422 0.269311
57 -0.498563 0.272645
58 -25.6444 0.268948
59 -38.6676 0.272186
60 -7.97366 0.273479
61 -18.3467 0.27136
62 -36.3944 0.27331
63 -34.5575 0.267349
64 25.1689 0.266172
65 13.9487 0.267977
66 53.7322 0.268058
67 14.6595 0.265305
68 45.8013 0.267879
69 30.4518 0.266664
70 36.9757 0.265533
71 20.8144 0.260784
72 17.5912 0.268809
73 19.9442 0.263799
74 28.772 0.271581
75 11.9334 0.264869
76 27.6758 0.263578
77 8.8038 0.266404
78 5.6357 0.264362
79 34.1334 0.262277
80 36.241 0.266829
81 17.8641 0.263439
83 49.667 0.267821
84 16.3379 0.262606
85 -2.1521 0.265799
86 4.41028 0.262302
87 20.053 0.263707
88 30.0063 0.268982
89 39.8415 0.264431
90 35.3207 0.263835
91 18.6443 0.261243
92 2.65363 0.26133
93 10.9861 0.264555
94 13.0799 0.262503
95 13.9781 0.25818
