0 11.7061 0.320946
1 -23.4417 0.323021
2 11.7576 0.320468
3 5.72576 0.316798
4 12.9869 0.320765
5 1.60516 0.320708
6 -17.8844 0.313751
7 25.8295 0.319226
8 -2.04116 0.316589
9 24.0346 0.315539
10 -5.02585 0.321122
11 3.48998 0.319097
12 4.30909 0.317352
13 -13.5953 0.316381
14 -13.0711 0.324329
15 -3.94437 0.316516
16 11.6808 0.315338
17 4.54299 0.317972
18 -5.63157 0.320778
19 29.056 0.320102
20 -19.1225 0.322335
21 28.0271 0.317511
22 -14.2376 0.321237
23 2.04784 0.31758
24 -2.97087 0.322344
25 13.5069 0.320072
26 1.05339 0.320406
27 15.506 0.315325
28 31.4539 0.318016
29 -2.95579 0.317226
30 16.9396 0.321773
31 13.6365 0.304427
32 99.3507 0.30512
33 58.9125 0.307882
34 59.3934 0.309877
35 58.1655 0.304712
36 92.1149 0.30848
37 103.045 0.305137
38 59.217 0.305548
39 59.1233 0.301283
40 63.7035 0.306933
41 68.6197 0.303978
42 48.8551 0.304116
43 77.8252 0.304122
44 72.4125 0.303059
45 59.0629 0.305804
46 74.3768 0.301253
47 67.0413 0.301207
48 75.3015 0.303853
49 80.9182 0.302599
50 72.346 0.303534
51 75.8599 0.303094
52 61.6432 0.307317
53 51.7255 0.300897
54 60.6688 0.308839
55 54.9917 0.296979
56 69.478 0.308187
57 75.1934 0.305221
58 60.4535 0.302393
59 73.0969 0.308068
60 45.2812 0.30484
61 66.6243 0.30469
62 89.7575 0.302
63 53.7954 0.302553
64 -1.44117 0.330008
65 -14.4928 0.327274
66 -19.0487 0.328348
67 11.8183 0.326761
68 -22.1782 0.32393
69 -25.6482 0.324994
70 -10.6579 0.326628
71 4.52195 0.323804
72 -14.9482 0.328239
73 -44.4825 0.324341
74 26.4799 0.327134
75 -50.4967 0.32609
76 -11.9419 0.327243
77 -8.2675 0.324795
78 -6.00341 0.322085
79 -35.1198 0.322648
80 -6.62489 0.330981
81 -20.0418 0.323163
82 -13.8232 0.322344
83 -15.7824 0.32372
84 6.6244 0.326324
85 12.9314 0.330252
86 -24.6043 0.326087
87 -32.4226 0.330429
88 -16.587 0.322216
89 7.98525 0.32713
90 4.12012 0.325998
91 -9.2821 0.323574
92 -22.0058 0.32544
93 -10.4397 0.318592
94 18.9658 0.332747
95 13.9752 0.316558
