0 34.4647 0.264833
1 23.7083 0.262332
2 22.326 0.260462
3 43.6873 0.261883
4 24.6063 0.261982
5 28.4965 0.260186
6 17.1353 0.261346
7 45.9819 0.258914
8 38.3452 0.260259
9 28.7074 0.260605
10 32.6172 0.260869
11 -2.24792 0.259394
12 9.19845 0.261055
13 42.6573 0.25769
14 4.70625 0.259447
15 16.0561 0.261416
16 49.7871 0.258843
17 54.1847 0.25417
18 21.1975 0.260101
19 -6.77493 0.258385
20 7.13015 0.259352
21 24.9126 0.254472
22 58.8888 0.261359
23 32.773 0.26149
24 25.4684 0.261639
25 38.1539 0.258131
26 27.8411 0.259619
27 30.2508 0.257851
28 12.735 0.256502
29 46.2804 0.255029
30 24.1163 0.252064
31 24.3241 0.250187
32 25.5668 0.263442
33 40.6124 0.263112
34 23.333 0.26174
35 48.7604 0.261066
36 42.786 0.260374
37 22.4159 0.262552
38 40.1887 0.260066
39 11.8899 0.258022
40 47.9374 0.266263
41 41.8473 0.258041
42 40.5942 0.264627
43 41.0735 0.26508
44 66.0613 0.260889
45 17.4652 0.263968
46 29.9588 0.260831
47 12.6873 0.25894
48 36.3409 0.263714
49 37.1163 0.2613
50 47.5494 0.263299
51 34.1133 0.261888
52 20.8629 0.26369
53 19.3057 0.262987
54 18.2786 0.263473
55 20.4234 0.265716
56 59.8752 0.261603
57 6.3654 0.259376
58 13.4674 0.263171
59 35.0286 0.264218
60 36.0902 0.264306
61 16.4266 0.261255
62 16.5386 0.259851
63 36.7116 0.253865
64 54.6154 0.273929
65 30.5458 0.2715
66 67.0165 0.269961
67 33.5667 0.269186
68 65.3026 0.266576
69 78.1659 0.263917
70 -12.6472 0.268982
71 43.0988 0.27055
72 74.7591 0.268361
73 56.6123 0.266726
74 39.5504 0.266807
75 43.9811 0.270161
76 41.5168 0.2674
77 34.8701 0.266937
78 35.3608 0.271163
79 35.8513 0.264356
80 37.6745 0.267796
81 48.3536 0.267262
82 24.5364 0.268848
83 57.0009 0.267094
84 55.8296 0.265753
85 10.2132 0.266696
86 36.1333 0.268123
87 44.9808 0.268421
88 21.0364 0.267037
89 61.8925 0.26761
90 13.0645 0.272453
91 21.278 0.268208
92 45.0225 0.270569
93 18.5192 0.265372
94 24.0025 0.264186
95 38.5236 0.255433
