0 -21.6741 0.262219
1 0.125764 0.263549
2 -9.43651 0.260512
3 -11.1522 0.263307
4 -2.92539 0.26082
5 -16.9538 0.260442
6 -19.5005 0.260906
7 0.26278 0.257929
8 -32.8129 0.257572
9 -23.8755 0.257123
10 -37.4379 0.266694
11 7.28514 0.25811
12 -5.94856 0.262421
13 -14.8376 0.259198
14 -14.8157 0.260444
15 -28.647 0.260187
16 -19.462 0.258772
17 18.8997 0.260359
18 -25.2012 0.260221
19 -10.8456 0.259206
20 -22.5117 0.258466
21 -4.33117 0.260062
22 -33.9078 0.265705
23 -18.3251 0.258172
24 -19.0856 0.261452
25 15.9651 0.258241
26 -19.0773 0.259305
27 -33.2704 0.260436
28 -31.3902 0.260944
29 3.14908 0.258188
30 -23.7062 0.252764
31 -30.2183 0.249892
32 39.8842 0.265061
33 61.8069 0.262716
34 40.5549 0.260488
35 69.5579 0.265098
36 63.1151 0.258098
37 67.1209 0.25984
38 43.6167 0.262074
39 72.6675 0.259716
40 53.3223 0.259394
41 70.3783 0.258839
42 57.5098 0.261222
43 45.7081 0.263413
44 34.7622 0.26277
45 52.3723 0.261693
46 95.3521 0.263248
47 44.1862 0.262057
48 70.3094 0.263708
49 48.3528 0.258985
50 44.5641 0.263655
51 51.3284 0.260612
52 47.7763 0.263394
53 56.6764 0.263032
54 28.3519 0.260822
55 40.9097 0.258886
56 68.96 0.261008
57 63.1811 0.26043
58 27.9346 0.263382
59 54.8039 0.260303
60 33.5074 0.261608
61 18.3963 0.2567
62 59.1805 0.264003
63 39.2812 0.248718
64 -22.3971 0.271377
65 -25.8547 0.272727
66 -16.8876 0.271101
67 17.679 0.268149
68 9.14957 0.270395
69 -11.7392 0.266929
70 -20.1871 0.26634
71 -19.8993 0.268791
72 -6.26414 0.270277
73 -19.9619 0.269631
74 -14.6514 0.265942
75 -13.9996 0.267726
76 15.9501 0.274162
77 0.0627934 0.263102
78 6.54637 0.268478
79 -13.854 0.268487
80 -50.1679 0.269198
81 -10.7464 0.268577
82 -6.69539 0.269961
83 -21.8281 0.269075
84 -37.1886 0.270721
85 -11.032 0.266703
86 -26.7108 0.265799
87 -0.323691 0.26735
88 -26.3737 0.265666
89 -23.4244 0.265213
90 -18.1703 0.269635
91 -24.3289 0.267422
92 -13.5171 0.266566
93 -9.4523 0.268382
94 -16.2777 0.266812
95 -8.67485 0.25691
