0 -23.718 0.322022
1 -38.8316 0.317277
2 -30.7616 0.319139
3 -48.1231 0.317175
4 -58.9988 0.318157
5 -50.7372 0.316336
6 -44.953 0.316146
7 -29.4581 0.314953
8 -11.7251 0.318294
9 -34.723 0.313959
10 -33.8389 0.318024
11 -10.4493 0.31343
12 -10.5619 0.31096
13 -15.1126 0.309497
14 -35.7234 0.310133
15 -26.6368 0.312944
16 -14.0382 0.312652
17 -40.2933 0.309565
18 -41.5808 0.317071
19 -31.8517 0.317794
20 -41.7942 0.311266
21 -3.43867 0.30299
22 -37.3822 0.309574
23 -39.7153 0.312028
24 -56.9791 0.312085
25 -15.6968 0.307006
26 -28.7171 0.315161
27 -33.555 0.309019
28 -30.4545 0.310934
29 -34.7497 0.307934
30 -62.4955 0.309373
31 -25.0382 0.313749
32 40.6303 0.317852
33 7.61009 0.314774
34 5.32255 0.311341
35 6.51354 0.308572
36 -8.22862 0.31248
37 9.84059 0.305855
38 9.54804 0.30856
39 -13.5795 0.310435
40 22.9159 0.313448
41 18.2754 0.309511
42 23.086 0.311862
43 3.52401 0.311443
44 -28.0365 0.307508
45 11.2727 0.309302
46 -7.74236 0.302134
47 6.28362 0.306156
48 -22.8332 0.308455
49 18.1624 0.302116
50 -6.65091 0.308087
51 10.8474 0.304078
52 -5.43161 0.299391
53 7.56799 0.304729
54 23.3357 0.301102
55 12.7533 0.302643
56 2.68742 0.304173
57 -2.51262 0.302882
58 -3.1085 0.303245
59 15.2724 0.304738
60 2.07059 0.30072
61 -23.1012 0.300065
62 -11.8972 0.304109
63 8.70251 0.300981
64 -70.6988 0.317561
65 -28.6006 0.317337
66 -36.083 0.318876
67 -54.9265 0.320315
68 -40.3263 0.320298
69 -45.265 0.317472
70 -36.2013 0.313181
71 -42.0483 0.319507
72 -48.8446 0.319649
73 -46.4032 0.312391
74 -38.7788 0.316186
75 -24.0601 0.314108
76 -74.1871 0.314412
77 -42.5118 0.317117
78 -42.5263 0.313637
79 -69.6289 0.318987
80 -59.7808 0.314609
81 -42.2282 0.313675
82 -48.3931 0.316443
83 -55.3962 0.312506
84 -75.3056 0.3157
85 -42.2232 0.312083
86 -49.5512 0.312296
87 -44.1066 0.314645
88 -55.1721 0.314335
89 -11.4367 0.311558
90 -30.8699 0.315164
91 -76.0178 0.317607
92 -59.4572 0.308003
93 -37.2974 0.312595
94 -47.2229 0.310742
95 -56.3477 0.311808
