0 1.9943 0.260697
1 -8.10793 0.261306
2 -27.5207 0.260797
3 -23.7302 0.257166
4 -25.4881 0.260375
5 23.4503 0.264827
6 -11.1932 0.264914
7 -7.75888 0.266365
8 -11.4657 0.26013
9 15.9673 0.263614
10 7.37483 0.263584
11 11.2989 0.259315
12 -6.64201 0.257969
13 -14.6669 0.256777
14 18.6342 0.264802
15 -20.6824 0.260392
16 -3.11953 0.261025
17 5.66042 0.263645
18 17.0393 0.260041
19 17.5686 0.263589
20 -23.9163 0.262893
21 -5.26939 0.258553
22 26.8904 0.262978
23 -19.395 0.257989
24 5.30071 0.263873
25 -16.3629 0.25678
26 2.9245 0.262946
27 3.63238 0.26221
28 6.26471 0.256876
29 -2.42377 0.255977
30 -0.956391 0.257659
31 -6.9924 0.259309
32 26.4179 0.26235
33 44.293 0.263126
34 11.3244 0.263376
35 27.4251 0.257751
36 4.98738 0.257552
37 15.7284 0.256307
38 23.1211 0.262642
39 20.2779 0.261817
40 26.538 0.265012
41 41.1959 0.261251
42 23.4847 0.26133
43 29.2391 0.263404
44 52.6379 0.261788
45 18.6037 0.264181
46 31.4363 0.261209
47 27.4409 0.264375
48 44.9865 0.262609
49 41.0412 0.263991
50 31.2763 0.263203
51 41.7299 0.260702
52 38.2518 0.263073
53 20.2251 0.256649
54 29.2218 0.26016
55 17.8271 0.259449
56 21.3718 0.262295
57 15.5803 0.256707
58 56.1778 0.265821
59 25.3051 0.256836
60 14.8348 0.25913
61 41.646 0.255792
62 27.1667 0.259216
63 25.9245 0.255332
64 21.0207 0.269513
65 13.3351 0.264203
66 47.0306 0.266381
67 45.7017 0.260532
68 30.2886 0.270844
69 39.7388 0.265086
70 6.53705 0.267445
71 28.4172 0.270227
72 42.853 0.267841
73 7.58128 0.261976
74 43.7881 0.264534
75 45.4742 0.263395
76 21.8348 0.261924
77 3.69996 0.262261
78 43.5395 0.265511
79 40.4664 0.263776
80 30.7105 0.269684
81 37.6423 0.26219
82 42.8456 0.266014
83 36.2584 0.266252
84 29.7624 0.266395
85 5.3415 0.266624
86 34.7037 0.26815
87 3.82348 0.259987
88 20.6159 0.263794
89 23.0254 0.26467
90 36.4758 0.266057
91 36.6584 0.263645
92 42.506 0.263964
93 23.9954 0.262002
94 39.9494 0.261379
95 25.4472 0.259396
