0 -47.1084 0.270312
1 -63.2078 0.273159
2 -35.8074 0.270983
3 -57.8798 0.270583
4 -48.9054 0.27324
5 -29.3172 0.263231
6 -49.7443 0.264826
7 -44.5915 0.265588
8 -19.6666 0.268507
9 -38.2751 0.26601
10 -46.9587 0.267402
11 -21.403 0.267004
12 -63.3175 0.270029
13 -53.3731 0.260002
14 -19.1467 0.268189
15 -54.1025 0.262866
16 -54.953 0.268113
17 -41.0468 0.270217
18 -60.1986 0.26204
19 -69.8884 0.268814
20 -45.7559 0.269246
21 -83.2959 0.267335
22 -27.4557 0.266037
23 -45.82 0.267756
24 -35.6898 0.263842
25 -12.1031 0.266445
26 -74.5546 0.273009
27 -53.3283 0.262746
28 -32.1485 0.26866
29 -63.3397 0.263799
30 -39.7236 0.26661
31 -46.4226 0.263292
32 -20.5681 0.274556
33 8.82251 0.267854
34 -11.8831 0.265658
35 -7.32525 0.270282
36 23.9038 0.269679
37 -27.3501 0.269696
38 -5.40613 0.269992
39 -12.2017 0.266184
40 7.00009 0.271982
41 0.996954 0.269677
42 11.7076 0.273013
43 6.60063 0.271501
44 19.2541 0.264178
45 -34.838 0.271795
46 -19.5625 0.268119
47 -21.8783 0.270511
48 -3.16549 0.269603
49 -5.57937 0.269039
50 -1.33597 0.265119
51 1.56488 0.270503
52 5.33085 0.272276
53 7.43685 0.271318
54 10.6184 0.27089
55 -22.9523 0.267984
56 -1.81696 0.266902
57 -40.3071 0.268263
58 -25.7667 0.269444
59 -15.5413 0.267725
60 -0.670304 0.269333
61 -22.0281 0.267348
62 -22.946 0.269654
63 -8.00395 0.256386
64 -19.2163 0.265492
65 23.7355 0.264249
66 39.2143 0.265202
67 37.3874 0.263896
68 7.63028 0.261482
69 -1.8976 0.265074
70 1.60314 0.265398
71 -16.7943 0.26266
72 23.083 0.259172
73 2.47301 0.254167
74 17.7636 0.265105
75 13.6071 0.259862
76 6.86457 0.264314
77 23.0136 0.264438
78 -12.6443 0.257884
79 19.0986 0.254328
80 7.33322 0.261221
81 4.72491 0.262633
82 2.43089 0.260118
83 6.36589 0.256396
84 18.8194 0.261525
85 13.2581 0.258708
86 33.5796 0.261066
87 -8.21918 0.262316
88 9.55467 0.263083
89 29.558 0.262669
90 13.8027 0.261384
91 8.2564 0.258027
92 4.85839 0.256738
93 -4.51362 0.26366
94 -17.7811 0.261291
95 27.8489 0.255152
