0 -79.1435 0.326448
1 -34.157 0.329443
2 -47.8508 0.336428
3 -56.0873 0.324157
4 -39.1827 0.334338
5 -63.338 0.334694
6 -46.2248 0.328653
7 -35.2172 0.324218
8 -62.6782 0.332983
9 -24.0131 0.33588
10 -36.9076 0.338256
11 -45.9761 0.32401
12 -43.1297 0.32777
13 -15.6645 0.327554
14 -37.9882 0.332374
15 -40.4802 0.330804
16 -19.1945 0.332579
17 -33.2455 0.332109
18 -93.448 0.330764
19 -65.6711 0.332868
20 -32.1404 0.334331
21 -80.207 0.329916
22 -65.6886 0.327242
23 -40.6891 0.332845
24 -93.7457 0.330751
25 -66.7676 0.331142
26 -38.3834 0.337792
27 -36.5561 0.327252
28 -56.3407 0.325123
29 -65.1 0.331143
30 -42.6204 0.32817
31 -55.3499 0.327751
32 -76.9267 0.328832
33 -112.331 0.320452
34 -82.7402 0.317365
35 -72.4805 0.322678
36 -85.399 0.325481
37 -82.3955 0.324209
38 -86.7395 0.324541
39 -69.7053 0.321588
40 -93.1953 0.31999
41 -85.7884 0.322081
42 -91.1603 0.316423
43 -72.7433 0.323031
44 -76.8359 0.325661
45 -78.9813 0.322518
46 -82.8288 0.326813
47 -92.9034 0.317271
48 -70.4174 0.324074
49 -89.4951 0.320607
50 -47.4567 0.325777
51 -52.923 0.322631
52 -62.2003 0.326105
53 -81.0158 0.318198
54 -66.7529 0.324391
55 -66.1639 0.327365
56 -68.8319 0.320287
57 -88.9298 0.320756
58 -96.2488 0.321358
59 -86.1605 0.322616
60 -79.2339 0.323487
61 -84.7203 0.324454
62 -80.7515 0.322891
63 -91.9881 0.314021
64 51.8309 0.30394
65 54.8445 0.299777
66 59.4125 0.296589
67 55.359 0.300003
68 23.4502 0.299293
69 68.3696 0.29768
70 52.8554 0.299341
71 62.0159 0.297789
72 57.1515 0.300417
73 52.3162 0.300903
74 53.5702 0.294393
75 36.3563 0.299446
76 50.3118 0.295565
77 37.9787 0.296484
78 53.0093 0.302322
79 63.3731 0.29284
80 51.4562 0.302429
81 22.8089 0.296095
82 54.999 0.299059
83 74.2382 0.29974
85 52.153 0.297649
86 59.1259 0.297845
87 36.8415 0.296979
88 46.2495 0.298035
89 44.9146 0.296891
90 43.4029 0.298177
91 58.1807 0.295421
92 29.257 0.299757
93 27.5133 0.293795
94 56.7543 0.30054
95 67.565 0.291331
