0 -57.2674 0.270554
1 -43.9977 0.266368
2 -40.5409 0.272589
3 -65.4637 0.27134
4 -81.0953 0.272964
5 -49.2716 0.271536
6 -47.6773 0.270587
7 -69.2467 0.266832
8 -18.4641 0.273033
9 -30.3121 0.267576
10 -88.2258 0.274086
11 -60.6965 0.273403
12 -60.1829 0.271001
13 -38.5108 0.27168
14 -38.5518 0.270406
15 -81.3849 0.271623
16 -59.8029 0.273725
17 -52.6921 0.267275
18 -57.7063 0.272738
19 -31.8305 0.274135
20 -43.2049 0.270868
21 -53.2486 0.266832
22 -67.5674 0.268463
23 -38.5948 0.269874
24 -65.8604 0.271542
25 -64.4667 0.270705
26 -76.4386 0.270809
27 -30.6182 0.271018
28 -55.4984 0.271307
29 -69.8398 0.269872
30 -32.0046 0.272657
31 -75.7444 0.266593
32 -26.7022 0.267409
33 -16.4672 0.265167
34 -50.9446 0.266649
35 -24.5475 0.270243
36 -32.2152 0.263656
37 -34.5311 0.268001
38 -34.0334 0.266103
39 -36.6143 0.264091
40 -26.117 0.265395
41 -37.0056 0.263667
42 -12.9788 0.262456
43 -32.5944 0.264195
44 -8.5536 0.267778
45 -35.5481 0.268665
46 -34.9748 0.269086
47 -32.0523 0.266066
48 -33.6746 0.263978
49 -25.5457 0.267003
50 -58.9813 0.260835
51 -20.9355 0.267212
52 -33.2477 0.270287
53 -15.5916 0.264512
54 -16.5814 0.26501
55 -41.6283 0.264093
56 -8.8773 0.264062
57 -39.8126 0.263725
58 -45.1135 0.263713
59 -50.9473 0.263631
60 -30.7317 0.263945
61 -35.1344 0.263136
62 -15.8621 0.264393
63 -18.2827 0.257053
64 2.71868 0.272525
65 18.2061 0.269747
66 15.3383 0.271558
67 -3.7686 0.269229
68 21.884 0.27059
69 35.0282 0.271785
70 26.7819 0.265685
71 5.38137 0.26946
72 -5.81903 0.264035
73 11.4842 0.270713
74 31.873 0.26835
75 12.7121 0.266503
76 9.78368 0.266338
77 12.3219 0.265203
78 13.661 0.269215
79 35.4756 0.264725
80 12.0287 0.26525
81 13.581 0.270217
82 3.9112 0.267259
83 35.8279 0.268783
84 29.1672 0.268906
85 -0.737314 0.268165
86 36.9048 0.269011
87 4.58668 0.265164
88 11.4208 0.267421
89 17.3538 0.266195
90 10.4688 0.267741
91 29.6133 0.267206
92 18.4439 0.269714
93 24.6505 0.268156
94 17.477 0.265367
95 -20.967 0.258888
