0 19.6881 0.17653
1 -14.1216 0.178771
2 13.2464 0.175932
3 9.64684 0.17604
4 25.0073 0.175536
5 16.4738 0.173304
6 -11.1705 0.174617
7 34.6837 0.176378
8 6.49168 0.175479
9 31.7071 0.173568
10 3.34448 0.177538
11 12.4296 0.175634
12 12.6093 0.175129
13 -3.95105 0.17429
14 -2.58952 0.178082
15 5.5308 0.174652
16 21.7295 0.174977
17 18.0858 0.17428
18 8.41887 0.175754
19 39.3899 0.175125
20 -10.0759 0.179336
21 35.1431 0.176125
22 1.24416 0.175398
23 8.3044 0.17475
24 6.44819 0.177924
25 21.2809 0.176342
26 11.5118 0.17675
27 25.4402 0.174177
28 40.3626 0.174818
29 6.41211 0.175234
30 25.7624 0.176289
31 20.6508 0.16809
32 111.561 0.169428
33 75.5593 0.166356
34 75.0846 0.168394
35 74.9136 0.166438
36 110.743 0.168
37 119.837 0.166864
38 73.1714 0.168305
39 71.0047 0.16719
40 83.4533 0.167312
41 85.2692 0.168425
42 70.9062 0.166138
43 90.2209 0.166398
44 92.1592 0.165543
45 79.7353 0.166383
46 91.8847 0.165477
47 77.6897 0.168315
48 94.0876 0.16716
49 99.1295 0.16615
50 83.748 0.167438
51 85.4055 0.168839
52 79.9453 0.168972
53 69.7651 0.165003
54 79.5509 0.169467
55 69.5956 0.164086
56 89.2626 0.169491
57 88.925 0.168576
58 75.7344 0.166627
59 90.5854 0.16936
60 63.9978 0.167946
61 80.212 0.168202
62 101.54 0.166314
63 68.4596 0.166048
64 18.9496 0.183509
65 4.50478 0.180441
66 -4.86494 0.180324
67 26.8888 0.18063
68 -11.4408 0.181866
69 -5.10633 0.181283
70 3.83435 0.181067
71 18.3548 0.179747
72 1.60947 0.182983
73 -17.7946 0.178226
74 46.8531 0.178926
75 -27.0052 0.180489
76 4.57785 0.181435
77 11.781 0.179824
78 11.0807 0.180026
79 -20.007 0.178936
80 10.1756 0.184578
81 -0.354036 0.180262
82 8.42654 0.178563
83 1.83809 0.181041
84 26.1866 0.181266
85 37.3815 0.182801
86 -5.01259 0.179991
87 -12.194 0.183448
88 6.23998 0.178393
89 25.005 0.182687
90 22.9309 0.181466
91 9.00132 0.181074
92 -3.9947 0.179997
93 3.59855 0.179475
94 35.2097 0.186388
95 35.3457 0.175176
