0 -6.95135 0.132884
1 -23.1041 0.132669
2 -12.104 0.13353
3 -25.2572 0.1326
4 -41.984 0.134416
5 -30.452 0.133962
6 -28.2543 0.133193
7 -15.4933 0.134565
8 5.67595 0.13393
9 -13.7188 0.133302
10 -15.0674 0.134325
11 -0.240715 0.134362
12 5.62915 0.132363
13 -0.33092 0.13254
14 -24.369 0.134834
15 -15.7846 0.134536
16 -0.354022 0.133013
17 -24.8762 0.135813
18 -23.2708 0.135488
19 -16.0706 0.136135
20 -29.0334 0.135102
21 8.90176 0.132043
22 -27.4572 0.134838
23 -24.1382 0.136338
24 -43.515 0.135338
25 -3.60995 0.133065
26 -17.6125 0.135869
27 -21.4518 0.13485
28 -19.7007 0.135506
29 -22.0587 0.133396
30 -48.7474 0.135431
31 -13.2535 0.137268
32 43.5922 0.132172
33 19.5196 0.129899
34 12.5949 0.12941
35 11.7828 0.129879
36 0.115446 0.130883
37 16.0229 0.130973
38 16.1847 0.130655
39 -4.78551 0.131122
40 35.1142 0.131601
41 20.545 0.133264
42 26.6712 0.133271
43 12.0732 0.132013
44 -22.3786 0.131375
45 20.7501 0.13203
46 2.84371 0.128838
47 14.854 0.131441
48 -11.9085 0.130094
49 25.2556 0.130326
50 -2.06304 0.132488
51 19.1725 0.130416
52 0.790266 0.130017
53 10.4955 0.131636
54 25.5009 0.12975
55 14.1628 0.131477
56 6.47799 0.132804
57 3.32451 0.131723
58 -0.177465 0.131846
59 14.1485 0.132953
60 2.34167 0.131683
61 -17.6092 0.130014
62 -8.67001 0.13346
63 4.43971 0.131994
64 -61.6379 0.134266
65 -17.7885 0.133412
66 -26.7332 0.133301
67 -41.3878 0.134827
68 -29.4965 0.135971
69 -38.6936 0.134644
70 -18.5883 0.131897
71 -30.6341 0.135696
72 -35.1903 0.135925
73 -37.4275 0.133806
74 -28.0587 0.134382
75 -12.4739 0.133314
76 -63.0954 0.134145
77 -32.102 0.136328
78 -34.5652 0.135883
79 -57.0277 0.136429
80 -45.9685 0.134782
81 -34.3737 0.135028
82 -39.921 0.135702
83 -44.6849 0.135627
84 -63.1827 0.136009
85 -33.6829 0.135846
86 -37.7205 0.134744
87 -35.3619 0.136588
88 -49.5288 0.135276
89 -4.75715 0.135515
90 -20.6351 0.137786
91 -68.5062 0.139103
92 -58.475 0.13453
93 -28.6947 0.13558
94 -42.4458 0.135391
95 -43.1885 0.134523
