0 10.8916 0.11073
1 6.9358 0.110018
2 -14.0439 0.110323
3 -11.5205 0.109463
4 -14.0763 0.109951
5 32.8429 0.112466
6 -2.15699 0.1119
7 0.615005 0.114215
8 -1.63169 0.11066
9 30.0458 0.112924
10 18.6314 0.112113
11 20.6202 0.110551
12 8.87702 0.109459
13 -1.08985 0.108965
14 37.0586 0.111609
15 -6.44727 0.111263
16 8.64021 0.110504
17 20.1641 0.111554
18 32.8953 0.110285
19 29.042 0.112213
20 -8.2533 0.111767
21 10.2027 0.11062
22 37.7882 0.112209
23 -5.54737 0.109483
24 20.6001 0.112711
25 0.44515 0.109883
26 17.1984 0.11122
27 21.0538 0.111195
28 20.0605 0.1084
29 10.2771 0.110706
30 12.7351 0.109916
31 6.78048 0.111198
32 40.0275 0.111162
33 59.1134 0.109568
34 27.5207 0.110019
35 40.4171 0.109294
36 20.4627 0.108862
37 29.9553 0.108181
38 38.6279 0.109736
39 38.1513 0.109742
40 43.7365 0.111232
41 50.4069 0.111007
42 42.4977 0.10966
43 44.0364 0.112018
44 62.5136 0.111046
45 36.9248 0.110779
46 50.821 0.109518
47 44.9847 0.112083
48 56.182 0.111409
49 57.6718 0.110798
50 47.4636 0.109769
51 63.1216 0.109502
52 51.5923 0.113826
53 38.651 0.109736
54 45.6252 0.109215
55 34.4994 0.111193
56 35.7642 0.112947
57 32.5322 0.108156
58 71.1633 0.111943
59 42.4942 0.109739
60 28.746 0.112021
61 53.8093 0.10939
62 41.5986 0.10966
63 43.8464 0.109334
64 26.7732 0.1151
65 17.2676 0.111057
66 57.8637 0.112989
67 49.4622 0.112946
68 35.7728 0.115983
69 40.7169 0.115554
70 17.1087 0.113375
71 41.3376 0.11527
72 58.418 0.112316
73 17.0508 0.113494
74 55.8778 0.111482
75 52.5026 0.113127
76 32.6685 0.11254
77 11.0884 0.11506
78 52.9787 0.112357
79 49.1193 0.113655
80 46.4326 0.112532
81 48.6715 0.113131
82 54.3871 0.111966
83 47.9408 0.113832
84 43.0609 0.113145
85 17.3546 0.112685
86 49.1814 0.113992
87 13.593 0.111556
88 34.9798 0.113226
89 35.2627 0.112547
90 44.4373 0.114048
91 47.6586 0.113643
92 50.4808 0.113129
93 33.4891 0.112532
94 50.6352 0.113271
95 36.0003 0.112412
