0 37.4143 -10.8865 1.12785 -0.0398932 0.000546895
1 36.462 -10.6252 1.11098 -0.0395138 0.000542991
2 39.8805 -11.4954 1.18216 -0.0416992 0.000565521
3 53.3692 -15.1966 1.50107 -0.0533856 0.000717777
4 61.6059 -17.043 1.62831 -0.056998 0.000754114
5 39.8948 -11.4848 1.17755 -0.0414951 0.000560649
6 34.0356 -9.87956 1.03124 -0.0361219 0.00049067
7 50.1328 -14.1068 1.3837 -0.048545 0.000648736
8 30.114 -8.00016 0.834022 -0.027805 0.000373556
9 27.5803 -7.62551 0.8086 -0.0272627 0.000366942
10 62.5855 -17.3884 1.67044 -0.058875 0.000786028
11 47.7983 -13.5706 1.35377 -0.0478609 0.000645548
12 43.0389 -12.3094 1.23841 -0.0434356 0.000584645
13 29.7947 -8.42364 0.887502 -0.0304086 0.000411218
14 31.1389 -8.7979 0.9191 -0.0316707 0.000428443
15 60.5645 -16.7047 1.60016 -0.0564402 0.000754365
16 35.7356 -10.1731 1.03584 -0.0356308 0.000477209
17 39.0007 -11.1583 1.14112 -0.0404138 0.00055263
18 42.1123 -11.971 1.20853 -0.0423658 0.000570036
19 21.6812 -5.64477 0.602747 -0.0188074 0.000247462
20 29.1437 -8.17617 0.854088 -0.0289948 0.000393464
21 33.4296 -9.41564 0.963189 -0.0328762 0.000441386
22 45.1244 -12.8163 1.28242 -0.0453108 0.000612254
23 25.4322 -6.97864 0.74211 -0.0248101 0.000333454
24 38.3064 -10.913 1.10762 -0.0386746 0.000525376
25 39.1341 -11.0845 1.11099 -0.0383965 0.000512507
26 46.564 -13.244 1.31666 -0.0463407 0.000624417
27 21.3959 -5.49805 0.589685 -0.0185382 0.000244427
28 35.6635 -10.265 1.06529 -0.0374939 0.000511957
29 39.4978 -11.3763 1.15429 -0.0405014 0.000548524
30 27.507 -7.25581 0.774075 -0.026086 0.000354353
31 37.3364 -10.8401 1.10256 -0.0386556 0.000524043
32 30.4939 -8.54037 0.890664 -0.030557 0.000419486
33 26.6595 -7.35701 0.791005 -0.0273038 0.000379887
34 50.2623 -14.4032 1.45134 -0.0528767 0.000733294
35 33.6992 -9.65207 1.01314 -0.0361733 0.000504459
36 36.3864 -10.4184 1.0751 -0.0382791 0.000529963
37 42.2451 -12.1342 1.2396 -0.0445926 0.000615313
38 35.1322 -10.021 1.04127 -0.0369178 0.000509436
39 37.9885 -10.8201 1.10676 -0.0392603 0.000537218
40 30.0409 -8.29275 0.853591 -0.0291602 0.000398591
41 38.8658 -11.0389 1.12434 -0.0400904 0.000552827
42 27.898 -7.54181 0.796197 -0.0274447 0.000379223
43 31.8298 -9.01249 0.937505 -0.0329341 0.000452878
44 30.3684 -7.60711 0.780105 -0.0261636 0.000357014
45 33.5354 -9.44895 0.977013 -0.0344095 0.000475939
46 37.5283 -10.6109 1.08667 -0.0385108 0.000527762
47 32.2834 -9.15642 0.956371 -0.0338761 0.000471632
48 28.0882 -7.64259 0.789555 -0.026736 0.000364892
49 28.9043 -8.01748 0.833591 -0.0283591 0.000384376
50 54.9066 -15.0893 1.45285 -0.0514036 0.000693757
51 23.322 -6.07252 0.642136 -0.0210699 0.000286611
52 28.3738 -7.53579 0.77195 -0.0255447 0.000343532
53 25.4398 -6.6678 0.706495 -0.0237474 0.000325773
54 27.4692 -7.35265 0.770842 -0.0263188 0.000362946
55 33.703 -9.59211 0.997832 -0.0353891 0.000491524
56 30.0554 -7.5137 0.760056 -0.0252647 0.000342686
57 39.3132 -11.1455 1.13474 -0.0403397 0.000555379
58 42.6833 -11.9445 1.1935 -0.0421542 0.000570295
59 39.0621 -11.0501 1.1244 -0.0399196 0.000546236
60 31.8221 -8.54984 0.872788 -0.0298005 0.000405457
61 32.3396 -9.01705 0.93339 -0.0327276 0.000449781
62 27.3013 -7.05687 0.743143 -0.0252596 0.000351152
63 24.2576 -6.47528 0.698959 -0.0239738 0.000336497
64 27.6404 -5.85333 0.562611 -0.0164598 0.000213634
65 37.3438 -8.1451 0.777367 -0.0249434 0.000331899
66 43.0535 -9.44875 0.896498 -0.029381 0.000393646
67 30.4938 -6.8896 0.678209 -0.0214446 0.000283272
68 34.8952 -6.75386 0.592993 -0.0160184 0.000189051
69 50.3204 -10.5555 0.952063 -0.030345 0.000388844
70 48.8811 -10.5271 0.966969 -0.0313983 0.000406559
71 42.3019 -9.67193 0.937122 -0.0315332 0.000421957
72 33.9688 -7.95786 0.781162 -0.0256432 0.000345588
73 42.8634 -9.54538 0.897642 -0.0293872 0.000386139
74 47.7088 -10.1467 0.928057 -0.0298914 0.000386421
75 42.4852 -9.50804 0.908616 -0.030394 0.000409625
76 33.4921 -7.27636 0.691381 -0.0214262 0.000279671
77 40.1572 -9.06092 0.859875 -0.0280562 0.00036713
78 40.256 -9.09251 0.86663 -0.0283408 0.000374506
79 49.4102 -10.6486 0.999326 -0.0335768 0.000447644
80 38.4585 -8.00179 0.726237 -0.021948 0.000276516
81 43.2397 -9.23071 0.843653 -0.0263151 0.000332605
82 41.313 -9.22868 0.867438 -0.0281768 0.000369316
83 50.1455 -10.1868 0.900612 -0.0279648 0.000349825
84 41.3418 -7.8616 0.665713 -0.0182801 0.000212101
85 34.4186 -7.7599 0.750675 -0.0238816 0.000310949
86 50.4743 -10.5478 0.951258 -0.0303712 0.00039034
87 42.3138 -9.34313 0.890164 -0.0294422 0.000390924
88 36.1579 -7.20015 0.644104 -0.0182966 0.000220374
89 44.2247 -9.51967 0.887256 -0.0286341 0.00037521
90 37.6154 -8.07208 0.757692 -0.0237782 0.000306421
91 46.5154 -9.85153 0.910032 -0.0294346 0.000383837
92 42.5116 -8.74983 0.796075 -0.0245703 0.000310614
93 47.4448 -9.8255 0.897656 -0.0285117 0.000369062
94 40.9216 -8.61646 0.797047 -0.0249904 0.000322086
95 22.4419 -5.57419 0.60729 -0.0204387 0.000290283
