0 35.3499 -9.03148 0.978813 -0.0359067 0.000515954
1 36.2419 -9.55066 1.04689 -0.0390948 0.000565934
2 25.2378 -7.5307 0.883566 -0.0336735 0.000502942
3 25.215 -7.44037 0.874876 -0.0334928 0.000500766
4 28.3927 -8.64297 0.999182 -0.0384953 0.000569744
5 42.3596 -10.0408 1.03705 -0.0371677 0.000518162
6 28.1807 -8.14723 0.946507 -0.0361853 0.000537127
7 25.4021 -6.90774 0.783703 -0.0281509 0.000403692
8 27.4031 -7.72511 0.887939 -0.0335132 0.000498392
9 43.2508 -10.2804 1.07408 -0.0394711 0.000563107
10 36.5655 -9.29542 1.00565 -0.0372831 0.000537099
11 36.0009 -9.0878 0.988929 -0.037045 0.000539019
12 33.0965 -8.68232 0.953935 -0.0355948 0.000519141
13 26.2051 -7.20597 0.817691 -0.0298633 0.000430876
14 46.6736 -10.6758 1.07201 -0.0380439 0.000526925
15 22.9577 -6.43252 0.751678 -0.0278115 0.000414161
16 30.2797 -7.71148 0.844193 -0.0305567 0.000437765
17 36.1054 -8.85657 0.940592 -0.0340652 0.000484404
18 39.8194 -9.08534 0.925801 -0.0326273 0.00045474
19 40.3669 -9.6724 1.02559 -0.0377822 0.000545601
20 24.3096 -6.76149 0.780949 -0.0290239 0.000430347
21 31.2681 -7.70805 0.841439 -0.0306407 0.000444587
22 41.621 -9.47929 0.972627 -0.0347689 0.00048863
23 22.2832 -5.95399 0.694303 -0.0253325 0.00037537
24 36.1253 -8.36128 0.858358 -0.0297797 0.000415085
25 29.5969 -7.50313 0.81885 -0.0293416 0.000416897
26 32.5067 -8.08997 0.884963 -0.0324175 0.000469474
27 37.3112 -8.88782 0.947743 -0.0347164 0.000498256
28 30.1376 -6.79355 0.718109 -0.0244237 0.000339963
29 33.5535 -8.00656 0.851489 -0.0304228 0.000432991
30 33.1965 -7.82922 0.833233 -0.0296504 0.000420073
31 29.9479 -7.26534 0.802048 -0.0290318 0.000416878
32 47.1701 -10.7924 1.09259 -0.0393064 0.000553306
33 55.8467 -12.1644 1.17098 -0.0409261 0.000556704
34 41.5809 -9.94628 1.03085 -0.0372067 0.000523339
35 46.0767 -10.4597 1.0541 -0.0378514 0.000535259
36 39.7845 -9.80415 1.02729 -0.0374318 0.000533288
37 42.4788 -10.2085 1.06407 -0.0388326 0.000550481
38 45.4538 -10.5764 1.06936 -0.0380545 0.00052595
39 45.3175 -10.4708 1.05458 -0.0375618 0.000522492
40 49.597 -11.3218 1.131 -0.040714 0.000572446
41 51.2102 -11.6919 1.16828 -0.0422122 0.000591575
42 48.157 -10.8906 1.07595 -0.0380145 0.000525842
43 46.2167 -10.4868 1.0632 -0.0385709 0.00054831
44 53.4986 -11.6741 1.14171 -0.0405942 0.000565594
45 45.4914 -10.4963 1.0619 -0.0382207 0.000536384
46 49.9466 -11.0298 1.09004 -0.0388635 0.000541204
47 47.1172 -10.4718 1.04573 -0.0373989 0.000525381
48 49.9594 -10.4877 0.994532 -0.0335505 0.000449875
49 52.0502 -11.2988 1.09573 -0.0383367 0.000526529
50 44.6891 -9.8508 0.984759 -0.0347528 0.000485483
51 55.2758 -11.6921 1.11576 -0.0390171 0.000535663
52 49.9375 -10.6829 1.04452 -0.0367495 0.000510162
53 42.5406 -9.11431 0.903546 -0.0314751 0.000439771
54 45.2532 -9.79035 0.963516 -0.0335615 0.000463995
55 40.5438 -8.74058 0.874978 -0.0302268 0.000416875
56 41.4416 -8.96046 0.89016 -0.0308996 0.00043114
57 39.1321 -8.8096 0.905434 -0.0320671 0.000452828
58 58.838 -12.5061 1.1963 -0.0422688 0.000584166
59 44.0261 -9.63615 0.969987 -0.0345552 0.000487862
60 37.758 -7.88478 0.771493 -0.025463 0.00034617
61 50.8583 -10.7409 1.04939 -0.0371009 0.00051649
62 42.5517 -9.0047 0.890968 -0.0305927 0.000419822
63 44.233 -9.35173 0.928143 -0.0325639 0.000452686
64 38.0495 -8.82124 0.887195 -0.0300947 0.000406031
65 33.6147 -8.69481 0.93249 -0.0337745 0.000479453
66 56.2064 -12.276 1.17493 -0.0405147 0.000540883
67 48.5088 -10.7564 1.05443 -0.0368176 0.000500535
68 41.531 -9.82409 1.01142 -0.036181 0.000508755
69 44.8005 -10.5636 1.07314 -0.0385845 0.000541618
70 34.9532 -8.8349 0.946671 -0.0346309 0.000495903
71 44.2267 -9.92787 0.991383 -0.0344083 0.00047009
72 55.1121 -12.2153 1.18365 -0.0417126 0.000568957
73 35.1363 -8.80193 0.930536 -0.0335791 0.000477454
74 52.1476 -11.6762 1.15217 -0.0410508 0.000567089
75 47.8307 -10.6798 1.05954 -0.037564 0.000519243
76 40.4781 -9.24095 0.928576 -0.0321088 0.000436692
77 30.8271 -7.88902 0.852343 -0.0308871 0.000442916
78 49.4263 -11.059 1.09196 -0.0389066 0.000539909
79 45.814 -10.0878 0.996849 -0.0348242 0.000479403
80 42.9683 -9.44644 0.930205 -0.0318535 0.000434507
81 46.4838 -10.2988 1.01328 -0.0354789 0.000489973
82 47.2521 -10.2732 0.994185 -0.0340292 0.000456769
83 44.4495 -9.55839 0.932632 -0.0317803 0.000427732
84 43.5991 -9.51654 0.934166 -0.0319984 0.000435097
85 35.6799 -8.66741 0.916388 -0.0328818 0.000463758
86 48.1481 -10.3147 1.00426 -0.0346004 0.000469174
87 30.1987 -7.38373 0.807566 -0.0295318 0.00043119
88 40.4672 -8.94373 0.898369 -0.0312911 0.000436293
89 38.7873 -8.67564 0.889776 -0.0312433 0.000436387
90 43.3226 -9.69087 0.972543 -0.03429 0.000477256
91 47.6237 -10.4199 1.03889 -0.0371253 0.000521246
92 51.3063 -11.158 1.09217 -0.038834 0.000541712
93 41.2005 -9.17223 0.92882 -0.0327355 0.000455929
94 50.168 -10.6175 1.03302 -0.0362023 0.000498906
95 37.0385 -7.64563 0.752058 -0.0246729 0.000327273
