0 7.54783 -5.19578 0.697082 -0.0265351 0.000403889
1 84.8529 -24.4361 2.44106 -0.0938246 0.00133433
2 27.6792 -10.4696 1.20422 -0.0469445 0.000693839
3 32.8931 -11.3214 1.23251 -0.0465067 0.000670741
4 31.7484 -11.1075 1.23092 -0.0472739 0.000689737
5 13.5054 -7.55115 0.960639 -0.0378185 0.000565679
6 13.4069 -7.205 0.914372 -0.0357927 0.000537966
7 31.2378 -10.9822 1.22408 -0.0467736 0.000674525
8 -18.7875 0.598777 0.23018 -0.0102281 0.000191291
9 28.7263 -10.8124 1.23955 -0.0484649 0.000713926
10 43.8095 -14.0316 1.50235 -0.0576621 0.000831073
11 7.93336 -5.64418 0.777021 -0.0307902 0.000469419
12 -11.1233 -0.768971 0.337648 -0.014266 0.000250268
13 7.68286 -5.79858 0.791338 -0.0315741 0.000487087
14 23.5833 -9.42184 1.08206 -0.0411602 0.000597937
15 40.4639 -12.9597 1.38737 -0.0525803 0.000750651
16 -16.1423 0.39272 0.219389 -0.0090633 0.000169593
17 47.248 -14.8574 1.52983 -0.0574229 0.000812986
18 29.5279 -10.6576 1.15689 -0.0428008 0.000608089
19 4.28876 -4.19204 0.608341 -0.0231566 0.000352526
20 0.507202 -3.46801 0.569109 -0.0226743 0.000357199
21 122.985 -31.6652 2.86568 -0.103301 0.00138937
22 47.5402 -14.6356 1.4998 -0.0558005 0.000784427
23 179.62 -46.3202 4.25147 -0.15883 0.00219306
24 92.5228 -25.5765 2.47771 -0.0933998 0.00130877
25 73.0581 -20.9124 2.06753 -0.0780915 0.0011064
26 32.8923 -10.9097 1.20418 -0.046044 0.00066795
27 6.62907 -4.85616 0.671442 -0.0258727 0.000391471
28 -9.14138 -0.400316 0.237631 -0.00823815 0.000138706
29 30.4209 -9.97325 1.09258 -0.0409256 0.000593944
30 29.906 -10.1363 1.12368 -0.0426045 0.00062206
31 36.1036 -11.8841 1.26125 -0.0470624 0.000669921
32 46.3386 -10.9971 1.14875 -0.0423398 0.00060363
33 49.0384 -11.5057 1.19561 -0.0440724 0.000626999
34 29.5881 -7.75934 0.88274 -0.0327957 0.000482844
35 34.5392 -8.70166 0.964795 -0.0361427 0.000528556
36 43.5856 -10.3109 1.08426 -0.0398134 0.000570606
37 36.588 -9.0708 0.986919 -0.0362932 0.000521288
38 56.3396 -12.7282 1.28381 -0.0471245 0.000662614
39 36.4573 -8.58414 0.915684 -0.0326473 0.000457214
40 39.9619 -9.114 0.949527 -0.0336558 0.000468313
41 40.3329 -9.22936 0.954273 -0.0337389 0.000469892
42 48.2931 -10.6962 1.06914 -0.0377532 0.000520595
43 42.7812 -9.6047 0.986381 -0.035146 0.000488356
44 44.1912 -9.90492 1.01527 -0.0361781 0.000505986
45 39.3125 -8.99852 0.940375 -0.033351 0.000466774
46 42.5839 -9.38664 0.942141 -0.0326687 0.000444872
47 34.2495 -7.80789 0.82162 -0.028605 0.000396284
48 40.4159 -8.63457 0.876734 -0.0305708 0.000426907
49 36.7507 -8.33982 0.874877 -0.0308042 0.000434804
50 40.1206 -8.73561 0.890201 -0.030677 0.000424443
51 43.8617 -9.12382 0.901414 -0.030702 0.000416253
52 34.7674 -7.88742 0.827443 -0.0286553 0.000398529
53 42.1864 -9.16024 0.931627 -0.0328981 0.000460012
54 43.0303 -8.90751 0.870979 -0.0290609 0.000386106
55 47.4294 -9.88739 0.969292 -0.0332998 0.000453777
56 32.772 -7.03944 0.722437 -0.0237654 0.000321321
57 30.7842 -6.97816 0.752136 -0.02602 0.000366998
58 32.6989 -7.04351 0.727619 -0.0238663 0.000317707
59 21.4865 -5.01529 0.575976 -0.0192805 0.000270008
60 28.4571 -6.2671 0.669683 -0.0226303 0.000316314
61 33.8328 -7.31849 0.762657 -0.0262473 0.000368073
62 36.6573 -7.7788 0.796065 -0.0272946 0.00037774
63 39.8076 -8.1144 0.815445 -0.0279228 0.000384098
64 37.0102 -9.2611 0.99278 -0.0360936 0.000513587
65 37.2798 -9.16424 0.979187 -0.0354648 0.000501757
66 35.2329 -8.99666 0.979182 -0.0357646 0.000507648
67 33.1707 -8.47258 0.931547 -0.0339709 0.000486219
68 48.3296 -11.0549 1.12 -0.0398805 0.000553584
69 29.7937 -7.6683 0.849937 -0.0303021 0.000428773
70 25.9919 -7.15632 0.826047 -0.0302616 0.000438566
71 39.7301 -9.12775 0.951339 -0.0332491 0.000459485
72 26.551 -7.73245 0.887466 -0.0328248 0.000478727
73 31.7669 -7.90466 0.857001 -0.0302432 0.000424233
74 32.4208 -8.05825 0.873027 -0.0311577 0.000437343
75 31.4 -7.53313 0.813333 -0.0283268 0.000397833
76 45.3626 -10.1038 1.02754 -0.0362471 0.000503153
77 27.2178 -6.81488 0.753231 -0.0263874 0.000374234
78 30.4942 -7.33563 0.787114 -0.0273819 0.000381883
79 21.8679 -5.9601 0.700763 -0.0250429 0.000363631
80 29.3356 -6.24146 0.63993 -0.0201845 0.000263444
81 25.7825 -6.49156 0.725314 -0.0250486 0.000353216
82 36.4257 -8.0442 0.816375 -0.0273866 0.000372278
83 30.237 -7.0247 0.754886 -0.0260438 0.000365674
84 26.3112 -6.22506 0.681154 -0.0232255 0.000322558
85 38.9918 -8.76044 0.901297 -0.0312199 0.000427519
86 41.4834 -9.13075 0.929541 -0.0322423 0.000446698
87 18.6172 -4.82868 0.585742 -0.0199623 0.000281872
88 35.3502 -7.83204 0.807587 -0.0269649 0.000364745
89 30.0386 -6.89314 0.739177 -0.0246605 0.000335874
90 25.6907 -5.97235 0.664536 -0.022455 0.000312699
91 25.4548 -5.931 0.662481 -0.0226196 0.000316955
92 20.5073 -4.69553 0.529984 -0.0165266 0.000224971
93 31.9541 -7.29373 0.786619 -0.0274959 0.00038727
94 27.4567 -6.34676 0.693189 -0.0234836 0.000328418
95 26.0675 -6.05546 0.685777 -0.0240505 0.000346397
