0 38.6212 -10.1969 1.16188 -0.0439619 0.000625351
1 27.1415 -8.50707 1.04751 -0.0401723 0.000572832
2 38.1136 -11.0619 1.30144 -0.0516851 0.00076668
3 35.64 -10.4631 1.24719 -0.0492704 0.000721433
4 41.3464 -10.5498 1.15477 -0.0423222 0.000585658
5 36.8169 -9.77508 1.08447 -0.0391752 0.000533502
6 32.1819 -10.22 1.23367 -0.04901 0.000721247
7 41.9757 -10.1544 1.09578 -0.0396728 0.000546796
8 35.3137 -9.99261 1.16482 -0.0448756 0.000646929
9 46.1552 -11.9735 1.33187 -0.0512868 0.000737424
10 35.2947 -9.87481 1.1395 -0.0432393 0.000615336
11 32.3792 -8.6775 0.999253 -0.0366017 0.000506849
12 34.0059 -9.41524 1.1012 -0.0424371 0.000618513
13 26.0479 -7.68672 0.923194 -0.034257 0.000487947
14 25.5317 -7.28459 0.861107 -0.0307394 0.000422655
15 27.495 -7.5576 0.894172 -0.0328003 0.000454483
16 38.8321 -9.84418 1.1011 -0.0411284 0.000581974
17 36.0613 -8.85573 0.962574 -0.0336242 0.000447868
18 29.5651 -7.52067 0.860745 -0.0306304 0.000421456
19 41.7964 -9.67568 1.03126 -0.0367009 0.000501391
20 25.2583 -7.08443 0.840232 -0.0301733 0.000417594
21 47.1763 -11.4913 1.2476 -0.0472172 0.0006772
22 27.327 -7.04011 0.814391 -0.0287174 0.000391846
23 29.576 -7.72822 0.893279 -0.0322969 0.000447157
24 33.7478 -8.51637 0.938962 -0.0328955 0.000443125
25 39.5608 -9.99059 1.10752 -0.0411097 0.000579395
26 35.2572 -8.91501 1.0061 -0.037329 0.000529063
27 42.7771 -10.3771 1.12365 -0.0414649 0.000582335
28 47.6199 -10.6793 1.08878 -0.0378406 0.000502217
29 29.3824 -7.48968 0.866797 -0.031486 0.000444246
30 39.1226 -9.13707 0.988318 -0.035081 0.00047786
31 38.7436 -9.48575 1.06537 -0.0401978 0.000575602
32 90.9121 -20.0078 1.9832 -0.0757416 0.00108095
33 68.5464 -14.9573 1.44861 -0.0508349 0.000669582
34 66.5417 -14.1923 1.35064 -0.0458837 0.00058723
35 73.3325 -16.5189 1.63254 -0.0596661 0.000817842
36 89.0219 -19.6478 1.93054 -0.0726503 0.00102287
37 95.6452 -20.9404 2.03028 -0.0760265 0.00106411
38 70.1603 -15.8352 1.57918 -0.0577508 0.000788863
39 65.9573 -14.833 1.49022 -0.0550219 0.000764022
40 69.8864 -14.5198 1.34495 -0.0445809 0.000556072
41 80.3964 -18.0288 1.77389 -0.0655858 0.000904813
42 71.9629 -15.9681 1.56722 -0.0571984 0.00078384
43 73.3998 -15.6616 1.48533 -0.0515682 0.000669743
44 81.0481 -17.5613 1.6901 -0.0611562 0.000830479
45 71.418 -15.3096 1.46195 -0.0511633 0.000676274
46 74.7152 -15.0259 1.33237 -0.0422841 0.000498258
47 68.7732 -15.19 1.50946 -0.0555557 0.000769083
48 80.7849 -17.3792 1.6667 -0.0602201 0.000817389
49 86.4096 -18.7167 1.7874 -0.0647179 0.000875738
50 71.4441 -15.6283 1.5415 -0.0561733 0.000770212
51 73.7564 -15.8874 1.52747 -0.054481 0.000729911
52 71.8751 -14.9475 1.38555 -0.0466138 0.000589176
53 66.4911 -14.0372 1.33797 -0.0464764 0.000612236
54 70.4959 -14.4296 1.33365 -0.0445381 0.000562575
55 68.1462 -15.0172 1.48798 -0.0543569 0.000746768
56 72.4559 -13.8147 1.16305 -0.0333695 0.000344543
57 80.593 -17.5185 1.67829 -0.0599936 0.000798952
58 71.819 -15.5077 1.50515 -0.0539534 0.000729135
59 72.9293 -13.6221 1.09319 -0.0278993 0.000225883
60 63.8195 -13.2362 1.24093 -0.0414771 0.000527727
61 71.9293 -15.2748 1.45734 -0.0512542 0.00068167
62 83.0912 -15.8006 1.21952 -0.0290481 0.000185998
63 62.661 -12.8097 1.20573 -0.0401416 0.000509347
64 51.3732 -12.2944 1.28881 -0.0472551 0.000653842
65 43.7649 -11.4817 1.28354 -0.0490702 0.000701381
66 37.689 -10.313 1.17146 -0.0440452 0.000622821
67 51.9237 -12.5252 1.32092 -0.0488776 0.000678926
68 35.7759 -10.1864 1.18779 -0.0460575 0.000667923
69 40.8265 -11.058 1.24647 -0.0477239 0.000685279
70 40.6227 -10.6998 1.18889 -0.0446805 0.000632596
71 46.8308 -11.8697 1.31301 -0.050525 0.000727924
72 42.2107 -11.1213 1.24319 -0.0474042 0.000679095
73 34.6036 -9.69797 1.11281 -0.0419818 0.000597455
74 61.7167 -14.436 1.48016 -0.0546983 0.000759281
75 28.7999 -8.38474 0.980465 -0.0362926 0.000510257
76 39.4503 -10.3704 1.16165 -0.0437045 0.000619918
77 43.4243 -10.9887 1.19758 -0.0449373 0.000635624
78 44.1786 -11.0822 1.20915 -0.0453617 0.000644809
79 26.4583 -7.92474 0.961162 -0.0364597 0.00052494
80 42.1274 -10.2844 1.11686 -0.0407494 0.000563832
81 37.376 -9.25445 0.994235 -0.034872 0.00046986
82 39.25 -9.17551 0.967301 -0.0336349 0.000450081
83 37.9411 -9.43964 1.04959 -0.0389552 0.000552309
84 48.3221 -10.97 1.12706 -0.039861 0.000540923
85 59.1881 -13.4931 1.38548 -0.0508792 0.000707612
86 33.3247 -8.58908 0.975892 -0.0355626 0.000496653
87 33.2367 -8.70525 1.00656 -0.0377908 0.000542663
88 37.7405 -8.59812 0.900395 -0.0301376 0.000387709
89 48.6457 -10.8797 1.11074 -0.0384746 0.000508866
90 49.3067 -11.3298 1.17419 -0.041858 0.00056741
91 44.1599 -10.57 1.14321 -0.0420676 0.000586905
92 32.3741 -8.07354 0.913772 -0.0331261 0.000468458
93 40.0909 -9.8293 1.08533 -0.0398475 0.000554814
94 55.6132 -12.4143 1.26575 -0.0451832 0.000612477
95 58.5895 -13.4004 1.39573 -0.0520536 0.000726284
