0 29.3161 -9.46349 1.19736 -0.0485061 0.000727198
1 37.1193 -10.5125 1.23749 -0.0484587 0.000704412
2 42.4459 -14.1355 1.65903 -0.0670904 0.000989181
3 37.7881 -12.568 1.51771 -0.0623069 0.000937092
4 34.7742 -10.3909 1.24575 -0.0492889 0.00072499
5 32.3096 -10.4546 1.26437 -0.0498594 0.000724482
6 45.3478 -14.7454 1.69399 -0.0672027 0.000972364
7 35.3395 -9.61521 1.11144 -0.042165 0.000601346
8 32.9506 -9.90464 1.08518 -0.0424632 0.00125185
9 30.7562 -9.28349 1.13656 -0.044561 0.00065249
10 39.6591 -13.0654 1.5381 -0.0620369 0.000917376
11 28.1766 -9.04462 1.11195 -0.0433342 0.000631915
12 44.217 -14.7712 1.75609 -0.0730505 0.00110971
13 52.0274 -16.7257 1.88323 -0.0755707 0.00110412
14 33.1183 -9.62065 1.14561 -0.0444931 0.000647606
15 29.5547 -9.49314 1.15126 -0.0449829 0.000655575
16 34.686 -11.2814 1.33712 -0.0524536 0.000760819
17 42.8187 -13.9448 1.62099 -0.0653337 0.000969467
18 25.7203 -8.13097 1.01464 -0.0395477 0.000581156
19 22.5587 -6.96719 0.866352 -0.0320194 0.000451316
20 23.391 -7.49674 0.970214 -0.0388898 0.000588884
21 28.6566 -9.11725 1.10358 -0.0426142 0.000612022
22 37.7514 -12.1772 1.41568 -0.0555515 0.000802306
23 28.2696 -8.53141 1.04773 -0.0408783 0.00059835
24 35.3075 -11.6179 1.37667 -0.0544274 0.000791692
25 40.8638 -13.3234 1.55529 -0.0626703 0.000932857
26 33.1724 -10.7588 1.30229 -0.0521089 0.000772676
27 37.7049 -9.92519 1.12981 -0.042591 0.000603501
28 38.5972 -12.7564 1.47855 -0.0580075 0.000828496
29 27.97 -7.90269 0.966677 -0.0367441 0.000522514
30 24.2263 -7.36824 0.919709 -0.0348681 0.000499495
31 35.6852 -11.4826 1.343 -0.0527338 0.000768181
32 34.5061 -11.5518 1.41787 -0.0576091 0.000852554
33 62.2181 -19.9559 2.21981 -0.0896031 0.00131518
34 42.0894 -13.9689 1.64385 -0.0664208 0.000976714
35 57.0247 -18.5634 2.0472 -0.0810868 0.00117048
36 44.0817 -14.7983 1.74938 -0.0716936 0.00106676
37 65.8819 -21.0932 2.325 -0.0941581 0.00138591
38 32.3086 -10.4954 1.29378 -0.0524299 0.000781322
39 56.0683 -18.2018 2.05036 -0.0825213 0.00120419
40 40.5737 -13.4257 1.58266 -0.0638894 0.00094704
41 54.8438 -17.8675 2.02423 -0.0825387 0.00122435
42 55.1441 -18.1073 2.03548 -0.0820085 0.00120462
43 51.5222 -16.6815 1.89531 -0.0762808 0.00111768
44 48.0163 -15.9473 1.82219 -0.0732206 0.00107124
45 39.5872 -12.9036 1.51168 -0.0602763 0.000878885
46 51.8689 -17.2854 1.94973 -0.0786929 0.00116074
47 52.3349 -16.7847 1.87547 -0.0749486 0.00109341
48 30.7888 -10.0816 1.23902 -0.049883 0.000744052
49 36.657 -12.0143 1.43612 -0.057707 0.000853274
50 38.6837 -12.6344 1.49106 -0.0600485 0.000885802
51 49.278 -16.347 1.85779 -0.0752102 0.00111585
52 44.4795 -14.6742 1.68997 -0.067841 0.000995336
53 46.2539 -15.3025 1.75659 -0.071028 0.00105099
54 38.6841 -12.7581 1.50654 -0.0604227 0.000889204
55 35.6893 -11.6555 1.37378 -0.0543902 0.000791888
56 50.6216 -16.1972 1.8057 -0.0712718 0.00102451
57 52.7163 -17.047 1.90453 -0.07599 0.0011124
58 54.2662 -17.474 1.94888 -0.0778427 0.00113495
59 33.9118 -11.081 1.32961 -0.0531003 0.000783711
60 36.5323 -12.0834 1.43871 -0.0580456 0.000865774
61 52.8348 -17.2504 1.92996 -0.0776106 0.00114327
62 25.0724 -7.84469 0.963418 -0.0361477 0.000506649
63 20.7562 -6.17251 0.807382 -0.0307549 0.000445559
64 46.7838 -12.3713 1.40015 -0.0552666 0.000811913
65 48.0087 -12.445 1.3698 -0.0525766 0.000752664
66 64.166 -15.8433 1.68128 -0.064873 0.000930844
67 64.8674 -15.4575 1.6113 -0.0613897 0.000871516
68 59.276 -14.5847 1.5624 -0.060722 0.000879646
69 57.206 -14.0064 1.48124 -0.0561743 0.000793553
70 48.1425 -12.2575 1.34357 -0.051081 0.000724021
71 66.8681 -15.6311 1.60926 -0.0605119 0.000850652
72 41.6136 -11.3703 1.30164 -0.0509313 0.000746727
73 62.5079 -14.839 1.53226 -0.0573711 0.000803294
74 47.7903 -12.3911 1.36887 -0.0527501 0.000762915
75 50.8138 -12.316 1.30308 -0.0485955 0.000684773
76 59.3748 -14.6339 1.58915 -0.0630233 0.000933041
77 61.3713 -14.356 1.49117 -0.0566603 0.000805027
78 47.2077 -11.6096 1.27659 -0.0491244 0.000713892
79 47.9365 -12.46 1.39857 -0.0551584 0.000820822
80 57.4283 -13.234 1.35142 -0.0494231 0.000689397
81 61.9524 -13.8851 1.4038 -0.0514433 0.000713575
82 59.4841 -13.2887 1.34485 -0.0492801 0.00069119
83 57.6808 -13.2363 1.35307 -0.0493646 0.000680698
84 52.1737 -12.7976 1.40813 -0.0564113 0.000866824
85 42.5066 -10.2068 1.09577 -0.0395987 0.000548751
86 45.8094 -7.87837 0.619594 -0.010734 5.6612e-06
87 49.9544 -11.6926 1.24096 -0.0461985 0.000653944
88 46.1826 -11.2322 1.21549 -0.0453518 0.000645988
89 51.7067 -11.8079 1.23524 -0.0451573 0.000629963
90 42.5484 -9.78314 1.05009 -0.0379724 0.000525892
91 48.3567 -11.1206 1.17622 -0.0432612 0.000606667
92 40.7129 -9.73195 1.08307 -0.0409189 0.00059144
93 55.52 -12.4761 1.29766 -0.048013 0.000672305
94 54.0937 -11.9017 1.22191 -0.0437876 0.00059597
95 49.5022 -11.1801 1.18626 -0.0441236 0.000627835
