0 44.7674 -14.9172 1.74664 -0.0706544 0.00104949
1 33.4151 -10.6873 1.34893 -0.0553334 0.000837113
2 39.261 -13.3045 1.62042 -0.0665349 0.00100063
3 41.3963 -14.1286 1.7154 -0.071022 0.00107358
4 30.9944 -10.0914 1.279 -0.051653 0.000767774
5 44.473 -15.1383 1.82873 -0.0760383 0.00115032
6 37.5637 -12.6493 1.54053 -0.0622905 0.00091207
7 32.0489 -10.4685 1.31359 -0.053355 0.000794414
8 41.9694 -14.1292 1.698 -0.0693368 0.00103687
9 39.0637 -11.5046 1.39661 -0.0559716 0.000829162
10 33.0706 -10.6552 1.3155 -0.0525887 0.000779254
11 33.1711 -10.9601 1.34887 -0.0540795 0.000798226
12 24.7975 -7.81754 0.997233 -0.0385633 0.000563209
13 37.0112 -10.8222 1.32046 -0.0531274 0.000792452
14 29.3194 -9.2252 1.14165 -0.0444368 0.000647961
15 29.8243 -9.33097 1.17333 -0.0470502 0.000702357
16 26.6191 -7.16394 0.896512 -0.0335708 0.000485626
17 29.6799 -8.56799 1.06803 -0.0412545 0.000598775
18 56.379 -18.6872 2.13628 -0.0873459 0.00130207
19 38.0565 -12.6518 1.49902 -0.0589439 0.000848009
20 23.656 -6.721 0.865957 -0.0325108 0.000468806
21 34.7285 -11.8594 1.44541 -0.0579861 0.000846812
22 32.7056 -10.7729 1.31109 -0.0517041 0.000754118
23 26.1666 -7.65851 0.951393 -0.0355267 0.000503206
24 53.2294 -17.4404 1.98068 -0.079728 0.00117483
25 34.5355 -11.4311 1.37901 -0.0544123 0.000789218
26 28.8452 -8.84809 1.10742 -0.0430183 0.000624784
27 27.5804 -8.40434 1.07634 -0.0427754 0.000633613
28 28.9199 -9.64182 1.22985 -0.050445 0.000767069
29 28.8514 -9.37076 1.17568 -0.046488 0.000687268
30 25.0564 -7.57863 0.979318 -0.0382811 0.000567639
31 27.1974 -8.56535 1.06874 -0.0417271 0.000616971
32 60.382 -19.6643 2.17417 -0.0867451 0.00126229
33 55.4848 -18.8187 2.08637 -0.0835564 0.00122522
34 68.697 -21.8235 2.37452 -0.0953342 0.00139389
35 74.6693 -23.0994 2.44642 -0.0961303 0.00137629
36 28.7896 -11.7789 1.44994 -0.0587323 0.00086953
37 35.576 -12.8704 1.49629 -0.0586217 0.000843272
38 65.8262 -20.5414 2.1676 -0.0831545 0.00116784
39 67.4559 -21.177 2.29758 -0.0915398 0.00132907
40 38.2695 -14.0427 1.63134 -0.065246 0.000960477
41 39.2325 -14.0675 1.60211 -0.0625022 0.000897001
42 58.9213 -18.9748 2.04328 -0.0797612 0.00114214
43 51.2827 -16.8543 1.86013 -0.0725341 0.00103434
44 67.3441 -21.1123 2.27512 -0.0901721 0.00129995
45 52.1818 -17.4883 1.95916 -0.0788004 0.00116095
46 71.7684 -22.1899 2.3456 -0.0912481 0.00129872
47 74.4562 -22.5687 2.34235 -0.090654 0.00128769
48 39.471 -13.426 1.53781 -0.0601533 0.000864809
49 28.6723 -10.9862 1.31306 -0.0519101 0.000763503
50 51.1425 -16.4549 1.84141 -0.0728698 0.00105246
51 47.423 -15.2117 1.71438 -0.0678501 0.000984533
52 50.4884 -16.6612 1.89711 -0.0768939 0.00114164
53 26.6783 -10.8004 1.33365 -0.0539819 0.000805145
54 58.6944 -18.2764 1.95756 -0.0754847 0.00106479
55 48.7565 -15.8641 1.75495 -0.0680335 0.000964612
56 46.3278 -15.043 1.67765 -0.0658165 0.000947973
57 57.1763 -18.4414 2.01218 -0.079402 0.00115137
58 51.0027 -16.5479 1.81299 -0.0703385 0.00100157
59 46.6913 -15.6595 1.76527 -0.0701345 0.00102496
60 60.5984 -19.3643 2.12411 -0.084734 0.00123446
61 55.0154 -17.573 1.91859 -0.0755538 0.00109484
62 65.8309 -20.1098 2.10951 -0.0806386 0.00112983
63 47.0195 -15.576 1.71925 -0.0668727 0.00095737
64 56.903 -13.9156 1.46666 -0.0552244 0.000773118
65 51.9675 -12.6961 1.3464 -0.0501287 0.000693499
66 57.2996 -13.5033 1.40983 -0.0529285 0.000741356
67 53.0458 -13.0698 1.40892 -0.0542323 0.000778329
68 38.4809 -10.3075 1.1895 -0.0464683 0.000676521
69 60.5578 -14.2623 1.4754 -0.0552311 0.000769592
70 53.5274 -12.939 1.37609 -0.0521825 0.000742985
71 61.3883 -14.0992 1.44199 -0.0536068 0.000746294
72 57.4743 -13.6567 1.42118 -0.0529981 0.000737188
73 56.3436 -13.6904 1.45547 -0.0554623 0.000788156
74 52.6921 -13.1565 1.4243 -0.0549175 0.000787251
75 44.9103 -11.248 1.21697 -0.0456525 0.00064614
76 47.6393 -11.9419 1.31135 -0.0505095 0.000729086
77 46.0048 -11.5335 1.26195 -0.0484994 0.000701687
78 48.9778 -10.5381 1.0437 -0.0350599 0.000447283
79 52.4306 -12.0169 1.2424 -0.0455231 0.000631222
80 53.4325 -12.1628 1.25141 -0.0454167 0.000621712
81 38.4919 -9.68875 1.07221 -0.0397991 0.000559934
82 56.003 -12.7958 1.31096 -0.0482403 0.000670513
83 58.8804 -12.8005 1.2677 -0.0450928 0.000609186
84 57.8526 -12.9911 1.23235 -0.0516489 -0.000606674
85 53.5717 -12.7802 1.37269 -0.0526028 0.000753302
86 50.237 -10.7541 1.077 -0.0374162 0.000498634
87 39.6381 -8.78572 0.917093 -0.0312732 0.000410123
88 52.0365 -12.5193 1.34741 -0.0522537 0.000770041
89 45.8952 -10.9853 1.19479 -0.0447216 0.000632003
90 44.668 -10.5655 1.13841 -0.0423301 0.000599323
91 53.1235 -12.7129 1.36492 -0.0524627 0.000755284
92 36.8057 -9.24759 1.06363 -0.0410563 0.000608074
93 44.0738 -10.4408 1.12251 -0.0410677 0.000562989
94 53.1467 -11.4067 1.12213 -0.0377277 0.000476413
95 48.761 -10.0374 1.01326 -0.0349163 0.000460904
