0 53.6522 -12.4151 1.24077 -0.0448172 0.000623724
1 51.0886 -12.0565 1.21984 -0.0442987 0.000616998
2 60.3229 -13.9534 1.39711 -0.0516936 0.000729572
3 41.518 -10.3483 1.09327 -0.040273 0.000573223
4 55.177 -12.6784 1.25535 -0.045216 0.00062678
5 48.1018 -11.4627 1.17253 -0.0425543 0.000595009
6 49.8497 -11.494 1.15105 -0.0412616 0.000574205
7 48.4632 -11.4335 1.17139 -0.0432054 0.000615261
8 49.1204 -11.0209 1.08591 -0.0379626 0.000518893
9 46.8333 -11.1307 1.13337 -0.0411129 0.000578655
10 54.3186 -12.4727 1.24871 -0.0457069 0.000643473
11 51.4068 -11.9541 1.21578 -0.0447307 0.000632459
12 48.661 -10.9866 1.09735 -0.0392055 0.000545965
13 48.9658 -11.0488 1.09068 -0.0383873 0.000524546
14 56.8691 -12.3989 1.19946 -0.0424526 0.000583747
15 35.722 -8.58993 0.910546 -0.0327228 0.000464067
16 32.6795 -7.72815 0.824559 -0.0292199 0.000414719
17 52.1214 -11.1283 1.06814 -0.0367865 0.000495953
18 55.1755 -11.5697 1.1015 -0.0384274 0.00052712
19 37.0649 -8.10913 0.823109 -0.0284512 0.000398321
20 48.3152 -10.5229 1.02745 -0.0361555 0.00049936
21 38.8378 -8.85754 0.907379 -0.0319065 0.000444494
22 52.3337 -11.2953 1.09122 -0.0380429 0.000518059
23 32.3924 -8.04079 0.866489 -0.0314668 0.000451135
24 56.2842 -11.9173 1.12944 -0.0390227 0.000527762
25 45.952 -9.94269 0.968103 -0.0331649 0.000449962
26 44.7881 -9.73403 0.970206 -0.0341331 0.000473387
27 41.2163 -9.274 0.935438 -0.0330568 0.000463027
28 46.1415 -10.0498 1.00648 -0.0358817 0.000502768
29 37.5136 -8.35448 0.868962 -0.03098 0.000441924
30 51.6691 -11.0163 1.08577 -0.0388533 0.000544888
31 29.0885 -7.48114 0.845905 -0.0320384 0.000478523
32 469.306 -127.893 12.0404 -0.459351 0.00624634
33 81.8442 -17.447 1.61679 -0.0569987 0.000769648
34 83.3677 -17.8774 1.65428 -0.0584006 0.000785626
35 81.4388 -17.4245 1.69046 -0.0638595 0.000921679
36 85.587 -17.7519 1.71415 -0.0647469 0.000934535
37 316.698 -82.8239 7.66964 -0.285808 0.00380697
38 106.9 -23.6193 2.19722 -0.0800972 0.00109358
39 88.2341 -19.5574 1.88746 -0.0709039 0.00100443
40 85.5566 -17.8002 1.68486 -0.0620052 0.000874607
41 77.9459 -15.1877 1.42626 -0.052152 0.00073942
42 96.4291 -20.9949 1.96368 -0.0720224 0.000999182
43 85.964 -18.2022 1.73713 -0.064986 0.000926782
44 89.925 -19.7418 1.86887 -0.0688904 0.000967186
45 85.4696 -17.753 1.58996 -0.0542171 0.000708442
46 88.5459 -19.1036 1.80132 -0.0663052 0.000927459
47 87.9061 -19.0471 1.79847 -0.066112 0.000921494
48 97.3387 -21.6332 2.01971 -0.0737541 0.00101568
49 91.1042 -19.6509 1.88432 -0.0709987 0.00101466
50 81.9085 -17.945 1.66872 -0.0593365 0.000808474
51 101.935 -22.0869 1.99631 -0.0703095 0.000932889
52 87.8067 -18.9841 1.83907 -0.0698136 0.00100964
53 94.9953 -21.2661 2.07031 -0.0793198 0.00114532
54 79.8806 -17.9005 1.71585 -0.0630549 0.000884725
55 94.4553 -20.3468 1.88557 -0.0679734 0.000931498
56 58.484 -10.097 0.953178 -0.0340133 0.000496757
57 177.09 -44.3123 4.20973 -0.160341 0.00222694
58 88.1279 -18.6226 1.79232 -0.0675264 0.000970725
59 74.274 -14.7322 1.40002 -0.0513551 0.000732376
60 94.6222 -20.0967 1.83493 -0.0651537 0.000876961
61 94.0495 -19.7667 1.83606 -0.0670881 0.000935197
62 79.9802 -16.9155 1.58018 -0.0570217 0.000788239
63 78.7675 -15.7012 1.48973 -0.0556016 0.000798986
64 47.4803 -10.9956 1.10927 -0.0397716 0.000552613
65 43.5338 -10.5267 1.09283 -0.0399026 0.000563877
66 38.0045 -9.81104 1.05111 -0.0388127 0.000552005
67 39.486 -9.83602 1.04092 -0.0381544 0.000540202
68 39.663 -10.1832 1.09234 -0.0408799 0.000590672
69 44.3838 -10.6056 1.08256 -0.0388899 0.000538707
70 28.6524 -8.36739 0.952053 -0.0357897 0.000517747
71 53.4047 -12.1827 1.2265 -0.045027 0.000634489
72 29.1216 -8.51402 0.959304 -0.0357164 0.000513622
73 51.8307 -11.7288 1.159 -0.0413202 0.000571777
74 38.0864 -9.49287 0.999172 -0.0360358 0.000504568
75 34.0303 -8.73863 0.939982 -0.0343247 0.000488637
76 37.2848 -8.97011 0.94339 -0.0337167 0.000470986
77 36.0457 -9.20592 0.987342 -0.0364557 0.000522945
78 32.487 -8.20754 0.897357 -0.0329101 0.000475004
79 34.5192 -8.21618 0.874569 -0.0312518 0.000440306
80 50.5476 -11.0663 1.08523 -0.0382521 0.000525203
81 37.0638 -9.04373 0.953228 -0.0345826 0.000490401
82 34.3068 -8.32597 0.871178 -0.0306565 0.000426789
83 50.1208 -10.9811 1.0788 -0.0381885 0.000525669
84 55.4137 -11.7234 1.11187 -0.0382889 0.000514475
85 30.8298 -7.70197 0.838375 -0.0302338 0.000433846
86 39.2646 -9.02893 0.926938 -0.032693 0.000454101
87 25.6612 -6.46039 0.730595 -0.0262199 0.000378454
88 34.7456 -8.05845 0.835295 -0.0287271 0.000392806
89 25.0691 -7.11129 0.825146 -0.0307377 0.000450433
90 28.0175 -7.28028 0.81736 -0.0302314 0.000443448
91 33.8501 -8.11794 0.868761 -0.0314033 0.000447749
92 22.9057 -6.59503 0.782855 -0.0295197 0.000437959
93 38.1706 -8.85505 0.940278 -0.0342251 0.000488156
94 22.6125 -5.15556 0.574189 -0.0189788 0.000261509
95 38.534 -8.9541 0.955953 -0.0354689 0.000515385
