0 50.6772 -11.744 1.18416 -0.0424521 0.000591589
1 44.6308 -11.0711 1.16284 -0.0429401 0.000610285
2 40.9863 -10.156 1.07154 -0.0393112 0.00055878
3 53.6992 -12.6005 1.27919 -0.0471483 0.000666979
4 45.1018 -10.1357 0.982024 -0.0328051 0.000432146
5 46.0927 -10.8236 1.07237 -0.0368666 0.000490932
6 40.1793 -9.7291 0.983021 -0.0335121 0.000445463
7 52.9945 -11.8768 1.16605 -0.0412272 0.000563044
8 49.0146 -11.1692 1.10802 -0.0389941 0.000532762
9 43.5552 -10.3969 1.06681 -0.0381714 0.00053314
10 47.4464 -11.1279 1.12386 -0.0403969 0.000564005
11 35.2381 -9.01208 0.966487 -0.0351134 0.000498223
12 36.3876 -9.19688 0.979285 -0.0355939 0.000503513
13 44.3062 -10.2043 1.02913 -0.0364114 0.00050141
14 34.5894 -8.41989 0.87852 -0.0306493 0.00042359
15 37.2578 -8.95515 0.939647 -0.0337392 0.000478173
16 47.5192 -9.96575 0.957447 -0.0320415 0.000422582
17 57.959 -12.6711 1.22249 -0.0433682 0.000595416
18 38.2675 -9.15086 0.958081 -0.0345402 0.00048903
19 28.3249 -7.33807 0.813203 -0.029252 0.00041696
20 30.0789 -7.41473 0.806972 -0.0288888 0.000415648
21 39.6782 -9.01926 0.920397 -0.0322421 0.000447038
22 57.6846 -11.834 1.09905 -0.03706 0.000491139
23 43.4961 -9.66689 0.968498 -0.0337852 0.000468167
24 43.4657 -9.62738 0.949527 -0.0324171 0.000437511
25 49.8336 -10.7738 1.04261 -0.0359847 0.000486968
26 45.2938 -10.0084 0.982444 -0.0336636 0.000454378
27 38.9592 -8.72812 0.889692 -0.0310654 0.000431153
28 33.9131 -7.90201 0.828559 -0.0288477 0.000399359
29 45.3074 -9.68644 0.960315 -0.0334115 0.00045916
30 41.8526 -9.12332 0.914624 -0.0319163 0.000438335
31 35.7406 -7.6095 0.776736 -0.0265795 0.000368089
32 43.2488 -10.0401 1.02742 -0.0364003 0.000504113
33 53.4858 -12.0252 1.18683 -0.0419737 0.000576436
34 48.0367 -10.9988 1.10179 -0.0389871 0.000536794
35 54.573 -12.3903 1.23065 -0.0443539 0.000618888
36 48.2584 -11.0725 1.11307 -0.0394213 0.000540901
37 39.9454 -9.4792 0.992812 -0.0356936 0.000503383
38 47.5022 -11.2173 1.16027 -0.0425099 0.000599086
39 36.6667 -9.15314 0.973903 -0.035393 0.000502064
40 56.7457 -12.5976 1.23388 -0.0438471 0.000603195
41 49.9676 -11.242 1.1157 -0.039483 0.000545628
42 47.8752 -10.9984 1.10827 -0.039519 0.000548982
43 47.6274 -10.7917 1.08964 -0.0389902 0.000546858
44 58.183 -12.587 1.22759 -0.043879 0.000607488
45 36.4332 -8.66089 0.906619 -0.0320845 0.000451047
46 41.6287 -9.44742 0.953678 -0.0332409 0.000456625
47 35.342 -8.36925 0.871858 -0.0306051 0.000428507
48 46.1829 -10.1274 0.995814 -0.0343171 0.000466188
49 46.7797 -10.1884 0.998952 -0.0344824 0.000469859
50 49.9018 -11.1582 1.11525 -0.0401866 0.000565194
51 46.4917 -9.90001 0.949355 -0.0317793 0.000423169
52 38.0792 -8.59254 0.880073 -0.0305412 0.000422255
53 39.6485 -9.00642 0.923541 -0.0324526 0.000452715
54 39.2916 -8.82478 0.895287 -0.0310015 0.00042745
55 39.3294 -9.02491 0.940687 -0.033799 0.000481319
56 58.1729 -11.9281 1.1086 -0.0374181 0.000495534
57 32.1463 -7.98216 0.870645 -0.0314269 0.000450234
58 37.2314 -8.26383 0.837411 -0.0283273 0.000387931
59 48.5074 -10.2024 0.980309 -0.0331166 0.000443647
60 42.9518 -9.28839 0.930774 -0.0325378 0.000451952
61 39.6089 -8.48173 0.850144 -0.0290492 0.000401182
62 37.7862 -8.37813 0.863884 -0.0303363 0.000425239
63 46.2967 -9.95582 1.00518 -0.0361972 0.000513949
64 65.6768 -14.0155 1.31651 -0.0460513 0.000626507
65 53.0352 -11.7693 1.1397 -0.0397006 0.000544058
66 70.7371 -15.0191 1.39887 -0.0489814 0.000660995
67 55.3387 -12.2943 1.19006 -0.0418142 0.000570347
68 72.1971 -15.6188 1.47591 -0.0527131 0.000723176
69 84.44 -18.0888 1.66299 -0.0587585 0.000790699
70 35.5068 -9.29586 1.00534 -0.0372518 0.000538732
71 61.236 -13.6462 1.32734 -0.0477335 0.000660754
72 79.8137 -17.2622 1.61929 -0.0580704 0.00079364
73 65.687 -14.3552 1.36909 -0.048889 0.000675226
74 55.7209 -12.273 1.1941 -0.042262 0.00058404
75 61.3527 -13.2471 1.26424 -0.0449089 0.000621049
76 58.6842 -12.6059 1.1994 -0.0416917 0.000564353
77 51.7135 -11.2442 1.0789 -0.0371292 0.000499269
78 52.382 -11.6239 1.14448 -0.0409366 0.000573844
79 55.3318 -12.0767 1.16865 -0.0413355 0.000571581
80 54.8183 -11.5661 1.09241 -0.0373412 0.000504933
81 59.0386 -12.6709 1.20993 -0.0427954 0.000590391
82 50.0707 -10.7378 1.02625 -0.0351613 0.000479197
83 66.143 -13.521 1.23673 -0.0423557 0.00056777
84 61.5885 -12.9399 1.22694 -0.043535 0.000602542
85 42.4216 -9.37965 0.940476 -0.0328726 0.000458661
86 52.9808 -11.0657 1.0504 -0.0360928 0.000493292
87 60.5755 -12.4597 1.17099 -0.0406431 0.000555769
88 46.0748 -9.92684 0.966501 -0.0329443 0.000447434
89 70.1268 -14.3766 1.31325 -0.0445052 0.00058514
90 45.2609 -10.1859 1.02843 -0.0368202 0.000523318
91 49.9166 -10.793 1.06312 -0.0376898 0.0005279
92 60.1406 -13.1036 1.27745 -0.0462416 0.000651196
93 47.3497 -10.4826 1.06096 -0.0386199 0.00055528
94 48.686 -10.702 1.07154 -0.0387923 0.000555538
95 56.3594 -11.8147 1.13424 -0.0399868 0.00055398
