0 27.2381 -8.02271 0.965793 -0.0308584 0.000362711
1 41.9223 -8.66761 0.752645 -0.00922917 -0.000156956
2 55.4039 -10.9831 0.947904 -0.0175696 -1.73836e-05
3 38.2074 -8.82591 0.865846 -0.0193471 9.39252e-05
4 54.3634 -11.7678 1.10744 -0.0286201 0.000226842
5 59.8765 -12.707 1.18564 -0.0324274 0.000324452
6 42.9219 -9.74228 0.974042 -0.0261716 0.000259987
7 53.3319 -11.0746 1.00867 -0.0239384 0.000163135
8 49.032 -11.6797 1.23063 -0.0401739 0.000527175
9 36.2849 -7.2368 0.606442 -0.00428361 -0.00019456
10 38.7058 -7.61911 0.680939 -0.0101076 -4.12613e-05
11 21.012 3.94355 -1.25476 0.108457 -0.00243231
12 57.9531 -12.9986 1.29242 -0.039918 0.000463081
13 48.3214 -10.3679 0.979127 -0.024283 0.000191004
14 32.0964 -6.61556 0.585354 -0.00530695 -0.00015117
15 32.368 -7.21357 0.708276 -0.0142105 5.28001e-05
16 34.4311 -6.46377 0.531752 -0.00185327 -0.000220651
17 47.3155 -8.71222 0.705766 -0.00877576 -9.82721e-05
18 36.8062 -8.56156 0.872176 -0.0239855 0.000269854
19 39.5797 -8.1949 0.767225 -0.0148511 2.79201e-05
20 49.5566 -10.5535 0.994723 -0.0247141 0.000183403
21 48.2224 -10.0691 0.966075 -0.0257813 0.000262483
22 43.1943 -9.6787 0.992713 -0.0290227 0.000335704
23 43.3659 -9.69797 0.972914 -0.0265435 0.000263066
24 57.389 -10.2438 0.805567 -0.0104898 -0.000130726
25 51.9521 -10.8592 0.994227 -0.0234713 0.000147967
26 38.3016 -7.18456 0.622617 -0.00723334 -0.000103811
27 42.7599 -8.40434 0.739239 -0.0123666 -2.54613e-05
28 53.55 -10.4101 0.933549 -0.0212184 0.000119892
29 28.1819 -4.23359 0.243407 0.0133473 -0.00049952
30 56.7279 -13.3073 1.4212 -0.0504427 0.000693223
31 38.406 -7.24026 0.619245 -0.00683339 -0.000121391
32 34.6233 -11.0685 1.20629 -0.0367812 0.000382409
33 27.3483 -8.96362 1.0496 -0.0328468 0.000366734
34 25.0763 -7.99264 0.917648 -0.0260326 0.000241974
35 35.8341 -10.1315 1.13024 -0.0367644 0.000452159
36 28.8898 -9.22268 1.06416 -0.034552 0.000416045
37 40.7175 -12.2375 1.4167 -0.0530109 0.00076358
38 27.6269 -8.21523 0.959212 -0.0303314 0.000369488
39 31.8958 -9.51227 1.08427 -0.0352857 0.000431886
40 35.2982 -10.1512 1.14382 -0.0387738 0.000506908
41 32.5137 -8.85461 0.960049 -0.0285818 0.000310123
42 23.5142 -7.38286 0.873002 -0.0274062 0.000346876
43 30.261 -10.3281 1.27386 -0.0494947 0.000754081
44 40.3721 -10.9439 1.18438 -0.0383298 0.000464654
45 31.8807 -9.62203 1.09881 -0.0370966 0.000487898
46 27.3063 -8.65427 0.961702 -0.02831 0.000294422
47 23.9938 -7.58722 0.866182 -0.025188 0.000258216
48 28.107 -8.93278 0.994035 -0.0308642 0.000364024
49 26.3262 -8.45576 0.966517 -0.0309774 0.00039852
50 27.3021 -7.2029 0.7638 -0.0185572 0.000130596
51 39.5121 -9.88588 1.01698 -0.0289939 0.000288574
52 42.3328 -13.1358 1.38432 -0.0443579 0.000504003
53 29.3404 -8.01414 0.918522 -0.0298558 0.000396274
54 33.1332 -9.1201 1.01852 -0.0331662 0.000421584
55 21.295 -6.05707 0.700065 -0.0188463 0.000193725
56 11.0789 -2.6462 0.1962 0.0100283 -0.000361625
57 26.4921 -8.61049 1.04911 -0.0370489 0.000516171
58 28.2765 -8.40563 0.981917 -0.0329178 0.000441833
59 23.8203 -7.65777 0.886309 -0.0261693 0.000278069
60 27.1316 -8.09454 0.938219 -0.0303759 0.000386993
61 29.8605 -9.08467 1.09413 -0.0392481 0.000555572
62 47.2854 -15.166 2.02705 -0.104743 0.00217133
63 29.9182 -10.0017 1.18508 -0.0421665 0.000567312
64 18.0185 -5.14936 0.54059 -0.00760444 -4.38601e-05
65 21.3871 -6.55067 0.741034 -0.0193055 0.000205657
66 31.9548 -10.2439 1.13483 -0.0361704 0.000438533
67 26.3354 -8.45617 0.970706 -0.0304305 0.000375228
68 31.059 -7.40745 0.752792 -0.0175477 0.000140769
69 27.6158 -7.22085 0.747692 -0.0176089 0.000141285
70 22.5903 -7.05418 0.807229 -0.0224671 0.000236592
71 29.554 -7.3759 0.773332 -0.0189386 0.000178514
72 72.8444 -23.4101 2.58466 -0.103546 0.00156939
73 21.5839 -6.52113 0.721374 -0.0176281 0.000147183
74 45.2025 -14.5084 1.59864 -0.0573132 0.000790413
75 19.616 -5.0349 0.511025 -0.0072733 -1.17596e-05
76 24.253 -8.07911 1.00588 -0.0370723 0.000582602
77 28.2633 -6.94591 0.720199 -0.0185166 0.000209056
78 32.1911 -7.43087 0.708782 -0.0132095 2.26811e-05
79 27.4959 -8.36564 0.868412 -0.0209345 0.000137293
80 21.5175 -4.34627 0.353917 0.00338146 -0.000250988
81 20.0904 -5.11558 0.535141 -0.0100631 5.68211e-05
82 27.044 -8.53964 0.9487 -0.0279074 0.000308547
83 29.5209 -6.80834 0.67093 -0.0140608 9.00903e-05
84 14.4244 -3.15656 0.286627 0.00228921 -0.000151939
85 26.657 -8.25451 0.888118 -0.0233353 0.000196459
86 26.6303 -7.24306 0.80817 -0.0222151 0.000229433
87 18.946 -5.03628 0.54641 -0.0096442 3.04491e-05
88 16.5397 -4.37164 0.479854 -0.0070543 4.6781e-06
89 11.7297 -2.07972 0.128832 0.0147023 -0.000474873
90 17.3131 -4.81007 0.519699 -0.00795971 -9.80011e-06
91 26.9144 -8.85075 1.04319 -0.034434 0.000439696
92 20.4905 -6.44932 0.788362 -0.0243813 0.000330984
93 52.9478 -17.2177 1.921 -0.0733875 0.00107742
94 13.1735 -2.87778 0.289757 0.00270874 -0.000187439
95 27.5852 -9.56203 1.22236 -0.048602 0.000784935
