0 31.1136 -8.73318 0.929005 -0.0326684 0.000453267
1 27.614 -7.29606 0.786602 -0.0270965 0.000375989
2 28.6663 -7.99023 0.868782 -0.0305254 0.000425537
3 24.5697 -6.85291 0.752229 -0.0259769 0.000361444
4 33.7499 -9.07446 0.958905 -0.0341035 0.000476653
5 27.7813 -7.83261 0.850807 -0.0299729 0.000420956
6 29.114 -8.22875 0.890459 -0.0315664 0.000445138
7 28.8711 -7.21036 0.757892 -0.0256737 0.000350148
8 29.5296 -8.33096 0.888547 -0.031091 0.000429494
9 28.0602 -7.91333 0.85537 -0.0300621 0.00041733
10 33.7514 -9.77609 1.04161 -0.0374626 0.000521001
11 34.6569 -8.19879 0.830567 -0.0282411 0.00038633
12 33.6465 -9.04832 0.957123 -0.0339999 0.000475519
13 28.9787 -8.21261 0.882421 -0.0311243 0.000430918
14 28.7118 -8.06242 0.866656 -0.0304687 0.000421384
15 27.4808 -7.73801 0.833856 -0.0292133 0.000406918
16 28.0969 -7.75952 0.828602 -0.0287031 0.000395897
17 40.3096 -9.49976 0.94023 -0.0320348 0.000431809
18 32.7952 -9.34865 0.986482 -0.0351089 0.000487593
19 28.2783 -6.94844 0.729355 -0.0245218 0.000336965
20 29.8424 -8.20038 0.863854 -0.0300175 0.000412396
21 31.8931 -7.78525 0.801848 -0.0269873 0.000363753
22 31.85 -9.09788 0.959229 -0.0338671 0.000466567
23 22.6848 -5.79345 0.625898 -0.0205602 0.000280714
24 31.0706 -8.43435 0.898201 -0.0317417 0.000445072
25 35.458 -8.6856 0.889776 -0.0306563 0.000421272
26 27.7432 -7.67118 0.832334 -0.0293082 0.000412594
27 24.6297 -6.74565 0.726309 -0.024612 0.000338867
28 34.7367 -9.68937 1.02181 -0.0365713 0.000510666
29 33.3878 -8.23064 0.849788 -0.0291034 0.000397875
30 26.4962 -7.19945 0.783494 -0.0273788 0.000380831
31 24.5152 -6.80492 0.749687 -0.0263918 0.000371984
32 57.5364 -11.7292 1.0648 -0.0341113 0.000444686
33 67.2731 -14.2415 1.306 -0.0438183 0.000576695
34 56.3791 -11.9963 1.11342 -0.036596 0.000480318
35 73.6516 -15.3132 1.39579 -0.0474677 0.000629988
36 61.0937 -11.9174 1.01727 -0.0305386 0.000368753
37 73.9234 -15.5458 1.40888 -0.047204 0.000613685
38 59.689 -12.102 1.06583 -0.0328443 0.000408422
39 72.5813 -14.9466 1.34796 -0.0452099 0.000591655
40 63.9223 -12.9957 1.14379 -0.036354 0.000460824
41 70.4697 -14.8824 1.34971 -0.0450146 0.000582859
42 69.4274 -14.4007 1.29057 -0.0424982 0.000548225
43 60.629 -12.5195 1.13605 -0.0371018 0.000481118
44 56.5735 -11.6506 1.04814 -0.0333383 0.000426004
45 60.2607 -12.4278 1.10879 -0.0352796 0.000449925
46 89.5946 -19.0619 1.73661 -0.0604431 0.000802929
47 57.8527 -11.7896 1.05816 -0.0338817 0.000434637
48 79.3662 -16.4532 1.47204 -0.0494667 0.000653515
49 57.9622 -11.6169 1.01031 -0.0307242 0.000380931
50 62.0352 -12.9849 1.17741 -0.0383085 0.00049739
51 63.5624 -12.8995 1.15089 -0.0371986 0.000480176
52 57.3223 -11.406 0.99782 -0.0306449 0.00038546
53 68.8805 -14.1803 1.26847 -0.0414428 0.000531353
54 52.6227 -11.235 1.04978 -0.0347342 0.000459484
55 51.5804 -10.1873 0.909916 -0.0280724 0.000355254
56 74.4112 -14.9013 1.29068 -0.0414548 0.000529351
57 71.3604 -14.6303 1.3045 -0.0429202 0.000555441
58 49.2865 -10.2732 0.945839 -0.0299722 0.000388414
59 68.1786 -13.9898 1.25806 -0.0415536 0.000538225
60 52.7365 -11.008 1.01484 -0.0331093 0.000434575
61 45.1529 -9.58984 0.905729 -0.029364 0.000387892
62 73.4805 -15.5216 1.41622 -0.0479814 0.000630157
63 59.2232 -11.8753 1.07432 -0.0351462 0.000460062
64 20.355 -5.50273 0.609971 -0.0201849 0.000287829
65 20.8878 -5.61601 0.606137 -0.0192252 0.000258348
66 29.6576 -7.92873 0.836964 -0.0285615 0.000389494
67 37.9154 -8.50654 0.822633 -0.0266065 0.000350687
68 33.7846 -7.59254 0.72836 -0.0224212 0.000288383
69 29.1337 -7.43333 0.771263 -0.0261744 0.000359851
70 28.331 -7.89992 0.834479 -0.0285438 0.000390402
71 27.4782 -7.03384 0.741755 -0.0247022 0.000335681
72 27.7697 -6.76326 0.687839 -0.0221412 0.000297481
73 29.1869 -7.47432 0.774837 -0.0260691 0.000357644
74 32.6948 -8.11557 0.825976 -0.0278326 0.000377786
75 32.7729 -8.0295 0.812043 -0.0272871 0.000373729
76 37.9423 -8.20073 0.767924 -0.0237272 0.00030089
77 36.3307 -8.67227 0.8544 -0.0285898 0.000383213
78 37.8087 -8.83969 0.867867 -0.0289941 0.000387939
79 30.9067 -7.80639 0.817952 -0.0283184 0.000394166
80 30.7607 -8.63825 0.891542 -0.0306761 0.000420743
81 34.08 -8.17608 0.814165 -0.02701 0.000361192
82 32.1983 -7.98783 0.807961 -0.0270431 0.000364838
83 24.5695 -6.55041 0.70417 -0.0239249 0.000332742
84 24.6742 -6.43094 0.663005 -0.0213168 0.000285512
85 28.8011 -6.87362 0.703265 -0.0228571 0.000304828
86 27.4401 -7.37087 0.787591 -0.0271633 0.000375415
87 31.9726 -7.39921 0.74552 -0.0244934 0.000327939
88 25.0098 -6.4309 0.678493 -0.0224501 0.000308071
89 25.8499 -6.74361 0.719375 -0.0242835 0.000333989
90 27.5073 -7.10059 0.748328 -0.0254267 0.000348762
91 26.7791 -7.08085 0.758044 -0.026223 0.000366636
92 29.4233 -7.04893 0.713339 -0.0233744 0.00031413
93 31.4618 -7.32335 0.741678 -0.0242533 0.000326565
94 31.052 -7.80551 0.815401 -0.0279882 0.000389887
95 28.1108 -6.48912 0.674999 -0.022449 0.000308697
