0 39.1654 -11.9405 1.36356 -0.0491303 0.000665516
1 34.7093 -11.7211 1.41406 -0.0545844 0.000802051
2 38.3112 -11.4896 1.2728 -0.042709 0.000525143
3 30.8859 -9.90559 1.136 -0.0375216 0.000455666
4 49.5387 -16.0756 1.78639 -0.0663578 0.000910207
5 34.3729 -11.3133 1.2957 -0.0456092 0.000597055
6 30.4557 -9.84791 1.11056 -0.0360208 0.000431258
7 35.7422 -10.9444 1.22742 -0.0416428 0.000521229
8 43.0421 -12.0012 1.31134 -0.0449592 0.000573655
9 35.6827 -10.7121 1.19182 -0.0392844 0.000464283
10 28.9511 -8.68681 0.978653 -0.0305 0.000342565
11 36.8212 -10.188 1.08435 -0.0331106 0.000358529
12 45.2907 -12.9485 1.472 -0.0572867 0.000864516
13 40.9376 -11.6993 1.29906 -0.0460268 0.000607705
14 27.0924 -8.60091 0.997212 -0.034436 0.000485592
15 30.7487 -9.57812 1.11143 -0.03996 0.000582734
16 32.9001 -8.67382 0.900225 -0.0244195 0.000204592
17 31.1289 -9.63908 1.08618 -0.0356196 0.000426451
18 31.8895 -10.2977 1.19668 -0.0426387 0.000581102
19 27.687 -8.47543 0.982667 -0.0317585 0.000384308
20 33.0013 -10.8079 1.25688 -0.0460098 0.000654942
21 43.015 -11.4056 1.21514 -0.0407929 0.000513468
22 32.6296 -10.555 1.20614 -0.0424168 0.000567315
23 31.3621 -9.78326 1.12176 -0.038066 0.000477577
24 43.1547 -13.8742 1.5443 -0.0565013 0.000775441
25 35.0481 -9.58683 1.0303 -0.0324333 0.000384259
26 26.1803 -7.83679 0.88718 -0.0267404 0.000288486
27 31.8127 -9.96052 1.13597 -0.0391084 0.00050318
28 31.7024 -9.9284 1.1494 -0.040296 0.000529151
29 25.7378 -8.1734 0.960032 -0.0314872 0.000385781
30 35.0226 -11.1159 1.22019 -0.0412034 0.000524218
31 34.8064 -10.6401 1.23186 -0.0442364 0.000595544
32 53.7017 -13.8354 1.48185 -0.0517817 0.000668248
33 39.6342 -10.5566 1.14602 -0.0366676 0.000425778
34 32.9505 -8.82736 0.959097 -0.0285139 0.000304813
35 44.6154 -12.9771 1.44366 -0.0510442 0.000646899
36 28.187 -7.85441 0.845403 -0.0229647 0.000203313
37 34.4452 -8.3702 0.840157 -0.020665 0.000140223
38 41.8056 -11.0652 1.13706 -0.0340522 0.000352884
39 29.7622 -8.97757 1.01629 -0.0331985 0.000411691
40 47.4726 -11.5046 1.162 -0.0354941 0.000383138
41 36.4283 -8.81571 0.867059 -0.0221289 0.000169204
42 39.3726 -9.39794 0.908924 -0.0220049 0.00012795
43 34.9825 -9.3858 1.00446 -0.0304489 0.000331626
44 26.0609 -8.09707 0.880726 -0.0244751 0.00022126
45 45.2582 -11.9137 1.2569 -0.0423436 0.000539511
46 28.7435 -7.65314 0.813485 -0.0219585 0.000196308
47 36.4926 -9.18367 0.926131 -0.0254698 0.000225642
48 22.1348 -6.82209 0.789058 -0.0229559 0.000238375
49 40.0251 -9.60813 0.953205 -0.0266359 0.000249543
50 22.5005 -5.97264 0.642624 -0.0152215 0.000110482
51 38.7327 -10.0391 1.06877 -0.0345994 0.000422804
52 32.4017 -9.20341 1.04597 -0.0363958 0.000484205
53 33.4517 -8.91036 0.95871 -0.0293247 0.000329879
54 37.0992 -8.87356 0.904755 -0.0265019 0.000287702
55 27.8967 -6.69509 0.696244 -0.0171637 0.000136634
56 33.7061 -8.75381 0.913655 -0.0268227 0.000280667
57 30.8736 -8.34706 0.916362 -0.0278061 0.000295139
58 27.395 -7.42418 0.818362 -0.0244084 0.000276893
59 30.8589 -7.5639 0.784136 -0.0204973 0.000169314
60 21.4586 -4.74768 0.446478 -0.00376945 -0.000121173
61 19.1422 -5.79828 0.67501 -0.018555 0.000185584
62 30.5232 -9.17748 1.04985 -0.0358655 0.000461249
63 33.9225 -9.88277 1.13322 -0.0403216 0.000546735
64 20.3583 -5.29967 0.4361 -0.00135965 -0.000137348
65 29.6377 -9.56191 1.09306 -0.0355535 0.000421489
66 38.0616 -12.3893 1.3876 -0.0475384 0.000596125
67 43.9652 -13.6647 1.4318 -0.0458359 0.000505584
68 34.6512 -11.3668 1.29171 -0.0443817 0.000565825
69 51.2545 -15.9943 1.69368 -0.0585863 0.000733434
70 37.0412 -12.6651 1.55543 -0.0639796 0.00102933
71 35.7205 -11.5516 1.29547 -0.0442405 0.000560876
72 38.6802 -12.3127 1.34275 -0.0446239 0.000526298
73 40.1338 -12.4381 1.30147 -0.0404206 0.000425242
74 35.2738 -11.1359 1.20303 -0.0377468 0.000409389
75 29.3036 -9.22084 1.03501 -0.0324346 0.000362771
76 40.7844 -11.3926 1.04487 -0.0243232 0.000132274
77 35.4108 -11.0437 1.17979 -0.0372414 0.000429253
78 28.9992 -8.76692 0.904016 -0.0239221 0.000210543
79 40.8299 -12.1734 1.19952 -0.0332583 0.000286779
80 42.9473 -13.1558 1.36832 -0.0444144 0.000520907
81 38.2302 -11.9965 1.29605 -0.0437181 0.000558017
82 46.3838 -14.3232 1.50541 -0.0511114 0.000636566
83 40.1288 -12.2616 1.26453 -0.0382789 0.000386327
84 70.9542 -21.253 2.16488 -0.0780988 0.00103976
85 31.5874 -10.2173 1.15222 -0.0382296 0.000465845
86 37.0757 -12.1342 1.39852 -0.0521109 0.000748448
87 33.1574 -10.4439 1.13692 -0.0354181 0.000385826
88 51.6107 -15.7983 1.63678 -0.0550316 0.000662684
89 33.1286 -10.1197 1.19382 -0.0428836 0.000577347
90 35.2758 -11.848 1.45875 -0.0580927 0.000865852
91 71.2453 -21.9507 2.30516 -0.0864066 0.00119896
92 58.1051 -18.2321 1.97589 -0.0765459 0.00112972
93 31.7372 -10.6699 1.27269 -0.0464207 0.00062081
94 47.6268 -14.6818 1.58887 -0.057444 0.000780848
95 45.4727 -14.8891 1.70317 -0.0666246 0.000995396
