0 32.3105 -10.1535 1.16168 -0.0452794 0.000671332
1 45.1739 -14.2184 1.56816 -0.0619585 0.000914042
2 32.4759 -10.0753 1.14465 -0.0442783 0.000651051
3 48.9935 -15.136 1.63969 -0.0644728 0.00094543
4 37.9743 -11.7974 1.31543 -0.0510575 0.000748596
5 28.0359 -8.67922 1.00329 -0.0386002 0.000570747
6 43.9084 -13.6485 1.49681 -0.0587896 0.000862294
7 38.3009 -11.9372 1.33592 -0.0526707 0.000779232
8 26.7107 -8.06078 0.943923 -0.036178 0.000536228
9 30.3232 -9.20568 1.04901 -0.0400989 0.00058433
10 36.4059 -11.3575 1.27626 -0.050033 0.00074068
11 26.7598 -7.91448 0.91757 -0.0348474 0.0005138
12 42.3378 -12.9117 1.38671 -0.0529195 0.000760178
13 29.2363 -9.24442 1.03493 -0.0390655 0.000570692
14 25.5463 -6.99926 0.796637 -0.0288856 0.000413296
15 39.019 -12.0594 1.32492 -0.0515192 0.000757412
16 38.2826 -11.6077 1.24457 -0.0465174 0.000663627
17 30.9262 -9.49369 1.07027 -0.040857 0.000601554
18 35.5411 -11.0748 1.22558 -0.0475927 0.000705818
19 43.0125 -13.4307 1.47803 -0.0583436 0.000865597
20 31.4872 -9.49325 1.06178 -0.0401169 0.000582083
21 55.2174 -16.3999 1.68939 -0.0643135 0.000921734
22 20.6211 -6.01994 0.730112 -0.0276192 0.000418718
23 27.3013 -8.31429 0.965943 -0.0375667 0.000566672
24 25.9299 -7.74508 0.884606 -0.0329737 0.000478645
25 23.0751 -5.94386 0.691408 -0.0248743 0.000362681
26 44.9745 -13.8101 1.4805 -0.0574181 0.000841889
27 27.8357 -8.69741 1.00382 -0.0388215 0.000575545
28 25.1359 -7.43343 0.875562 -0.0333657 0.00049514
29 28.0129 -8.95776 1.02816 -0.0397032 0.000587315
30 24.9421 -7.54148 0.890031 -0.034233 0.000511948
31 22.362 -6.72359 0.805983 -0.0307056 0.000456926
32 27.4055 -7.76399 0.893314 -0.0332385 0.000484841
33 32.6056 -8.40298 0.925162 -0.0340699 0.00049253
34 27.927 -8.5394 0.993306 -0.0382306 0.000569348
35 28.0137 -7.71309 0.870947 -0.0318203 0.000458978
36 45.1954 -10.7563 1.10592 -0.0401268 0.000566049
37 32.4553 -10.0295 1.14089 -0.0443663 0.000661068
38 33.4294 -9.00532 1.00364 -0.0375143 0.000544552
39 28.062 -7.70688 0.878239 -0.0327253 0.000476228
40 31.466 -8.26338 0.916934 -0.0340454 0.00050073
41 34.9992 -9.13664 0.99073 -0.0365342 0.000524184
42 34.2586 -8.37686 0.889376 -0.0315487 0.000445346
43 37.2533 -9.18939 0.984965 -0.036212 0.000522752
44 39.4805 -9.48802 0.997968 -0.036471 0.000524183
45 30.3329 -9.2643 1.05182 -0.0403413 0.000595541
46 27.7373 -7.87388 0.900728 -0.0338734 0.000495727
47 25.6539 -7.7274 0.900637 -0.0343396 0.000512335
48 28.2707 -7.2346 0.804422 -0.0292294 0.000426742
49 25.2517 -6.42894 0.72313 -0.0257692 0.000374523
50 30.8632 -7.83933 0.873712 -0.0325977 0.00048098
51 29.6391 -7.21233 0.785302 -0.0278387 0.000396694
52 31.0957 -7.56689 0.81908 -0.0293765 0.000422221
53 33.0501 -8.16327 0.879973 -0.0318285 0.000457064
54 35.7174 -8.16322 0.852923 -0.030085 0.000425116
55 23.3343 -6.8374 0.81325 -0.0310126 0.000468462
56 31.1353 -7.74181 0.835297 -0.0300035 0.000431733
57 27.4625 -8.38755 0.9718 -0.0374879 0.000562751
58 21.6088 -6.38345 0.773636 -0.0293554 0.000442894
59 24.4763 -6.3915 0.741321 -0.027175 0.000400619
60 30.234 -7.23801 0.789359 -0.0283327 0.000407637
61 23.2807 -6.23893 0.721271 -0.026251 0.000386948
62 20.2438 -5.50476 0.659813 -0.0237525 0.000345147
63 22.538 -5.82775 0.693539 -0.0259782 0.000394317
64 25.7679 -7.29592 0.81582 -0.0294265 0.00042008
65 42.3498 -9.5641 0.957948 -0.0332445 0.000453976
66 48.5633 -11.2977 1.1506 -0.0419921 0.000589965
67 45.6159 -10.2292 1.02241 -0.0360117 0.000495883
68 33.9419 -8.78157 0.95029 -0.0349836 0.000502313
69 30.1162 -7.73269 0.837962 -0.0299068 0.000420706
70 25.8766 -6.64558 0.744326 -0.026364 0.000373498
71 25.7257 -6.95821 0.791711 -0.0286848 0.000408396
72 38.4592 -9.19308 0.960415 -0.0349403 0.000498346
73 4.66356 1.44262 -0.264745 0.0226422 -0.000439807
74 37.2182 -8.93239 0.933525 -0.0336186 0.000474983
75 33.7891 -8.11654 0.856072 -0.03057 0.00043285
76 35.0402 -8.47157 0.893233 -0.031964 0.000450012
77 38.0706 -8.6738 0.880389 -0.0306635 0.000423787
78 24.8314 -6.95711 0.795696 -0.0294167 0.00042692
79 35.7797 -8.48364 0.900389 -0.0328634 0.000469925
80 35.2792 -8.34444 0.868027 -0.0307019 0.000430031
81 34.7557 -8.42551 0.889432 -0.0320394 0.000454358
82 27.6483 -7.12637 0.788664 -0.0286775 0.000415085
83 28.756 -6.73005 0.726345 -0.0257245 0.000366205
84 33.7366 -7.95952 0.843053 -0.030279 0.000429819
85 31.6637 -7.07714 0.746995 -0.0258226 0.000359448
86 42.0844 -9.14466 0.912826 -0.0317653 0.000435773
87 30.4463 -7.19717 0.772772 -0.0272142 0.00038283
88 33.9715 -7.85898 0.822499 -0.0287291 0.000399373
89 26.5844 -3.39019 0.195481 0.00404201 -0.000164985
90 38.8833 -8.97434 0.924439 -0.0328168 0.000456478
91 27.9561 -6.69067 0.74235 -0.0265481 0.000377219
92 26.1506 -6.07794 0.666057 -0.0231656 0.000328744
93 27.176 -6.70543 0.753131 -0.0271833 0.000393676
94 23.4198 -6.0493 0.693039 -0.0246883 0.000351984
95 36.7996 -8.12594 0.848176 -0.0304137 0.000433165
