0 43.172 -10.3088 1.06866 -0.0385213 0.00053924
1 30.5124 -8.32649 0.940007 -0.035233 0.000515435
2 44.2682 -10.6392 1.10122 -0.0400075 0.000560952
3 24.8787 -6.96657 0.805785 -0.0296696 0.000430796
4 26.4121 -7.6849 0.874404 -0.0323835 0.000470183
5 28.0588 -8.41053 0.958769 -0.0360584 0.000522307
6 32.8779 -8.50802 0.931557 -0.0340444 0.00048331
7 27.4534 -7.33252 0.827012 -0.030071 0.000432745
8 34.4605 -10.486 1.15548 -0.043548 0.000627883
9 35.8824 -8.77851 0.931548 -0.0334719 0.000470764
10 30.576 -9.34996 1.05942 -0.040447 0.000589584
11 31.0479 -7.73944 0.841455 -0.0301751 0.000426461
12 32.902 -7.95791 0.85113 -0.030095 0.000419113
13 30.3681 -7.65986 0.834184 -0.0297833 0.000420376
14 23.2601 -6.4955 0.75483 -0.0275821 0.000400905
15 31.8582 -7.56207 0.803753 -0.0281568 0.000395307
16 18.7415 -5.10859 0.605479 -0.0210801 0.000300751
17 31.7436 -7.62218 0.808987 -0.0282153 0.000390808
18 22.841 -6.0978 0.692941 -0.0242377 0.000343763
19 33.1306 -7.80604 0.833335 -0.029534 0.000415352
20 32.9921 -7.84649 0.831913 -0.029423 0.000413798
21 29.7822 -7.10968 0.759828 -0.0264015 0.000370848
22 30.3289 -7.14204 0.761901 -0.0262821 0.00036419
23 25.2447 -6.40582 0.719518 -0.0256447 0.000369612
24 24.2894 -7.04699 0.796142 -0.0287143 0.000411405
25 30.0027 -6.83429 0.724012 -0.0245942 0.000340775
26 24.0569 -6.1041 0.688083 -0.023939 0.000339161
27 28.1203 -6.94159 0.758445 -0.0268512 0.000383154
28 22.4971 -6.79776 0.790145 -0.0291397 0.000428539
29 23.3645 -6.91178 0.809693 -0.0302906 0.000451634
30 20.629 -5.97697 0.706172 -0.0259096 0.0003793
31 26.4614 -8.19524 0.940177 -0.0358062 0.000530093
32 66.0308 -14.8537 1.46746 -0.0537736 0.000756446
33 49.7371 -11.8478 1.22395 -0.0452292 0.000648348
34 53.9121 -12.5008 1.26412 -0.0462689 0.000654855
35 61.0015 -14.2261 1.43422 -0.053383 0.000759151
36 60.3463 -13.7105 1.36708 -0.0499697 0.000702518
37 54.8435 -12.5569 1.25792 -0.0454396 0.000635514
38 55.8824 -13.0016 1.30989 -0.0479628 0.000678329
39 44.9928 -10.7429 1.11436 -0.0407582 0.000577943
40 46.9938 -11.1038 1.14478 -0.0416649 0.000589626
41 54.1296 -12.4163 1.23654 -0.0444068 0.000617722
42 52.5788 -12.1174 1.21782 -0.0438541 0.000610434
43 64.9587 -14.4327 1.40657 -0.0507626 0.000703842
44 57.3123 -12.706 1.23185 -0.043365 0.000591914
45 53.0976 -12.1178 1.21594 -0.0441631 0.000627121
46 56.3738 -12.2091 1.17083 -0.0407878 0.000555915
47 61.7295 -13.7026 1.34457 -0.0488243 0.000683667
48 40.7019 -9.5005 0.968301 -0.0339369 0.00046982
49 59.1817 -13.0599 1.2749 -0.0458891 0.000641457
50 57.0181 -12.7101 1.25455 -0.0450415 0.000629108
51 62.1304 -13.5336 1.32187 -0.0477795 0.0006677
52 44.2106 -10.189 1.03621 -0.0369966 0.000517092
53 53.2518 -11.7839 1.1579 -0.041159 0.000571338
54 56.3041 -12.4528 1.21755 -0.0433483 0.0006011
55 47.5939 -10.6554 1.07258 -0.0382775 0.000537995
56 57.0967 -12.0751 1.13978 -0.0388875 0.000522356
57 68.499 -14.5261 1.36806 -0.048085 0.000655036
58 56.4472 -12.4728 1.2232 -0.0436964 0.000609411
59 55.2632 -12.172 1.1947 -0.0425267 0.00059203
60 54.7959 -11.8256 1.15015 -0.0407188 0.000565835
61 66.8711 -14.3123 1.35828 -0.0479592 0.000655238
62 53.4198 -11.4383 1.11089 -0.0389898 0.000543666
63 41.9734 -9.52867 0.984752 -0.0354614 0.000503565
64 75.0112 -16.0509 1.51992 -0.0549932 0.000763145
65 81.979 -17.636 1.66795 -0.0610869 0.000851013
66 71.9391 -15.6481 1.49974 -0.0544466 0.000752114
67 79.1994 -17.1609 1.63173 -0.0596995 0.000834958
68 73.6424 -16.0004 1.54042 -0.0565782 0.000795975
69 72.5416 -15.5818 1.47636 -0.0531723 0.000733493
70 69.3132 -14.6352 1.37879 -0.0488951 0.000666441
71 81.833 -17.3975 1.65976 -0.0616534 0.000872653
72 65.9791 -14.174 1.34924 -0.0482004 0.000665489
73 77.0339 -16.4684 1.55872 -0.0567254 0.000788725
74 75.1644 -16.1536 1.53753 -0.0558382 0.000776308
75 75.7352 -15.8361 1.47916 -0.0529999 0.000727729
76 81.6821 -17.1978 1.61708 -0.0589402 0.000819613
77 88.6127 -18.8792 1.77091 -0.0653219 0.00091526
78 74.799 -15.479 1.46692 -0.0535004 0.00075043
79 75.2839 -15.5148 1.44267 -0.0512491 0.000700737
80 61.9968 -12.763 1.20708 -0.0425891 0.000586766
81 70.7979 -14.5667 1.35713 -0.0481083 0.000661449
82 69.0302 -14.029 1.29176 -0.0448064 0.000602499
83 76.1705 -15.6698 1.46753 -0.0533853 0.000749149
84 67.6022 -12.7541 1.18039 -0.0420925 0.000591899
85 77.5863 -16.2631 1.54014 -0.0561925 0.000786988
86 160.36 -39.0782 3.66611 -0.137798 0.00189247
87 78.8177 -16.4866 1.53026 -0.0545919 0.000745989
88 76.9881 -15.8 1.48104 -0.053598 0.000749311
89 62.5493 -12.9122 1.22808 -0.0435791 0.000602209
90 74.7035 -15.3357 1.41323 -0.0495356 0.000668453
91 72.4513 -14.9614 1.42313 -0.0522029 0.000741093
92 100.386 -21.4132 1.84757 -0.0599207 0.000719054
93 65.088 -13.4556 1.28422 -0.0463837 0.000653166
94 71.4867 -14.4866 1.36175 -0.0491964 0.000690731
95 83.2556 -17.4878 1.67382 -0.0629771 0.00090353
