0 31.1454 -10.3097 1.26721 -0.0507879 0.000750556
1 37.7707 -11.1167 1.31202 -0.0519111 0.00075791
2 40.8268 -11.7516 1.3835 -0.0556145 0.000826454
3 34.6686 -11.4966 1.39462 -0.0568271 0.000848353
4 31.0537 -9.88088 1.1994 -0.0476248 0.000704214
5 41.2403 -13.6539 1.6144 -0.0657687 0.000977024
6 30.9378 -9.78505 1.18087 -0.0460959 0.000669389
7 37.8779 -10.6108 1.23176 -0.0480913 0.000701368
8 41.785 -11.5076 1.32213 -0.0520445 0.000764514
9 36.9991 -10.5189 1.2293 -0.0482291 0.000705345
10 29.7069 -8.90896 1.07955 -0.0418812 0.000605045
11 25.8858 -7.40492 0.899464 -0.0334154 0.000464507
12 29.7926 -8.98191 1.08544 -0.0419592 0.000611587
13 32.4869 -10.6268 1.28875 -0.0519946 0.000775459
14 28.9371 -9.08763 1.09548 -0.0424897 0.000618336
15 26.9753 -8.31754 1.01932 -0.0395565 0.000577536
16 29.9375 -8.59561 1.02105 -0.0386545 0.000553342
17 37.4899 -12.2982 1.45196 -0.0583598 0.000866318
18 29.9346 -8.90076 1.07444 -0.0419938 0.000618078
19 30.8331 -8.71352 1.05285 -0.0411781 0.000607038
20 33.96 -9.11615 1.05653 -0.0401406 0.000580561
21 28.9127 -8.30309 0.990387 -0.0377475 0.000545341
22 27.0773 -8.35946 1.02038 -0.0393194 0.000571186
23 29.4435 -8.48795 1.03841 -0.0411457 0.000619158
24 31.6241 -8.56932 0.995659 -0.0371982 0.000528281
25 25.7637 -7.85022 0.985302 -0.0386608 0.000574627
26 34.303 -9.01289 1.04385 -0.0396335 0.000570733
27 26.9745 -8.59794 1.0634 -0.0415862 0.00060336
28 31.0711 -8.43272 1.00208 -0.0382343 0.000549416
29 38.8529 -12.6758 1.48277 -0.0595832 0.000883324
30 35.6117 -8.91422 1.02328 -0.0386241 0.00055883
31 38.7785 -12.859 1.51649 -0.0618801 0.000929931
32 37.4082 -10.0347 1.13188 -0.0415314 0.000568747
33 43.2503 -10.5004 1.11223 -0.0390841 0.000519727
34 38.0065 -10.6819 1.21731 -0.0462627 0.000659959
35 44.1447 -11.702 1.29462 -0.0490019 0.000694703
36 43.1844 -12.201 1.40329 -0.0553835 0.00081209
37 35.5079 -10.2315 1.1872 -0.045446 0.000652936
38 33.7239 -9.65613 1.11878 -0.0418152 0.000583103
39 34.6644 -9.78141 1.12766 -0.0425923 0.000604471
40 41.5276 -10.7476 1.16516 -0.0422866 0.000579465
41 32.0847 -9.28405 1.08353 -0.0409374 0.000583203
42 42.8562 -11.3771 1.26909 -0.0484493 0.000695412
43 29.1056 -8.94902 1.08184 -0.0418804 0.000608614
44 30.4955 -9.14838 1.10084 -0.0430264 0.000635025
45 41.1478 -10.3483 1.11275 -0.0401762 0.000551659
46 37.8086 -10.173 1.1516 -0.0435168 0.000621645
47 29.3432 -8.30222 0.974903 -0.036612 0.000524328
48 39.7208 -9.8928 1.07122 -0.0383381 0.000523202
49 47.6278 -11.5645 1.23112 -0.0449105 0.000623297
50 40.7548 -10.5429 1.17144 -0.0438769 0.000623088
51 29.0865 -8.1825 0.953334 -0.0350367 0.000492111
52 27.4931 -7.7785 0.921598 -0.03381 0.00047631
53 30.216 -8.30256 0.982317 -0.0372422 0.00053965
54 33.4372 -8.48996 0.96664 -0.0354247 0.000495997
55 32.8854 -8.77675 1.00256 -0.0368157 0.000515233
56 32.0031 -8.62785 0.979276 -0.0358025 0.000499955
57 23.0042 -7.08517 0.881115 -0.0329637 0.000469485
58 29.1818 -7.95805 0.930754 -0.0340977 0.000480796
59 35.2768 -8.75487 0.979907 -0.0354995 0.000487589
60 40.653 -9.93168 1.07844 -0.0396275 0.00055567
61 29.6889 -7.97514 0.932352 -0.0345498 0.000493556
62 26.0332 -6.73385 0.796733 -0.0283102 0.000391863
63 20.2336 -6.12295 0.784737 -0.0294325 0.000430706
64 61.832 -14.4501 1.49502 -0.0561178 0.00079082
65 56.8704 -13.5749 1.42009 -0.0530416 0.000745138
66 63.9227 -15.1737 1.58141 -0.0600103 0.000849407
67 70.6768 -16.3266 1.67602 -0.0639003 0.000907709
68 90.169 -20.4067 1.98503 -0.072995 0.000996741
69 57.3568 -13.6081 1.42114 -0.052862 0.000740459
70 59.1049 -14.1649 1.50135 -0.0572652 0.000815742
71 64.8053 -15.3482 1.60648 -0.0609975 0.000859407
72 60.3207 -14.0572 1.43858 -0.05276 0.000725363
73 59.4448 -14.0049 1.45346 -0.0541731 0.000758246
74 54.5047 -12.8804 1.34367 -0.0493948 0.000684635
75 54.8453 -12.8069 1.32239 -0.0482347 0.000662429
76 63.6303 -14.4331 1.45565 -0.052816 0.000719302
77 47.695 -11.804 1.27704 -0.048412 0.000693188
78 50.4582 -11.9922 1.2713 -0.0467 0.000641551
79 51.4295 -12.158 1.28978 -0.0485206 0.000691977
80 51.1785 -11.5841 1.18459 -0.0416991 0.000557798
81 56.0904 -11.7055 1.10084 -0.0353693 0.00043561
82 59.6928 -13.4925 1.34256 -0.0476618 0.000638266
83 64.6249 -14.6573 1.49294 -0.0556018 0.000777835
84 65.5351 -13.9996 1.35027 -0.0470361 0.000622431
85 57.064 -12.7108 1.2875 -0.0459211 0.000617165
86 59.8679 -12.0346 1.09017 -0.0333251 0.000378568
87 51.0902 -11.4409 1.18143 -0.0426879 0.000588131
88 37.1943 -8.70646 0.961255 -0.0347401 0.000491914
89 64.8931 -14.4896 1.47084 -0.0545 0.000763394
90 66.4213 -15.0051 1.53203 -0.0575187 0.000810558
91 60.6159 -13.4634 1.37924 -0.0510836 0.000713964
92 60.6702 -13.5872 1.38755 -0.0514354 0.000722901
93 59.5882 -12.1905 1.06192 -0.0293567 0.000275911
94 75.7755 -17.5378 1.7907 -0.0682848 0.000971865
95 54.0612 -12.0531 1.27204 -0.0476833 0.000679673
