0 3.06931 6.8357 -1.17192 0.0762683 -0.00144498
1 46.0469 -11.4592 1.21141 -0.0454168 0.000657357
2 53.3799 -12.7094 1.29796 -0.0478349 0.000681185
3 53.5005 -12.301 1.23985 -0.0451673 0.000640649
4 43.8525 -10.7271 1.11668 -0.0407444 0.000579782
5 46.69 -11.1274 1.15754 -0.042779 0.00061534
6 72.8548 -15.7736 1.497 -0.0535023 0.000734113
7 60.9846 -13.556 1.32072 -0.0476119 0.000665358
8 53.9921 -11.7948 1.13555 -0.0391481 0.000527861
9 54.849 -12.3847 1.23132 -0.0444734 0.000623956
10 58.4478 -12.9724 1.26506 -0.0449916 0.000621227
11 53.6494 -12.1569 1.22099 -0.0445386 0.000631258
12 51.8183 -11.4303 1.10834 -0.0382015 0.000513975
13 43.8316 -10.1586 1.03741 -0.0370264 0.00051733
14 58.5833 -12.5242 1.19328 -0.0414914 0.000562053
15 48.5745 -10.9737 1.1071 -0.0401536 0.000572811
16 44.8509 -9.86926 0.978857 -0.0339934 0.000468737
17 39.7722 -9.59626 1.01212 -0.0369321 0.000530329
18 42.9244 -10.1698 1.07607 -0.0403348 0.000591847
19 68.4083 -14.3199 1.3557 -0.0480294 0.000659156
20 53.9788 -11.6465 1.12676 -0.0393149 0.000540744
21 53.728 -11.585 1.12966 -0.0397542 0.00054591
22 39.783 -8.83295 0.893554 -0.0306466 0.00042142
23 49.9816 -10.828 1.07491 -0.0383156 0.000538146
24 48.5083 -10.5264 1.03354 -0.0360737 0.000497858
25 46.2483 -10.4087 1.04789 -0.0374408 0.00052877
26 38.4003 -9.01026 0.951868 -0.0346461 0.000500792
27 52.1322 -11.2273 1.09931 -0.0388495 0.000540207
28 44.1949 -9.64298 0.975494 -0.0346119 0.000488558
29 46.1673 -9.76645 0.959017 -0.0331274 0.00045928
30 43.2093 -9.56642 0.983518 -0.0355296 0.000508713
31 55.6822 -11.6465 1.12869 -0.0399315 0.000555678
32 49.0176 -15.0055 1.60382 -0.0611704 0.000875167
33 34.9453 -10.5013 1.1315 -0.0409752 0.00056939
34 39.4267 -12.3184 1.37763 -0.0535186 0.000783619
35 29.0129 -8.83336 1.01581 -0.0384031 0.000559982
36 34.3515 -10.6714 1.20484 -0.0460209 0.000665749
37 54.0836 -16.6777 1.79135 -0.0700191 0.00102177
38 36.3928 -11.43 1.29623 -0.0506119 0.000747215
39 30.0077 -9.0466 1.03001 -0.0386632 0.00055948
40 30.9116 -9.5531 1.0887 -0.0414724 0.000607005
41 34.1619 -10.3476 1.14963 -0.0432337 0.000619326
42 30.1852 -9.23754 1.05545 -0.040178 0.000589556
43 31.9116 -9.79962 1.1091 -0.0421841 0.000616095
44 27.6238 -7.69463 0.868808 -0.0311638 0.000439729
45 27.559 -7.92231 0.897111 -0.0325696 0.000462762
46 26.764 -7.54631 0.871507 -0.0323269 0.000471185
47 32.4251 -9.9932 1.12897 -0.0430504 0.000628829
48 29.432 -8.90869 1.01245 -0.0380827 0.000554715
49 30.9206 -9.4047 1.05336 -0.0389463 0.000555285
50 25.593 -7.41678 0.846666 -0.0306318 0.000439423
51 35.7246 -11.0048 1.21862 -0.0463303 0.000670128
52 33.3052 -10.3515 1.15925 -0.0443387 0.000648323
53 33.0383 -7.95066 0.840094 -0.0291013 0.000401463
54 23.7621 -6.88556 0.802475 -0.029211 0.000422053
55 33.9636 -10.7528 1.20084 -0.046108 0.000677039
56 28.0273 -8.2674 0.91631 -0.0328456 0.000458188
57 28.2101 -6.57636 0.680274 -0.0213804 0.000275935
58 22.5467 -6.66286 0.793122 -0.0294114 0.000432572
59 28.919 -8.76914 1.00201 -0.0376095 0.000545898
60 27.681 -6.94348 0.773032 -0.0274764 0.000392703
61 23.5704 -6.45763 0.727746 -0.0250923 0.000349077
62 27.4032 -8.30689 0.956697 -0.0358118 0.000523476
63 23.7835 -7.00661 0.818071 -0.0301695 0.000439851
64 44.0086 -10.1642 1.03787 -0.036949 0.000516347
65 44.051 -10.5273 1.09485 -0.0395172 0.000558657
66 62.0581 -13.9817 1.39555 -0.0514101 0.000728826
67 36.6035 -8.92305 0.950118 -0.033988 0.000480593
68 56.8528 -12.6889 1.24675 -0.0440012 0.000601824
69 50.8087 -11.6232 1.15487 -0.0409749 0.000563453
70 53.1809 -12.2137 1.22876 -0.0446976 0.000628078
71 45.0694 -10.8942 1.14604 -0.0425177 0.00061197
72 45.8373 -10.9576 1.13465 -0.0410892 0.000582677
73 40.4546 -9.35973 0.942483 -0.0319341 0.000431947
74 51.8872 -12.1721 1.25013 -0.0461473 0.000662523
75 41.5952 -10.0822 1.06122 -0.0387876 0.000552781
76 47.7197 -10.8605 1.09337 -0.0387037 0.000534144
77 37.8647 -9.20966 0.962765 -0.0342597 0.000483017
78 36.8263 -8.65103 0.899433 -0.0314326 0.000434542
79 48.7217 -10.9377 1.11424 -0.0404284 0.000575174
80 47.7999 -10.0335 0.96021 -0.0317536 0.000418487
81 -13.9121 10.7695 -1.56363 0.0946057 -0.00180443
82 -11.2464 10.9106 -1.58236 0.0858323 -0.00399414
83 59.2208 -12.6737 1.23379 -0.0439838 0.000613656
84 39.5773 -9.02987 0.928481 -0.0325179 0.000450891
85 32.2124 -7.6513 0.828081 -0.029242 0.000417522
86 38.5089 -8.97084 0.956006 -0.0348517 0.000502558
87 42.6747 -9.74174 1.01047 -0.0364423 0.000521151
88 48.513 -10.6248 1.05652 -0.0369889 0.000511218
89 53.2833 -11.5127 1.13516 -0.0400699 0.000555126
90 46.5383 -10.1419 1.02712 -0.0364957 0.000511547
91 37.8672 -8.45515 0.875429 -0.030387 0.00042086
92 31.2405 -7.53174 0.831354 -0.0300384 0.000437867
93 43.1679 -9.69513 0.99081 -0.0351107 0.00049161
94 34.4698 -7.63058 0.814974 -0.0288389 0.000416479
95 34.8976 -7.65749 0.819704 -0.0293202 0.000426838
