0 31.5892 -9.81528 1.12589 -0.0427145 0.000624258
1 39.4404 -12.479 1.42544 -0.0567093 0.000850651
2 31.7625 -9.86405 1.14514 -0.0444249 0.000660247
3 43.7208 -13.701 1.50244 -0.0580714 0.000848143
4 25.377 -7.50437 0.872648 -0.032134 0.000467076
5 28.577 -8.30825 0.957701 -0.0356844 0.000517289
6 28.9747 -8.65204 1.01138 -0.0385552 0.000566503
7 51.2502 -15.7948 1.69865 -0.0660154 0.000958813
8 26.2004 -7.64082 0.881914 -0.0322222 0.000465807
9 26.8274 -7.93634 0.916579 -0.0338715 0.000489286
10 34.6817 -9.11032 0.99469 -0.0359885 0.000508343
11 27.2724 -8.12837 0.944234 -0.0354402 0.000518091
12 29.5679 -9.13301 1.05928 -0.0405201 0.000598264
13 29.1081 -8.43301 0.96506 -0.0361307 0.0005256
14 31.2953 -9.65985 1.10761 -0.0424995 0.000625711
15 34.0532 -10.4023 1.15457 -0.0432838 0.000621156
16 31.0785 -9.40528 1.0425 -0.0379726 0.000538237
17 25.3309 -7.43486 0.86149 -0.0316988 0.00045985
18 32.1535 -9.92347 1.12324 -0.0426968 0.000623418
19 23.6448 -7.03737 0.837249 -0.0312404 0.000457827
20 39.0712 -12.1681 1.35141 -0.0524123 0.000770549
21 35.2069 -10.6514 1.17081 -0.0436639 0.000619076
22 31.0848 -9.60141 1.09752 -0.0420694 0.000619272
23 38.3396 -11.8287 1.3073 -0.0499531 0.000723319
24 43.8137 -13.3862 1.43835 -0.0545701 0.00078497
25 40.3042 -12.2572 1.3248 -0.0497155 0.000706837
26 25.0499 -7.06453 0.835582 -0.0312195 0.000464943
27 28.6173 -8.83243 1.02814 -0.0396295 0.000590177
28 20.8175 -5.73443 0.6872 -0.0246074 0.000355568
29 27.2761 -8.22029 0.941836 -0.0347001 0.000497908
30 34.9517 -10.9246 1.22602 -0.0470559 0.000684751
31 24.3954 -7.10691 0.83772 -0.0312124 0.000457635
32 27.3267 -7.88588 0.902733 -0.0334654 0.000485186
33 36.5626 -11.3548 1.27509 -0.0498199 0.000734145
34 28.6114 -8.25116 0.938045 -0.0348132 0.000502248
35 30.2624 -9.1292 1.04345 -0.0399425 0.000587837
36 31.5107 -8.46754 0.928455 -0.0336665 0.000477694
37 33.0817 -10.1308 1.13527 -0.0432011 0.000624844
38 38.9765 -9.51227 1.00842 -0.036518 0.000515311
39 25.3434 -7.34447 0.860116 -0.0325416 0.000481665
40 24.6999 -6.65679 0.768112 -0.0278968 0.000404308
41 21.6735 -6.37739 0.730161 -0.0258914 0.000367843
42 29.0454 -8.87519 1.03015 -0.0399127 0.000594408
43 27.2825 -8.23715 0.957556 -0.0366943 0.000541543
44 35.5163 -11.1131 1.26024 -0.0496267 0.000741682
45 30.2046 -9.24344 1.05528 -0.0406839 0.000603334
46 32.283 -10.0267 1.14798 -0.0451868 0.000679491
47 22.9209 -5.83664 0.675952 -0.0239986 0.000343874
48 25.556 -7.34714 0.836615 -0.0307016 0.000445841
49 26.9944 -6.83363 0.759566 -0.0267058 0.000378894
50 35.4438 -10.7781 1.18063 -0.0445528 0.000638548
51 24.2876 -7.04908 0.824514 -0.0309071 0.000455394
52 24.3115 -6.40288 0.725336 -0.0256901 0.000363695
53 34.8401 -10.7387 1.19941 -0.0462964 0.00068074
54 26.1853 -7.87102 0.91441 -0.0347545 0.000513601
55 30.9364 -9.6707 1.09949 -0.0425104 0.000630891
56 26.5352 -7.69111 0.857659 -0.0309731 0.000441594
57 28.2821 -7.30879 0.805976 -0.0286132 0.000405763
58 23.0858 -6.30853 0.736576 -0.0267952 0.000391547
59 30.2925 -9.30836 1.0556 -0.0403788 0.000592006
60 23.0732 -5.97664 0.68099 -0.0239014 0.000340457
61 28.217 -6.90629 0.754307 -0.0262541 0.000366499
62 24.274 -7.08195 0.821552 -0.0304498 0.000444221
63 17.3547 -4.80617 0.594156 -0.0212628 0.000312433
64 37.2965 -9.24172 0.962722 -0.0345014 0.000487324
65 43.2598 -10.0992 1.01189 -0.0353573 0.000483337
66 45.9277 -10.7075 1.08224 -0.0388231 0.000542211
67 40.3664 -9.82327 1.02598 -0.0374476 0.00053205
68 45.7083 -10.4995 1.04259 -0.0364254 0.000497112
69 51.5581 -11.524 1.12176 -0.0395956 0.000541893
70 35.1355 -8.75557 0.931236 -0.0335875 0.000474847
71 49.5974 -11.4017 1.15238 -0.0422188 0.000601043
72 45.1719 -10.8177 1.10359 -0.0400405 0.00056371
73 38.2778 -9.48927 0.988763 -0.0354931 0.000494187
74 37.9591 -8.61113 0.8442 -0.0279705 0.000373913
75 44.4768 -9.95602 0.977919 -0.0337697 0.00046079
76 43.4551 -9.82324 0.987602 -0.0347499 0.000478998
77 36.0962 -8.71921 0.901782 -0.0319595 0.000447478
78 53.5493 -11.2894 1.06536 -0.0362124 0.000482667
79 39.6575 -9.15761 0.937161 -0.0332598 0.000463996
80 44.0015 -9.34652 0.894056 -0.0298152 0.000398664
81 40.335 -8.36829 0.774808 -0.0239385 0.000302909
82 53.3057 -11.2191 1.06293 -0.0365205 0.00049322
83 46.7458 -10.2971 1.01177 -0.0353878 0.000491027
84 37.0124 -8.47183 0.853834 -0.0291687 0.000396935
85 36.3357 -8.35423 0.852605 -0.0293414 0.00040402
86 32.9087 -7.68862 0.800736 -0.0275625 0.000381906
87 53.1567 -11.1706 1.07757 -0.037968 0.000528373
88 40.7278 -9.0956 0.911759 -0.0315302 0.000433275
89 34.9955 -8.10317 0.846223 -0.0296843 0.000415007
90 40.0073 -9.03929 0.930339 -0.0336267 0.000487152
91 40.0475 -8.88905 0.900807 -0.0315921 0.000441409
92 35.4384 -8.39154 0.884989 -0.0319983 0.00046008
93 41.8091 -9.2075 0.923342 -0.0322428 0.00044906
94 38.2606 -8.79587 0.917716 -0.0331973 0.00047834
95 34.64 -7.18162 0.73603 -0.0254884 0.000366547
