0 58.9311 -13.6511 1.39272 -0.0526675 0.000764856
1 47.9896 -10.5898 1.04855 -0.0367935 0.000505652
2 41.2623 -10.213 1.10443 -0.0421261 0.000619501
3 54.9905 -12.6157 1.28059 -0.0477678 0.000682838
4 61.9288 -13.9411 1.38284 -0.0510962 0.000724764
5 56.1013 -12.6185 1.26075 -0.0465154 0.000660291
6 50.8545 -11.7742 1.20102 -0.044382 0.000632321
7 49.8975 -11.2688 1.12975 -0.0410669 0.000578714
8 47.8273 -11.0973 1.14815 -0.0430025 0.000626553
9 50.3232 -11.6455 1.1924 -0.0445066 0.000639383
10 34.4953 -8.39458 0.90092 -0.0328232 0.000472584
11 48.2234 -10.9759 1.12377 -0.0414831 0.000592272
12 50.6355 -11.4073 1.14605 -0.0417136 0.000589506
13 66.7666 -14.4844 1.40779 -0.0518152 0.000731228
14 46.9655 -10.5276 1.06054 -0.0384683 0.000543376
15 49.8429 -10.9115 1.08297 -0.0388807 0.000545583
16 62.2279 -13.0298 1.25085 -0.0452724 0.000638527
17 58.598 -12.7775 1.26563 -0.0465838 0.000666261
18 50.051 -11.1281 1.122 -0.0410384 0.000589125
19 65.0795 -13.9416 1.3503 -0.0492169 0.00068988
20 48.5195 -10.365 1.0232 -0.0363805 0.000510831
21 71.3481 -15.1186 1.44579 -0.0528693 0.000743779
22 53.125 -11.4815 1.13342 -0.0410022 0.000581566
23 54.6834 -11.3282 1.0917 -0.038385 0.000528259
24 44.4818 -9.70038 0.976334 -0.0349271 0.000495922
25 55.4775 -11.817 1.14835 -0.0407899 0.000564013
26 38.5438 -8.78794 0.914779 -0.0328785 0.000466384
27 41.9163 -9.09455 0.921703 -0.0328252 0.000462724
28 47.0248 -10.1314 1.01078 -0.0361841 0.000512578
29 41.0905 -8.8918 0.906548 -0.0324447 0.000465909
30 38.1781 -8.20448 0.841806 -0.0296955 0.000420249
31 65.317 -13.5126 1.2909 -0.0467154 0.000656437
32 27.944 -8.54121 0.997062 -0.0381936 0.000566063
33 28.9251 -8.03195 0.923672 -0.0346355 0.000508102
34 32.0715 -8.39625 0.947992 -0.0358047 0.000527701
35 32.6564 -10.206 1.16162 -0.04491 0.000662143
36 26.3241 -7.79922 0.926947 -0.0357512 0.000541224
37 26.1596 -7.3746 0.863698 -0.0322825 0.000476232
38 26.9022 -7.48161 0.873017 -0.0325516 0.000478848
39 24.5335 -6.94968 0.825367 -0.0309208 0.000456823
40 36.5841 -11.5291 1.2936 -0.0503432 0.000744643
41 28.1474 -7.65785 0.881764 -0.0329806 0.00048842
42 28.3923 -9.29083 1.06549 -0.0410444 0.000608268
43 24.1965 -6.77335 0.79094 -0.0289938 0.000423973
44 30.3916 -9.55981 1.09277 -0.0423827 0.000633134
45 27.1417 -8.1993 0.959699 -0.0369788 0.000554237
46 24.6616 -7.17582 0.838024 -0.0311067 0.000458165
47 22.3224 -5.95906 0.706451 -0.0257282 0.000377215
48 20.7602 -5.83106 0.685956 -0.0246149 0.000361558
49 30.9575 -7.42168 0.808085 -0.0288693 0.000413771
50 30.1913 -6.98734 0.750692 -0.0258123 0.000358646
51 21.4958 -5.96749 0.699399 -0.0250394 0.000362393
52 23.9429 -5.98821 0.693842 -0.0249937 0.000364595
53 24.1291 -7.00463 0.815238 -0.0303567 0.00044848
54 30.9785 -7.2771 0.778272 -0.0268049 0.000374521
55 20.8947 -5.72523 0.688299 -0.0248934 0.00036449
56 21.6427 -5.91624 0.696202 -0.0249988 0.000365299
57 21.5699 -6.03175 0.710209 -0.025362 0.00036667
58 19.4335 -5.29851 0.646113 -0.023409 0.000345789
59 27.3714 -6.59092 0.737182 -0.0260821 0.000372618
60 27.0478 -6.38313 0.706535 -0.0250376 0.000362479
61 27.2412 -8.35248 0.956952 -0.0362851 0.000537729
62 26.6698 -6.40491 0.717534 -0.0254539 0.000366749
63 18.525 -4.56141 0.55153 -0.0191512 0.000279471
64 68.9556 -15.0437 1.44826 -0.0528121 0.000737276
65 69.3346 -15.2777 1.4636 -0.0528182 0.000734072
66 52.9648 -12.1636 1.21458 -0.0440298 0.000619817
67 61.0176 -13.6408 1.34257 -0.0488932 0.000685694
68 74.4372 -16.4012 1.59239 -0.0588592 0.000826584
69 59.2317 -13.3531 1.31543 -0.0477044 0.000665607
70 68.2992 -14.4011 1.33573 -0.0457351 0.000604997
71 65.3716 -14.1157 1.35421 -0.0480598 0.000656294
72 59.6629 -13.26 1.28874 -0.0463159 0.000646965
73 63.1581 -13.916 1.35527 -0.049013 0.000682975
74 74.513 -15.8245 1.50004 -0.0539595 0.00074598
75 58.7905 -12.6876 1.21708 -0.0425903 0.000578399
76 64.69 -13.6353 1.2786 -0.0442436 0.000594242
77 60.0604 -12.8614 1.22115 -0.0427118 0.000580705
78 56.6867 -12.2205 1.17116 -0.0408919 0.000556693
79 56.4464 -11.8583 1.13093 -0.0390824 0.000529816
80 64.039 -13.3702 1.25848 -0.0442416 0.000607662
81 70.9896 -14.6573 1.36048 -0.0478425 0.000653774
82 55.5153 -11.6132 1.08905 -0.0368454 0.000490137
83 43.8812 -9.43101 0.925899 -0.0315855 0.000431231
84 44.5781 -9.71558 0.962469 -0.033773 0.000469635
85 72.6438 -15.2986 1.44499 -0.0516894 0.000709145
86 54.2081 -11.5605 1.11111 -0.0384866 0.000521216
87 60.9112 -12.6511 1.19611 -0.0416674 0.000566523
88 43.8369 -9.38324 0.920094 -0.0311875 0.000420659
89 56.5186 -11.8062 1.13098 -0.0394873 0.000543925
90 50.1118 -10.788 1.05715 -0.0370137 0.000510653
91 53.7741 -11.3484 1.09646 -0.0380889 0.000522378
92 48.3071 -10.1712 0.989812 -0.0339218 0.000461598
93 50.1233 -10.5242 1.02094 -0.0352723 0.000485209
94 60.546 -12.7402 1.22905 -0.0440301 0.000620116
95 65.8413 -13.7296 1.32364 -0.0482652 0.000685672
