0 57.135 -13.1134 1.32063 -0.0484749 0.000687638
1 58.5748 -13.5114 1.36162 -0.0503924 0.000714326
2 66.0602 -14.6909 1.44776 -0.0535263 0.000757067
3 60.5966 -13.8042 1.37399 -0.0503031 0.000708318
4 48.1825 -11.2973 1.14418 -0.041211 0.00057899
5 58.5732 -13.2917 1.31391 -0.0475244 0.000663111
6 44.2646 -10.6715 1.11029 -0.040329 0.000570473
7 47.1516 -10.8857 1.09253 -0.0388979 0.000539271
8 57.3767 -12.8767 1.26445 -0.0452816 0.000625372
9 47.3869 -11.0818 1.12931 -0.0409686 0.000579791
10 47.705 -10.7237 1.06866 -0.0376277 0.000521221
11 50.9891 -11.2562 1.11195 -0.0391673 0.000536478
12 51.291 -11.3718 1.112 -0.0390564 0.000534694
13 50.0614 -11.3818 1.13919 -0.0409535 0.000572308
14 60.5407 -13.0355 1.25165 -0.0442796 0.000609589
15 43.8245 -9.64618 0.953871 -0.0324478 0.000436862
16 48.0034 -10.2534 0.994288 -0.0338272 0.000457126
17 52.9521 -11.6179 1.14331 -0.0406755 0.00056403
18 64.8106 -13.473 1.25175 -0.0430565 0.000575887
19 42.9544 -9.48105 0.951494 -0.0331979 0.000457975
20 47.3618 -10.3635 1.02328 -0.0356853 0.000488154
21 47.9673 -10.4079 1.02433 -0.035529 0.00048876
22 55.7197 -11.9173 1.14888 -0.0404102 0.000558683
23 46.25 -9.89559 0.968282 -0.0330581 0.000447347
24 40.1148 -8.8126 0.886001 -0.030362 0.000419404
25 49.2188 -10.517 1.02275 -0.0354034 0.000484479
26 47.4049 -10.2138 1.00251 -0.0344374 0.000471059
27 50.242 -10.6969 1.04637 -0.0366373 0.000505359
28 35.2132 -7.78965 0.800708 -0.0274336 0.000385868
29 50.6439 -10.933 1.07675 -0.0381154 0.000531781
30 49.5089 -10.5344 1.02721 -0.0354995 0.000489729
31 47.0139 -10.2721 1.03843 -0.0374572 0.000535311
32 71.8847 -15.6235 1.50585 -0.0552572 0.00077802
33 57.9709 -12.1862 1.15224 -0.0397056 0.000533208
34 53.9637 -12.1513 1.2224 -0.0452013 0.000648692
35 67.6843 -14.6424 1.41205 -0.051513 0.000723359
36 48.6914 -10.8412 1.09262 -0.0397076 0.000564815
37 62.4279 -12.9095 1.19832 -0.0409206 0.000546637
38 78.235 -16.7332 1.59717 -0.0586836 0.000823886
39 68.9341 -14.7428 1.41403 -0.0514448 0.000719311
40 68.9937 -14.7766 1.41547 -0.0512352 0.000714414
41 57.8193 -12.4693 1.21491 -0.0439376 0.000618887
42 57.5384 -12.5419 1.22137 -0.0439895 0.00061686
43 61.1812 -13.4522 1.32776 -0.0492723 0.000705458
44 69.3855 -14.8275 1.42036 -0.0515918 0.000723588
45 61.9547 -12.9238 1.21624 -0.0427643 0.000590686
46 61.5483 -13.0844 1.26218 -0.0455749 0.000640972
47 55.9451 -12.0611 1.1856 -0.043145 0.000614411
48 59.5475 -12.3887 1.19329 -0.0430503 0.000609388
49 78.3869 -16.3336 1.50957 -0.0536529 0.000734057
50 50.9077 -10.6859 1.03275 -0.0361546 0.00050235
51 68.5013 -14.2144 1.3344 -0.0477272 0.000663285
52 66.4169 -13.6503 1.28857 -0.0460047 0.000641665
53 62.0163 -12.7495 1.19379 -0.0419448 0.000575507
54 71.8833 -13.2846 1.14237 -0.036409 0.000458246
55 61.0108 -12.7015 1.22142 -0.0439899 0.000619106
56 68.4451 -13.6884 1.24005 -0.042362 0.000568215
57 57.9683 -12.0845 1.15487 -0.040936 0.000571566
58 50.1071 -10.5693 1.02524 -0.0358262 0.00049655
59 49.3049 -10.4283 1.02608 -0.036695 0.000523252
60 51.103 -10.3904 0.98917 -0.0342186 0.000474701
61 51.5843 -10.6917 1.03603 -0.0367927 0.000517682
62 61.9307 -12.8132 1.21073 -0.0428338 0.000598034
63 60.9534 -12.6619 1.22503 -0.044777 0.000641017
64 25.8482 -7.29548 0.827575 -0.0300138 0.000434026
65 28.306 -6.03334 0.583803 -0.0163032 0.0001904
66 29.4786 -8.50478 0.968778 -0.0364328 0.000534016
67 26.5317 -7.53816 0.860696 -0.0318666 0.000464142
68 29.373 -7.7972 0.869619 -0.0314758 0.000452788
69 27.3237 -7.96263 0.908626 -0.0339444 0.000494432
70 30.1561 -7.8758 0.866564 -0.0311684 0.000442091
71 29.5533 -9.17883 1.05254 -0.040518 0.000600603
72 33.8709 -8.63915 0.922734 -0.0329302 0.000462554
73 27.1941 -7.50674 0.846493 -0.0306608 0.000439027
74 32.3173 -7.86811 0.83284 -0.0286023 0.000392691
75 30.3736 -9.15652 1.02719 -0.0387906 0.000565055
76 25.5926 -7.16131 0.818796 -0.0296414 0.000424434
77 25.6953 -6.98942 0.784816 -0.028216 0.000403522
78 25.7335 -7.05887 0.792422 -0.0282687 0.000401418
79 33.4756 -7.99906 0.839662 -0.0290153 0.000397993
80 27.561 -6.88226 0.752328 -0.0261745 0.000368903
81 34.5773 -8.30222 0.871266 -0.0304491 0.000421708
82 32.1128 -7.66867 0.8086 -0.0281536 0.000395335
83 27.3817 -6.63327 0.721644 -0.0247115 0.000344525
84 33.7292 -7.78471 0.802546 -0.0272689 0.000372857
85 30.8334 -9.28612 1.03182 -0.0383926 0.000549647
86 25.7663 -6.07208 0.650038 -0.0211279 0.000283434
87 29.7235 -7.27061 0.797346 -0.0283317 0.000403423
88 22.8591 -5.52061 0.605189 -0.0193606 0.00026069
89 28.1689 -7.21287 0.805955 -0.0288002 0.000410546
90 31.1011 -7.52436 0.807142 -0.0280676 0.000390938
91 20.2892 -5.32913 0.627253 -0.0217768 0.000309079
92 20.2788 -5.3355 0.628896 -0.0219862 0.000317458
93 30.1929 -7.12932 0.775795 -0.027297 0.00038564
94 30.9397 -6.82204 0.71581 -0.0241267 0.000330646
95 16.7079 -4.56322 0.563253 -0.0196293 0.000287168
