0 49.9782 0.111784
1 47.5072 0.10948
2 64.3059 0.10912
3 31.4449 0.108698
4 53.6411 0.110648
5 44.3276 0.111224
6 46.5253 0.109459
7 45.8606 0.110052
8 48.917 0.109366
9 38.7975 0.109712
10 56.4047 0.108918
11 47.6446 0.110908
12 46.6371 0.109325
13 48.8458 0.109446
14 62.1011 0.11148
15 20.983 0.111161
16 19.4311 0.11032
17 56.2875 0.111091
18 68.2376 0.109637
19 33.8076 0.109309
20 47.7725 0.107651
21 28.0152 0.109008
22 54.2091 0.110988
23 12.7815 0.108121
24 64.5015 0.11219
25 40.2824 0.109928
26 44.7724 0.109572
27 33.7982 0.109698
28 45.6283 0.109255
29 31.765 0.109635
30 58.3655 0.110585
31 2.48174 0.107215
32 137.343 0.107747
33 100.696 0.108812
34 102.358 0.108378
35 115.479 0.106503
36 135.651 0.107659
37 135.898 0.105033
38 128.37 0.107311
39 107.225 0.106762
40 123.18 0.108214
41 138.206 0.105415
42 120.951 0.106299
43 120.551 0.106196
44 110.186 0.107253
45 109.336 0.105722
46 114.366 0.105086
47 114.352 0.10711
48 106.299 0.10459
49 135.633 0.103517
50 85.3255 0.106018
51 114.228 0.105237
52 118.699 0.103805
53 148.941 0.0833504
54 91.7364 0.100521
55 117.168 0.105851
56 125.174 0.107313
57 131.95 0.106597
58 130.535 0.104682
59 121.661 0.102794
60 117.731 0.107049
61 119.631 0.10816
62 92.9416 0.106448
63 122.015 0.104305
64 35.1579 0.114159
65 23.4382 0.114638
66 11.169 0.113622
67 15.5207 0.113812
68 14.4422 0.113481
69 29.177 0.115523
70 -9.95351 0.11357
71 51.1202 0.113423
72 -16.3578 0.115651
73 48.944 0.114922
74 14.1337 0.113607
75 9.25812 0.113503
76 20.7351 0.113848
77 11.3683 0.113667
78 8.25953 0.115751
79 18.0945 0.113969
80 46.6214 0.114301
81 15.3451 0.113927
82 13.0333 0.115975
83 46.2548 0.115154
84 54.1674 0.115943
85 1.25122 0.113404
86 21.855 0.115328
87 0.0136996 0.113843
88 12.1332 0.115691
89 -15.1068 0.113375
90 -1.33718 0.112956
91 9.62258 0.112372
92 -13.6834 0.114175
93 20.8383 0.116361
94 -2.08717 0.114814
95 19.2305 0.113205
