0 -2.78172 0.175198
1 17.8766 0.173674
2 -20.6284 0.173499
3 -9.16922 0.171665
4 12.9086 0.17672
5 -7.21034 0.173936
6 -23.0596 0.176526
7 25.1817 0.172027
8 7.35906 0.175367
9 2.07031 0.175941
10 -15.6283 0.171368
11 -5.10974 0.175955
12 -22.287 0.173329
13 -30.0892 0.172164
14 7.23495 0.172281
15 -7.47608 0.172413
16 -19.7668 0.178712
17 -22.4444 0.174486
18 -5.9263 0.175103
19 -3.84452 0.174978
20 -2.20355 0.174711
21 -16.1361 0.175172
22 -25.0798 0.17415
23 0.504497 0.174332
24 -23.7961 0.176577
25 -23.6098 0.175222
26 -13.1386 0.175191
27 20.1272 0.173832
28 -48.8313 0.172874
29 1.16203 0.174656
30 -9.85975 0.175801
31 -28.8282 0.17047
32 -16.1596 0.175207
33 -43.0794 0.171737
34 -23.4167 0.172571
35 -60.7379 0.173075
36 -28.5725 0.173711
37 -53.5069 0.170598
38 1.59131 0.173345
39 -42.8306 0.174687
40 -25.4228 0.174591
41 -36.7705 0.172082
42 -50.3615 0.174661
43 -28.4115 0.172435
44 -48.84 0.17381
45 -19.9916 0.172644
46 -59.5292 0.172006
47 -38.2303 0.171584
48 -13.8252 0.177225
49 -19.3212 0.177018
50 -22.8692 0.173087
51 -58.3088 0.172259
52 -47.15 0.173083
53 -48.673 0.170618
54 -27.2955 0.17394
55 -23.8523 0.17208
56 -50.9442 0.17447
57 -55.9615 0.173682
58 -50.3426 0.173316
59 -20.9074 0.171962
60 -23.8656 0.175622
61 -65.8942 0.172941
62 -15.4203 0.172422
63 -7.43145 0.170478
64 27.7108 0.173134
65 25.7859 0.168648
66 55.7759 0.172531
67 63.4387 0.167889
68 55.464 0.169964
69 54.9952 0.172547
70 36.2702 0.174183
71 68.2842 0.169544
72 14.6904 0.17148
73 58.2929 0.17076
74 31.2338 0.171011
75 36.918 0.168927
76 57.3883 0.170517
77 66.5248 0.167828
78 43.5951 0.16772
79 23.9705 0.172848
80 50.5523 0.172104
81 69.2392 0.170037
82 68.6094 0.170282
83 51.5154 0.170882
84 35.3936 0.174054
85 24.8361 0.169841
86 57.7311 0.166573
87 39.2457 0.169011
88 26.0026 0.175192
89 46.6347 0.169088
90 34.0846 0.169721
91 41.6125 0.168677
92 28.3573 0.171176
93 53.8476 0.169694
94 53.2033 0.172646
95 40.0976 0.170464
