0 39.1162 -7.39323 0.612115 -0.0204517 0.000254204
1 35.5902 -6.72485 0.563315 -0.0189686 0.00023777
2 45.0807 -8.30585 0.67211 -0.0222339 0.000273422
3 29.7872 -5.99547 0.520909 -0.017799 0.000225751
4 39.577 -7.39103 0.60945 -0.0203732 0.000253693
5 33.8024 -6.55349 0.558245 -0.0189343 0.000238599
6 37.9378 -7.2124 0.600981 -0.0201634 0.000251316
7 37.227 -7.14968 0.597046 -0.0200368 0.00024943
8 37.334 -7.03136 0.584536 -0.0195786 0.000244153
9 33.763 -6.5456 0.55328 -0.0186616 0.000234392
10 40.2613 -7.43671 0.607992 -0.0201945 0.000249793
11 36.6329 -6.83035 0.567595 -0.0189944 0.000236762
12 38.8292 -7.33551 0.607282 -0.0203381 0.000253544
13 35.539 -6.58084 0.540444 -0.0178055 0.000218508
14 43.5184 -7.90612 0.638356 -0.0210543 0.000258462
15 28.4744 -5.8403 0.512435 -0.0175947 0.000223913
16 28.0765 -5.83927 0.513463 -0.0175911 0.000223026
17 44.1633 -8.1461 0.657231 -0.0216212 0.000264094
18 47.6805 -8.73716 0.703118 -0.0232927 0.000286443
19 32.3376 -6.34958 0.543762 -0.0185716 0.000235757
20 37.4679 -6.8936 0.559123 -0.0183527 0.000224718
21 31.2025 -6.13845 0.522602 -0.0176 0.000220533
22 41.1501 -7.60886 0.616689 -0.0202416 0.000246596
23 24.2949 -5.15686 0.456134 -0.0154813 0.000194288
24 45.4749 -8.29243 0.66093 -0.0215073 0.000260243
25 36.9882 -7.02599 0.580942 -0.0192919 0.000237935
26 38.7419 -7.37367 0.607978 -0.0201835 0.000248046
27 35.8198 -6.90302 0.568414 -0.0187421 0.000229741
28 40.0119 -7.58137 0.619536 -0.0204339 0.000249855
29 33.4801 -6.66131 0.566361 -0.0191202 0.000238702
30 45.9681 -8.6788 0.710863 -0.0238425 0.000296073
31 20.3243 -4.5601 0.421121 -0.0146547 0.000188066
32 66.9098 -10.7171 0.79782 -0.0253561 0.000304059
33 60.6549 -10.5329 0.822212 -0.0270086 0.000332244
34 59.8102 -10.26 0.793122 -0.0257841 0.000313822
35 59.7503 -9.73287 0.736075 -0.0236347 0.000286573
36 68.3746 -11.0529 0.825306 -0.0262989 0.000315857
37 65.044 -10.2512 0.760335 -0.0241522 0.000290008
38 65.9421 -10.7735 0.815666 -0.0263079 0.000319067
39 58.2847 -9.56545 0.725943 -0.0232734 0.00028106
40 65.367 -10.6238 0.798918 -0.0255713 0.000308324
41 67.8709 -10.7423 0.791921 -0.0249964 0.000297404
42 63.5005 -10.3658 0.782345 -0.0251798 0.000305884
43 61.7689 -9.86136 0.735609 -0.0234134 0.000281716
44 61.2907 -10.2787 0.788781 -0.0256654 0.000314701
45 60.4838 -10.063 0.766156 -0.0246693 0.000298916
46 61.7608 -10.2123 0.771985 -0.0247294 0.000297734
47 58.2547 -9.37982 0.701304 -0.0222131 0.000265679
48 58.008 -9.39625 0.70356 -0.0223501 0.000268671
49 62.4614 -9.74046 0.720608 -0.022869 0.00027556
50 50.7797 -8.58313 0.671642 -0.0220599 0.000273717
51 60.0102 -9.58397 0.71315 -0.0225656 0.000269792
52 62.3308 -10.2044 0.771651 -0.0248737 0.000302756
53 50.6166 -7.63577 0.576371 -0.0187479 0.000235149
54 51.2976 -8.72503 0.678642 -0.0221675 0.000273278
55 62.377 -10.2551 0.775349 -0.024933 0.000302515
56 62.3204 -9.78246 0.719185 -0.0225532 0.000267575
57 71.0257 -11.6575 0.870071 -0.0276686 0.000330666
58 66.3944 -10.8014 0.815139 -0.0262996 0.000320312
59 57.0478 -8.70579 0.642069 -0.020284 0.00024448
60 64.9509 -10.7337 0.806218 -0.0256475 0.000305864
61 68.9345 -11.5245 0.868097 -0.0277484 0.000332268
62 58.1331 -9.93065 0.76349 -0.0246793 0.000298503
63 64.1803 -10.3788 0.774157 -0.0245911 0.000293187
64 36.167 -6.99272 0.584012 -0.0195396 0.000243071
65 31.0973 -6.13814 0.521066 -0.0174402 0.000217216
66 23.7233 -4.9833 0.444692 -0.0152376 0.000194144
67 25.9688 -5.28402 0.460232 -0.0155118 0.000194442
68 25.1459 -5.11089 0.448947 -0.0152472 0.000193386
69 30.5675 -5.88847 0.497141 -0.0165836 0.000206398
70 18.9329 -4.55075 0.424843 -0.0147414 0.000188474
71 39.0382 -7.2162 0.591402 -0.0195931 0.000241389
72 21.1645 -5.14439 0.474806 -0.0164391 0.000209306
73 37.3207 -6.7925 0.553995 -0.0182431 0.000225228
74 24.9789 -5.07124 0.444956 -0.0150479 0.000189498
75 24.2183 -5.10944 0.450441 -0.0152178 0.000190804
76 27.024 -5.40356 0.470305 -0.0159168 0.000200787
77 25.7039 -5.38019 0.472511 -0.0160498 0.000202182
78 24.4032 -5.13413 0.459038 -0.0157853 0.000201731
79 29.419 -5.98212 0.520172 -0.0177235 0.000223859
80 41.8583 -7.82003 0.635945 -0.020951 0.000256335
81 28.534 -5.80324 0.499182 -0.0167371 0.000208018
82 25.5716 -5.29748 0.463342 -0.0156323 0.000196088
83 38.0975 -6.97379 0.564611 -0.0184287 0.000223935
84 46.636 -8.52246 0.677936 -0.0220395 0.000266147
85 21.8617 -4.73343 0.428571 -0.0147163 0.000187432
86 29.5625 -5.84417 0.502526 -0.0169726 0.00021304
87 17.8259 -3.99905 0.379018 -0.0133111 0.000173499
88 27.6814 -5.75184 0.504206 -0.0171259 0.000215043
89 21.3091 -5.18389 0.478408 -0.0165577 0.000210311
90 22.7843 -5.15153 0.471256 -0.0164061 0.000210477
91 28.1609 -5.8247 0.506045 -0.0171281 0.000214506
92 19.0197 -4.68646 0.438319 -0.0152189 0.00019407
93 30.4314 -6.12051 0.528503 -0.0178862 0.000223786
94 23.1439 -5.1896 0.475514 -0.0165912 0.000212661
95 33.0694 -6.68909 0.574609 -0.0195205 0.00024451
