0 -8.3209 0.134967
1 28.3726 0.137233
2 64.384 0.134329
3 17.3682 0.134563
4 47.2521 0.136941
5 66.8234 0.135654
6 26.0655 0.137107
7 50.9815 0.136274
8 36.7274 0.138684
9 28.4919 0.135962
10 35.216 0.137663
11 58.6896 0.137088
12 55.7222 0.137402
13 43.6069 0.135633
14 16.2839 0.136983
15 10.4715 0.135308
16 18.6223 0.135661
17 53.8528 0.13629
18 15.3901 0.137001
19 26.2785 0.138472
20 42.3189 0.137336
21 46.6935 0.136802
22 27.2922 0.136926
23 27.4395 0.136329
24 71.3565 0.136336
25 47.2799 0.135899
26 31.5673 0.136248
27 38.8392 0.136147
28 61.0691 0.134833
29 22.9159 0.134509
30 45.0451 0.136619
31 36.8289 0.132919
32 -34.1417 0.136202
33 -20.1487 0.13696
34 -19.2245 0.132974
35 1.4123 0.136703
36 -15.6479 0.134699
37 0.029828 0.139568
38 -10.1099 0.136957
39 -2.66001 0.134395
40 -0.095544 0.135662
41 -0.730063 0.136615
42 -17.6793 0.136986
43 -21.5611 0.138031
44 11.0332 0.137067
45 -8.20225 0.137322
46 -26.4994 0.137011
47 -24.6237 0.136784
48 -27.8725 0.135957
49 -29.5406 0.136736
50 -3.79855 0.137139
51 18.3108 0.137728
52 -44.1458 0.13616
53 2.04029 0.137526
54 0.376791 0.136274
55 -12.7614 0.137072
56 -34.146 0.135986
57 -21.2898 0.140804
58 -15.5084 0.139777
59 -25.6204 0.139663
60 -13.553 0.136894
61 -9.12913 0.139645
62 5.53145 0.137143
63 -29.0982 0.137606
64 -5.65875 0.136781
65 -8.1099 0.13448
66 -19.5879 0.131451
67 -5.25585 0.131451
68 18.4006 0.133288
69 6.85 0.133186
70 -14.3652 0.134541
71 18.7444 0.135146
72 -39.3416 0.132917
73 -9.5399 0.13084
74 -25.7882 0.133932
75 3.19122 0.131919
76 -11.7535 0.133252
77 17.532 0.131883
78 21.7281 0.13593
79 -24.896 0.131171
80 7.85334 0.13351
81 -2.75419 0.133022
82 -19.4515 0.131401
83 20.9932 0.133144
84 -3.00615 0.131286
85 -28.4529 0.133573
86 -1.32193 0.132768
87 -4.76657 0.131258
88 -5.82983 0.134571
89 -8.56377 0.13226
90 -9.21567 0.133997
91 -16.1675 0.130987
92 -10.959 0.133136
93 -38.8919 0.131505
94 -2.56934 0.131948
95 -16.9413 0.131295
