0 -42.7898 0.114471
1 -30.5598 0.111343
2 -29.821 0.112422
3 -57.8007 0.113337
4 -67.1008 0.115373
5 -34.8033 0.115039
6 -30.5013 0.113918
7 -58.7848 0.113483
8 -5.38139 0.116897
9 -11.0825 0.112366
10 -65.7122 0.113765
11 -50.28 0.116654
12 -43.2935 0.115198
13 -14.9514 0.112172
14 -19.8781 0.112142
15 -67.1298 0.115307
16 -41.8061 0.115439
17 -32.9998 0.113075
18 -40.1834 0.115632
19 -16.5723 0.116536
20 -27.0932 0.114041
21 -33.9275 0.112792
22 -48.3517 0.113025
23 -25.4391 0.11369
24 -46.8519 0.115092
25 -45.3778 0.113741
26 -57.6216 0.114302
27 -16.7149 0.114253
28 -39.6631 0.113792
29 -53.8453 0.114606
30 -13.3739 0.115063
31 -60.4099 0.111709
32 -17.1829 0.112588
33 -3.10603 0.111049
34 -38.0825 0.11203
35 -18.3057 0.114392
36 -23.3637 0.112611
37 -23.1954 0.112678
38 -15.5885 0.111279
39 -27.4196 0.111783
40 -14.0252 0.11175
41 -20.7069 0.112267
42 4.19047 0.110419
43 -19.6645 0.112128
44 7.2169 0.114628
45 -16.2016 0.114936
46 -16.9405 0.113082
47 -18.318 0.11305
48 -15.6802 0.111826
49 -7.50534 0.111714
50 -47.2938 0.113104
51 -5.98526 0.114282
52 -14.4967 0.114248
53 3.51578 0.111771
54 -0.512236 0.112486
55 -28.3228 0.114125
56 4.21573 0.112909
57 -26.5849 0.113288
58 -28.175 0.111882
59 -35.8041 0.113912
60 -18.1751 0.113507
61 -18.7178 0.110702
62 -0.727547 0.113069
63 -9.33366 0.109767
64 17.5845 0.115259
65 32.4516 0.113837
66 35.8659 0.114187
67 16.9449 0.112028
68 36.918 0.113514
69 54.0124 0.115102
70 46.7676 0.11308
71 26.8041 0.113577
72 11.7435 0.113046
73 32.1801 0.115416
74 52.4702 0.112438
75 33.6535 0.112674
76 25.2158 0.112632
77 34.0812 0.112266
78 31.9113 0.113864
79 48.8861 0.115194
80 33.5326 0.111959
81 38.7387 0.114789
82 30.7352 0.112348
83 52.7404 0.11564
84 44.3903 0.115133
85 22.1109 0.112607
86 55.6554 0.113244
87 28.7333 0.11205
88 29.8346 0.114278
89 37.5148 0.114189
90 30.2729 0.113664
91 42.8759 0.115871
92 34.9343 0.114643
93 44.1318 0.11472
94 35.9549 0.111338
95 -2.20034 0.109842
