0 50.7531 0.1134
1 39.9984 0.112245
2 22.4859 0.108697
3 51.0163 0.111033
4 62.3732 0.113319
5 51.1697 0.110692
6 42.3222 0.112465
7 44.2613 0.110433
8 38.3721 0.11133
9 38.9436 0.109239
10 18.544 0.110871
11 40.4898 0.10971
12 42.3975 0.112787
13 73.1446 0.111543
14 36.3941 0.11116
15 47.6626 0.111217
16 71.3165 0.111981
17 57.5022 0.112598
18 46.5852 0.113017
19 72.4938 0.112257
20 48.7555 0.113022
21 88.9503 0.112183
22 54.0715 0.112606
23 62.4214 0.111722
24 38.277 0.113347
25 51.0329 0.113992
26 22.9495 0.112252
27 34.5573 0.110016
28 39.3982 0.112738
29 30.6071 0.112013
30 30.2884 0.113043
31 77.2744 0.110487
32 -24.6665 0.113814
33 -4.00831 0.113717
34 9.38455 0.111765
35 -32.3648 0.113772
36 -10.4054 0.114105
37 -9.54631 0.115421
38 -0.912776 0.115275
39 -7.3953 0.11325
40 -38.4543 0.1161
41 -2.24816 0.115307
42 -46.4746 0.11355
43 -9.59514 0.113316
44 -40.9282 0.113255
45 -17.8579 0.111594
46 -18.3959 0.116875
47 -1.89483 0.113801
48 -18.2914 0.11557
49 13.8509 0.113449
50 16.2651 0.11321
51 -12.6415 0.115345
52 -1.22116 0.114164
53 -21.3449 0.114909
54 11.2237 0.116738
55 -11.404 0.116025
56 -11.6554 0.117184
57 -18.8555 0.115885
58 -11.012 0.111306
59 5.03737 0.114613
60 3.17969 0.113487
61 -34.5909 0.113578
62 -1.74184 0.115502
63 -8.66138 0.113735
64 76.7838 0.109316
65 79.0028 0.1085
66 51.4365 0.10808
67 68.9477 0.108054
68 91.0584 0.109304
69 59.9633 0.11009
70 83.1574 0.110995
71 80.0077 0.110388
72 67.6839 0.109329
73 75.0123 0.108881
74 102.217 0.110261
75 70.0984 0.110927
76 79.6829 0.1086
77 75.5761 0.110536
78 67.1353 0.108086
79 75.6954 0.109689
80 78.2279 0.109848
81 97.0298 0.109235
82 71.2148 0.109157
83 46.0162 0.110415
84 44.7027 0.110115
85 93.8296 0.108314
86 62.1282 0.108998
87 75.2812 0.109297
88 41.6118 0.109457
89 67.3751 0.111832
90 53.0506 0.109704
91 62.6425 0.11173
92 52.1928 0.11014
93 50.4571 0.109998
94 70.4325 0.109819
95 83.6128 0.107979
