0 31.9203 -7.8007 0.696923 -0.0241525 0.000308184
1 28.4892 -6.9507 0.617473 -0.0211006 0.000266111
2 24.5594 -6.04494 0.556094 -0.0194237 0.000250331
3 41.9569 -9.78532 0.822102 -0.0275259 0.000341187
4 18.9254 -4.68591 0.444758 -0.0155915 0.000202718
5 17.9703 -4.33837 0.416993 -0.0147043 0.000192767
6 16.736 -4.10095 0.400987 -0.0142353 0.000187728
7 80.115 -17.1857 1.33313 -0.0425497 0.000499697
8 21.2866 -5.28881 0.501154 -0.0177272 0.000231472
9 18.7852 -4.60713 0.437429 -0.0152984 0.000198413
10 22.4655 -4.89182 0.44906 -0.0155388 0.000200552
11 19.4589 -4.82721 0.461057 -0.0163231 0.000213474
12 27.6364 -6.78229 0.616895 -0.0215052 0.000275837
13 17.1916 -4.1518 0.399826 -0.0140545 0.000183165
14 20.9751 -5.25183 0.489845 -0.0170781 0.000220123
15 37.262 -8.79872 0.755714 -0.0254829 0.000315633
16 22.503 -5.8483 0.550456 -0.0194536 0.000253349
17 21.1672 -5.23879 0.491876 -0.0172507 0.000222828
18 32.906 -7.9068 0.691757 -0.02355 0.000294739
19 21.906 -5.3681 0.497763 -0.0173038 0.000221402
20 30.409 -7.40104 0.645759 -0.0218278 0.000272382
21 44.3374 -10.0617 0.826211 -0.0269156 0.000321632
22 28.3473 -6.83679 0.603527 -0.0204781 0.000255958
23 37.126 -8.71517 0.740275 -0.0247275 0.000304354
24 50.0397 -11.2575 0.910317 -0.0294921 0.000352382
25 44.0067 -9.99924 0.819456 -0.0266673 0.000319676
26 18.9393 -4.61506 0.445601 -0.0158356 0.000208145
27 27.9956 -6.88547 0.622021 -0.0215598 0.000274055
28 18.5045 -4.50459 0.422072 -0.0145011 0.000184096
29 27.5724 -6.7758 0.604094 -0.0205899 0.000258071
30 33.8335 -7.95787 0.672406 -0.0222036 0.000270316
31 29.1017 -7.07148 0.62972 -0.0215189 0.000269239
32 24.821 -6.04088 0.551053 -0.0191024 0.000242844
33 22.0219 -5.48573 0.496436 -0.0169968 0.000214252
34 21.9314 -5.37918 0.498842 -0.0173596 0.000221668
35 27.0185 -6.50893 0.580944 -0.0199361 0.0002513
36 17.3548 -3.91312 0.369102 -0.0128098 0.000165891
37 33.0536 -7.67729 0.653154 -0.0217008 0.000264911
38 26.1367 -5.2839 0.469709 -0.0161292 0.000205818
39 18.7681 -4.57145 0.433269 -0.0152253 0.000197086
40 17.261 -3.98194 0.382061 -0.0134647 0.000176171
41 90.8248 -19.0184 1.46286 -0.0466316 0.000544317
42 25.085 -6.05109 0.546872 -0.0188676 0.000239026
43 20.2795 -4.93338 0.452769 -0.0155225 0.000195994
44 29.8636 -7.03987 0.6077 -0.0203855 0.000252574
45 29.0995 -6.94418 0.609092 -0.0206632 0.000257548
46 21.9993 -5.33985 0.479345 -0.0162584 0.000203995
47 19.9495 -4.44737 0.412714 -0.0143034 0.000183131
48 25.4768 -6.16384 0.555993 -0.0191231 0.000241086
49 21.7343 -4.92798 0.459764 -0.0161444 0.000209306
50 30.4424 -7.03425 0.591724 -0.0193345 0.000233156
51 18.9117 -4.65027 0.435639 -0.0151121 0.000192909
52 17.2029 -4.02845 0.379651 -0.0130794 0.00016657
53 31.4111 -7.33987 0.624257 -0.0206904 0.000252881
54 21.9441 -5.28368 0.47684 -0.016238 0.000204251
55 26.9916 -6.43429 0.557145 -0.0185879 0.000229156
56 34.5006 -8.08937 0.691995 -0.0231167 0.000282815
57 18.1003 -4.29429 0.412405 -0.0145704 0.000189787
58 18.8504 -4.64489 0.44448 -0.0156929 0.000203083
59 32.2421 -7.4825 0.633999 -0.0209597 0.000255013
60 18.0326 -4.43281 0.429124 -0.0153509 0.000201497
61 20.9771 -4.66142 0.427799 -0.0147114 0.000187017
62 26.2369 -6.33646 0.563875 -0.0192198 0.000240278
63 21.294 -5.2203 0.481047 -0.0166049 0.000210198
64 25.1943 -5.22046 0.457678 -0.0155616 0.000197698
65 32.2545 -6.35952 0.537777 -0.0180599 0.000225767
66 34.2554 -6.60445 0.55397 -0.0186273 0.000233798
67 28.2759 -5.57187 0.476582 -0.0160304 0.000201473
68 35.3181 -6.78638 0.567018 -0.0189982 0.000237216
69 38.0597 -6.8806 0.552499 -0.0180212 0.000219977
70 25.2573 -5.16448 0.456842 -0.0156858 0.000200794
71 37.8398 -7.06037 0.58202 -0.0194433 0.000242691
72 34.9888 -6.86224 0.574491 -0.0192342 0.00023958
73 25.2289 -5.00818 0.434215 -0.0146334 0.00018444
74 29.7446 -5.96754 0.51397 -0.0174737 0.000221308
75 36.3205 -7.05186 0.594826 -0.0201919 0.000254687
76 36.1121 -6.83062 0.565574 -0.0188152 0.000233503
77 27.5601 -5.54254 0.479097 -0.0162578 0.000205584
78 44.0636 -7.97411 0.640789 -0.0210967 0.000258912
79 32.264 -6.27991 0.529972 -0.0177663 0.000221109
80 40.0674 -7.51777 0.608756 -0.019962 0.000243818
81 35.0926 -6.69999 0.552525 -0.0182413 0.000224755
82 46.3136 -8.45685 0.675916 -0.0221484 0.000269747
83 38.7288 -7.30874 0.600643 -0.0199449 0.000246888
84 29.5697 -5.87613 0.500793 -0.0168038 0.00021011
85 27.5952 -5.611 0.488414 -0.0165812 0.000209284
86 28.3284 -5.93074 0.521673 -0.0179452 0.000228936
87 47.2386 -8.68999 0.696756 -0.0229218 0.000280381
88 33.2574 -6.52291 0.549699 -0.0183915 0.000228515
89 32.5176 -6.64162 0.56906 -0.0192736 0.000241631
90 37.0784 -7.33758 0.616139 -0.0207532 0.000259375
91 35.0261 -6.87244 0.578728 -0.0194494 0.000242367
92 28.5432 -5.82275 0.501464 -0.0169182 0.000212239
93 37.5457 -7.31229 0.608275 -0.0203137 0.000251873
94 30.3429 -6.10788 0.530712 -0.0182341 0.000232755
95 36.0885 -7.13523 0.60624 -0.0206754 0.000261144
