0 -37.965 0.113327
1 -54.6034 0.116109
2 -28.2367 0.111729
3 -51.6665 0.114181
4 -38.1513 0.11554
5 -27.5944 0.113811
6 -40.6646 0.110566
7 -36.149 0.112286
8 -16.3126 0.113767
9 -25.7427 0.112182
10 -34.7317 0.112355
11 -14.5405 0.113008
12 -49.2229 0.113135
13 -46.9645 0.111214
14 -8.65151 0.11323
15 -43.7143 0.110825
16 -42.7284 0.11202
17 -32.5611 0.115146
18 -47.567 0.111296
19 -56.8358 0.114012
20 -33.2646 0.113344
21 -71.148 0.113033
22 -19.2365 0.113485
23 -32.345 0.115096
24 -28.3288 0.112432
25 -2.48855 0.11322
26 -61.5411 0.114587
27 -39.7679 0.111496
28 -23.4351 0.114277
29 -53.1893 0.112754
30 -30.3823 0.113743
31 -32.5757 0.112463
32 -6.9575 0.114362
33 13.9715 0.112457
34 -11.8391 0.112499
35 -1.23825 0.114421
36 33.6071 0.113916
37 -16.4692 0.112282
38 6.51444 0.113484
39 0.203011 0.112051
40 11.1079 0.116309
41 12.6232 0.113167
42 20.8772 0.115549
43 19.4867 0.115611
44 28.1742 0.112239
45 -20.3042 0.113997
46 -5.44446 0.112745
47 -10.5056 0.113543
48 9.53487 0.113945
49 5.24286 0.114541
50 11.7331 0.112328
51 13.7133 0.114997
52 15.7252 0.115293
53 15.0871 0.115746
54 26.1588 0.114101
55 -12.5151 0.113977
56 9.44457 0.113159
57 -24.5116 0.113205
58 -12.2266 0.114025
59 0.498675 0.113542
60 11.3867 0.114504
61 -10.942 0.114354
62 -11.3228 0.11454
63 3.47863 0.108751
64 -10.4643 0.11348
65 33.286 0.11353
66 44.7345 0.112211
67 43.5084 0.112982
68 13.2972 0.112065
69 8.46335 0.112569
70 9.64526 0.113324
71 -3.616 0.11193
72 29.5722 0.11136
73 5.87596 0.112768
74 25.6647 0.113333
75 20.6024 0.113152
76 20.2585 0.112167
77 33.9691 0.112413
78 -2.11972 0.109729
79 27.2953 0.109445
80 20.2503 0.111481
81 18.396 0.112656
82 8.12949 0.112106
83 16.6942 0.110735
84 26.6011 0.111176
85 22.5034 0.111728
86 40.9872 0.111944
87 7.73837 0.113503
88 21.5357 0.110988
89 37.7016 0.113203
90 25.8443 0.111699
91 15.8365 0.111107
92 11.0682 0.110268
93 6.69168 0.112557
94 -3.88279 0.111185
95 35.2222 0.109179
