0 42.4226 -8.02523 0.6693 -0.022757 0.000288382
1 37.2911 -7.08575 0.598004 -0.020475 0.000261882
2 29.071 -5.78205 0.498709 -0.0169437 0.000214725
3 39.3053 -7.20068 0.586801 -0.0193968 0.000239378
4 45.5096 -8.38223 0.686983 -0.0231504 0.000291126
5 41.5225 -7.5684 0.614475 -0.0204076 0.000253237
6 37.3144 -7.0261 0.583694 -0.0195501 0.00024406
7 36.6094 -6.7199 0.547833 -0.0180438 0.000222161
8 36.6087 -6.98259 0.584973 -0.0197761 0.000249902
9 38.4161 -7.22368 0.594285 -0.0197631 0.000244506
10 29.8612 -6.09091 0.52379 -0.0177093 0.000222745
11 39.3978 -7.40641 0.606737 -0.0201297 0.000248821
12 39.6766 -7.47662 0.61515 -0.0204766 0.000253666
13 51.0436 -9.01273 0.707142 -0.0229676 0.000278041
14 35.4127 -6.5921 0.54405 -0.0180776 0.000224053
15 41.1598 -7.62747 0.619749 -0.0204748 0.000251993
16 50.6509 -9.08011 0.725258 -0.0240856 0.000298544
17 48.138 -8.80258 0.706754 -0.0232962 0.000285855
18 40.8339 -7.76083 0.643732 -0.0216184 0.000269927
19 50.0681 -8.89915 0.708299 -0.0233168 0.000285999
20 41.3217 -7.70276 0.627718 -0.0207896 0.000256446
21 58.1933 -10.231 0.793685 -0.0257092 0.000310314
22 43.7119 -8.12336 0.6634 -0.0221155 0.000274213
23 46.7948 -8.44626 0.672494 -0.021966 0.000267033
24 39.0316 -7.49419 0.619234 -0.0205891 0.000254146
25 43.5953 -7.9438 0.641174 -0.0210923 0.000257845
26 30.8252 -6.10486 0.521879 -0.0175812 0.000219589
27 36.3415 -6.91343 0.571039 -0.0189035 0.000232263
28 41.3395 -7.84021 0.640974 -0.0212281 0.000261266
29 37.7509 -7.36856 0.617654 -0.0208277 0.000260726
30 35.3084 -6.83709 0.569775 -0.0189634 0.00023431
31 54.6127 -9.66809 0.756095 -0.0245654 0.000297156
32 42.1784 -9.32959 0.766989 -0.0252123 0.00030701
33 18.742 -4.55486 0.439231 -0.0157084 0.000207322
34 19.9667 -4.31423 0.399188 -0.0138799 0.000180131
35 25.2483 -6.00434 0.525534 -0.0177007 0.00022184
36 22.0676 -5.46782 0.514272 -0.0182588 0.000239301
37 19.0489 -4.70822 0.455161 -0.0163332 0.000216241
38 19.1909 -4.61345 0.44446 -0.0158893 0.00021014
39 18.9736 -4.6333 0.441985 -0.0156413 0.000204351
40 33.6992 -7.75915 0.649836 -0.0214486 0.000263609
41 19.3849 -4.59504 0.441036 -0.0157592 0.000208516
42 46.4431 -9.8793 0.771274 -0.02441 0.000288535
43 19.6952 -4.79359 0.452913 -0.015947 0.000207524
44 37.1207 -8.11203 0.656704 -0.0212414 0.000257297
45 21.2397 -5.19277 0.477103 -0.016554 0.000212869
46 17.0821 -4.36125 0.421891 -0.0149395 0.000195736
47 18.0521 -4.27711 0.406606 -0.0142367 0.000184045
48 20.7313 -4.96717 0.45604 -0.0157861 0.000203178
49 23.5864 -5.07401 0.463479 -0.0161657 0.000208957
50 23.6369 -5.02865 0.458918 -0.0159723 0.000205977
51 23.4482 -5.71201 0.522926 -0.0181421 0.00023135
52 18.5812 -4.36027 0.419353 -0.0149523 0.000196383
53 19.4028 -4.87544 0.455797 -0.0158621 0.000203651
54 22.5571 -4.90674 0.455623 -0.0160264 0.000209056
55 19.7458 -4.97107 0.47623 -0.0169138 0.000220152
56 22.5109 -5.60884 0.525016 -0.0185017 0.000239244
57 23.4212 -5.83322 0.542956 -0.0191004 0.000246458
58 21.5337 -5.34136 0.502112 -0.0177259 0.000229241
59 19.3754 -4.31623 0.408197 -0.0143434 0.000186648
60 22.3918 -4.92897 0.451787 -0.0157673 0.000203977
61 32.0825 -7.44399 0.628202 -0.0207887 0.000255199
62 16.7122 -3.78379 0.364666 -0.0128673 0.000168797
63 19.0026 -4.56034 0.428594 -0.0149409 0.000192053
64 49.5081 -8.51061 0.656552 -0.0210078 0.000252115
65 50.5995 -8.89933 0.699004 -0.0228009 0.000279319
66 41.8376 -7.88479 0.646373 -0.0215764 0.000268966
67 45.6432 -8.16204 0.651278 -0.0213679 0.000262435
68 55.229 -9.63401 0.754205 -0.0246383 0.000300816
69 42.1566 -7.47718 0.595949 -0.019414 0.000237521
70 54.1807 -9.56186 0.753537 -0.0246715 0.000301633
71 51.7619 -9.23657 0.73681 -0.0244135 0.000302994
72 45.2305 -8.16641 0.655144 -0.0216305 0.000267795
73 48.3631 -8.6195 0.686683 -0.0225846 0.00027807
74 60.8969 -10.6698 0.831371 -0.0271051 0.000329554
75 46.7105 -8.35802 0.668003 -0.0219756 0.000270882
76 52.8284 -9.3088 0.727465 -0.0235709 0.000285568
77 51.4502 -9.27127 0.731795 -0.0239033 0.00029153
78 45.3777 -8.13866 0.646459 -0.0210418 0.000255951
79 49.7535 -8.93709 0.706153 -0.0229817 0.000279405
80 52.4549 -9.22868 0.723023 -0.0235418 0.000286636
81 58.1691 -9.98542 0.765932 -0.0246092 0.000296183
82 47.5488 -8.5648 0.679446 -0.0221557 0.000269818
83 38.5936 -7.20768 0.588873 -0.0194279 0.000239886
84 38.5238 -7.21021 0.584438 -0.0191157 0.000233293
85 57.4774 -10.0172 0.776692 -0.0251027 0.000302391
86 45.5005 -8.30174 0.663407 -0.0216733 0.000264038
87 49.5964 -8.7608 0.689656 -0.0224075 0.000271917
88 39.2498 -7.48345 0.61484 -0.0203431 0.000250425
89 48.2886 -8.78485 0.705494 -0.0232971 0.000286823
90 42.7262 -7.91898 0.642319 -0.0211709 0.000259943
91 46.6482 -8.58295 0.694644 -0.0230043 0.000283938
92 43.3724 -8.14649 0.664275 -0.022028 0.000271893
93 46.303 -8.66142 0.702767 -0.0233243 0.000288243
94 50.0157 -9.04573 0.726648 -0.024171 0.000300541
95 53.6016 -9.48149 0.747055 -0.0244484 0.000298622
