0 43.489 -8.22699 0.682663 -0.023075 0.00029087
1 43.1889 -8.01394 0.654828 -0.0218227 0.000271285
2 47.9399 -8.46341 0.672141 -0.0220666 0.000271004
3 45.0227 -8.273 0.676374 -0.0226816 0.000284567
4 36.2795 -7.00154 0.588777 -0.0198861 0.00025105
5 43.0156 -7.83925 0.635391 -0.0210288 0.000260587
6 34.4117 -6.79934 0.579693 -0.0196778 0.000248951
7 35.2303 -6.5775 0.540489 -0.0178369 0.000220526
8 42.3411 -7.6674 0.618751 -0.0203924 0.000251667
9 37.398 -7.20253 0.604154 -0.0204229 0.000257721
10 38.3773 -7.23299 0.601123 -0.0201947 0.000253674
11 41.5512 -7.6699 0.625048 -0.0206909 0.000255209
12 39.3452 -7.16365 0.578888 -0.0190044 0.000233642
13 39.4324 -7.34672 0.602297 -0.0200373 0.000249198
14 50.1431 -9.07084 0.725232 -0.0239728 0.000296205
15 36.0106 -6.79114 0.565802 -0.0188982 0.000235409
16 42.0087 -7.87457 0.647291 -0.0216116 0.000268912
17 42.587 -7.7801 0.627996 -0.0206669 0.000253955
18 51.174 -8.95531 0.701659 -0.0227805 0.000276267
19 34.8206 -6.54542 0.542354 -0.018001 0.00022328
20 39.3022 -7.34263 0.598907 -0.0197373 0.000242372
21 41.1497 -7.81187 0.644845 -0.0215489 0.000268474
22 44.8065 -8.17213 0.660608 -0.0218972 0.000271086
23 39.5354 -7.41301 0.607113 -0.0200645 0.000247146
24 36.0889 -7.10216 0.598062 -0.0201164 0.00025198
25 40.8139 -7.55139 0.613168 -0.0201731 0.000247338
26 42.1114 -8.00946 0.662616 -0.0222296 0.000278163
27 43.7748 -8.03424 0.64551 -0.0211326 0.00025773
28 31.4302 -6.30732 0.542015 -0.0184204 0.000233851
29 40.5684 -7.53548 0.616628 -0.0204581 0.000253114
30 41.3771 -7.83448 0.650175 -0.0218993 0.000275032
31 41.3255 -7.8699 0.650223 -0.021779 0.000271586
32 52.2983 -9.16274 0.722889 -0.0237893 0.000293128
33 45.6512 -8.13105 0.652365 -0.0216741 0.000270099
34 39.1636 -7.15557 0.591337 -0.0199998 0.000253514
35 51.3474 -8.9787 0.705243 -0.0230628 0.000282053
36 38.9836 -7.17884 0.589249 -0.0197049 0.000246908
37 49.0889 -8.61166 0.689279 -0.0230781 0.000290771
38 59.1132 -10.099 0.785906 -0.0258257 0.000317944
39 53.2315 -9.24419 0.724645 -0.0237368 0.000290647
40 53.6559 -9.41212 0.743143 -0.0244986 0.000301945
41 44.8057 -7.96797 0.641614 -0.0213771 0.000266876
42 43.7231 -7.77908 0.626474 -0.0208203 0.000259539
43 46.1271 -8.15534 0.65263 -0.0216335 0.00026826
44 54.316 -9.4683 0.741313 -0.0242357 0.000296595
45 51.5313 -9.14126 0.725393 -0.0239981 0.000297073
46 52.4481 -9.40612 0.750493 -0.0249296 0.00030905
47 44.8007 -7.99655 0.644273 -0.0214232 0.000266714
48 50.5113 -8.90896 0.70448 -0.023169 0.000285062
49 61.1607 -10.5379 0.818249 -0.0268089 0.000328146
50 43.5342 -7.99903 0.654184 -0.0219628 0.000274758
51 55.8407 -9.67579 0.750798 -0.0244193 0.000296803
52 56.2488 -9.9166 0.780271 -0.0256521 0.000314677
53 50.6696 -8.91516 0.701128 -0.0229816 0.00028132
54 66.769 -11.769 0.933018 -0.0314241 0.000394743
55 51.3909 -9.20159 0.735848 -0.02446 0.000302862
56 57.3847 -10.0236 0.779485 -0.025376 0.000308251
57 47.3309 -8.49661 0.681474 -0.022579 0.000279201
58 40.9899 -7.56899 0.620034 -0.0206687 0.000256606
59 44.6837 -8.38178 0.687683 -0.0231278 0.000289147
60 45.7081 -8.37321 0.675251 -0.0224062 0.000277231
61 45.4534 -8.31321 0.669253 -0.0221736 0.000273673
62 50.1312 -9.06136 0.731931 -0.0245227 0.000306222
63 54.9503 -9.90698 0.785569 -0.0259496 0.000318942
64 22.0606 -5.38885 0.500905 -0.0175438 0.00022642
65 24.1342 -4.92541 0.433395 -0.0147024 0.000187848
66 19.2396 -4.67657 0.442889 -0.0155996 0.000203286
67 19.3262 -4.61063 0.428369 -0.0148229 0.00019002
68 24.5321 -5.50611 0.501921 -0.0175035 0.000226552
69 19.8524 -4.74212 0.438206 -0.015162 0.000194644
70 23.1266 -5.04027 0.453646 -0.0155445 0.000198289
71 29.1873 -6.80682 0.587823 -0.0197672 0.000246409
72 24.4869 -5.28084 0.475831 -0.0164373 0.000210688
73 18.7401 -4.39345 0.414609 -0.0144863 0.000187901
74 26.5643 -5.58075 0.497634 -0.0171741 0.000221246
75 22.1237 -5.25098 0.466406 -0.0156908 0.000196065
76 19.9168 -4.81741 0.455351 -0.0160058 0.000207107
77 20.2197 -4.72246 0.436754 -0.0151234 0.000193361
78 19.1905 -4.5232 0.424644 -0.0148115 0.000191041
79 27.0174 -5.57956 0.49123 -0.016752 0.000211864
80 25.2522 -5.53877 0.498036 -0.0171644 0.000218798
81 29.1899 -5.9601 0.514293 -0.0173206 0.000216686
82 28.2873 -5.8833 0.51432 -0.0175422 0.000222615
83 25.165 -5.41162 0.481227 -0.016392 0.00020738
84 28.9027 -6.01881 0.526913 -0.0179782 0.000227307
85 31.5333 -7.41763 0.636147 -0.0212349 0.000260886
86 23.6941 -5.22748 0.476219 -0.0165626 0.000213788
87 24.5024 -5.26249 0.47406 -0.016322 0.000208333
88 23.2208 -5.31875 0.490381 -0.0171178 0.000220876
89 22.585 -5.13649 0.475975 -0.0166404 0.000214801
90 25.3314 -5.47423 0.493272 -0.0169995 0.00021671
91 20.1181 -4.82399 0.453489 -0.0158545 0.000203725
92 20.0211 -4.85832 0.457246 -0.0160607 0.000208034
93 26.888 -5.76933 0.513114 -0.0175784 0.000222374
94 29.218 -5.92477 0.509969 -0.0171669 0.000214737
95 20.4909 -5.01798 0.467991 -0.0163215 0.000209643
