0 94.0022 -18.1325 1.25785 -0.0366008 0.00039906
1 111.959 -21.0767 1.44897 -0.0421014 0.000457011
2 89.1045 -17.5083 1.24664 -0.03719 0.000414716
3 93.5528 -17.9635 1.24769 -0.0363831 0.000397466
4 90.6535 -17.6738 1.24751 -0.0368896 0.000407191
5 172.222 -30.5872 1.99478 -0.0557374 0.000582664
6 88.1883 -16.8599 1.16843 -0.0339713 0.000371065
7 112.428 -20.2654 1.34831 -0.0380186 0.000401996
8 95.8674 -18.1545 1.24772 -0.0361282 0.000393011
9 160.4 -28.5687 1.87456 -0.0525656 0.000550498
10 74.1943 -14.6513 1.05683 -0.0317011 0.00035575
11 87.3263 -16.5733 1.14774 -0.0333495 0.000363642
12 80.5077 -15.8529 1.13259 -0.033826 0.000378495
13 82.1633 -15.4076 1.05079 -0.0300447 0.00032393
14 96.5671 -18.1192 1.23603 -0.0354572 0.00038147
15 111.209 -20.743 1.42601 -0.0414046 0.000448583
16 95.4586 -18.2005 1.26097 -0.0367616 0.000401586
17 89.2328 -16.8148 1.14871 -0.0329946 0.000356057
18 105.925 -19.468 1.30768 -0.037256 0.00040003
19 87.5469 -16.7498 1.16637 -0.0340215 0.000371695
20 74.6104 -14.7543 1.05927 -0.0316385 0.000353396
21 93.4435 -17.4935 1.17771 -0.0334358 0.000357899
22 133.229 -23.8415 1.5694 -0.0440331 0.00046324
23 110.365 -20.5999 1.40095 -0.0403046 0.000434594
24 88.0567 -16.7253 1.1633 -0.0340033 0.000372622
25 85.0588 -16.3427 1.14108 -0.03341 0.000367051
26 123.978 -22.7395 1.54286 -0.044437 0.000477409
27 96.6681 -18.0942 1.24141 -0.0359084 0.000388967
28 79.9065 -15.4375 1.08501 -0.0318801 0.000351381
29 99.0895 -19.0141 1.33866 -0.0396621 0.000438961
30 95.2761 -18.1055 1.26094 -0.0369662 0.000406026
31 95.5642 -18.2005 1.26095 -0.0368602 0.00040426
32 30.9181 -6.09106 0.525933 -0.0178881 0.000226798
33 33.2189 -6.32214 0.536851 -0.0181175 0.000228718
34 20.5306 -4.60793 0.43389 -0.0153817 0.000203127
35 21.8672 -4.43655 0.398947 -0.0136279 0.000174542
36 31.3159 -6.10452 0.529067 -0.0181666 0.000233392
37 25.6147 -5.25538 0.471263 -0.016339 0.000211231
38 39.4335 -7.19066 0.59291 -0.0198082 0.000247111
39 27.5463 -5.55168 0.489392 -0.0167683 0.000213806
40 32.3599 -6.30331 0.537163 -0.018083 0.000226611
41 31.7418 -6.22678 0.535618 -0.0181932 0.000229879
42 36.3174 -6.72142 0.558247 -0.0186451 0.000233002
43 32.7793 -6.17007 0.518266 -0.0172997 0.000215103
44 37.3222 -7.14226 0.596361 -0.0199324 0.000248338
45 31.3326 -6.2301 0.543961 -0.0187479 0.000240473
46 32.452 -6.03643 0.502693 -0.0166854 0.000207457
47 28.4455 -5.65886 0.488433 -0.0164306 0.000205307
48 35.8811 -6.84622 0.573332 -0.0192199 0.000239794
49 32.08 -6.45669 0.561002 -0.0192324 0.000245118
50 35.1646 -6.89107 0.588842 -0.0200272 0.000253826
51 40.3763 -7.63514 0.632266 -0.021156 0.000263331
52 26.528 -5.4577 0.486553 -0.016749 0.000214085
53 34.6763 -6.65016 0.557249 -0.0185779 0.000230215
54 37.4661 -7.03285 0.578578 -0.0190717 0.000234083
55 39.5796 -7.38313 0.610795 -0.0203866 0.000253383
56 30.9669 -6.2979 0.54656 -0.0186176 0.000235756
57 27.4403 -5.79682 0.520603 -0.0181028 0.000232977
58 30.5149 -6.21052 0.540874 -0.0184213 0.000232421
59 20.8666 -4.63862 0.424856 -0.0145596 0.000184601
60 23.9908 -4.9417 0.436618 -0.0148042 0.000187461
61 29.645 -5.90352 0.507677 -0.017139 0.000215426
62 31.3802 -6.14407 0.523987 -0.0176515 0.00022129
63 37.8428 -7.16457 0.589481 -0.0194703 0.00023906
64 23.1752 -4.88943 0.43965 -0.0150257 0.000191283
65 24.6587 -5.05439 0.448541 -0.0152495 0.000193
66 22.1039 -4.61146 0.413942 -0.0140535 0.00017819
67 22.727 -4.8666 0.442194 -0.0152334 0.000195532
68 35.9723 -6.81473 0.572503 -0.0192338 0.000242103
69 21.5909 -4.71606 0.434373 -0.0150728 0.000195172
70 16.6453 -3.8721 0.3719 -0.0130211 0.000169806
71 31.4259 -6.19121 0.535188 -0.0181463 0.000229545
72 22.0306 -5.34369 0.491472 -0.0169778 0.000216709
73 23.3321 -4.90377 0.442482 -0.0152472 0.000196934
74 21.8689 -4.50368 0.40347 -0.0136737 0.000173263
75 25.148 -5.28145 0.475151 -0.0163534 0.00020981
76 37.0871 -7.12043 0.600135 -0.0202159 0.000253894
77 23.1331 -5.01846 0.452416 -0.0154987 0.000197729
78 23.0462 -4.77493 0.423867 -0.0143242 0.000180815
79 17.5334 -4.22928 0.404746 -0.0141872 0.00018412
80 30.0855 -6.03282 0.51428 -0.0171619 0.000213283
81 22.1078 -4.97274 0.459119 -0.0159375 0.000205173
82 31.6192 -6.21443 0.528726 -0.0176965 0.000221403
83 26.9815 -5.56069 0.484914 -0.0163198 0.000204718
84 21.1559 -4.53364 0.41044 -0.0139967 0.000177864
85 30.326 -5.9534 0.507755 -0.0169179 0.000209942
86 34.8777 -6.84169 0.583035 -0.0197157 0.000248647
87 20.1125 -4.80161 0.447494 -0.015445 0.000196656
88 31.4629 -6.49716 0.569702 -0.0195014 0.000247394
89 27.7288 -6.01659 0.544652 -0.0189475 0.000243463
90 25.7684 -5.5989 0.503205 -0.017298 0.000219926
91 23.6604 -5.11464 0.460208 -0.0156878 0.00019789
92 19.1814 -4.48406 0.428928 -0.0152348 0.000201264
93 25.5091 -5.31846 0.47441 -0.01622 0.000205766
94 22.5039 -4.90918 0.44826 -0.0154285 0.000197208
95 23.6201 -5.2083 0.477951 -0.0166427 0.000214547
