0 44.5239 -9.87779 0.796588 -0.0257452 0.00030826
1 40.6584 -9.15265 0.75235 -0.0246149 0.000297468
2 46.1982 -10.2344 0.826845 -0.0267671 0.000319776
3 68.819 -14.1501 1.05419 -0.0323136 0.000367472
4 83.5265 -16.7674 1.21783 -0.0366843 0.000409894
5 45.1038 -10.0806 0.82147 -0.0267287 0.000319795
6 42.5874 -9.42235 0.765032 -0.0247477 0.000295123
7 67.2448 -13.8591 1.03563 -0.0317896 0.000361677
8 21.2451 -5.26043 0.506288 -0.0182691 0.000242026
9 24.8428 -5.83347 0.523691 -0.0179469 0.000226312
10 68.9794 -14.2292 1.06329 -0.0327617 0.000375892
11 61.5478 -13.1044 1.00929 -0.0316446 0.000366223
12 54.6252 -11.8326 0.92773 -0.0293939 0.000343396
13 30.4548 -7.06807 0.612912 -0.0206023 0.0002544
14 33.8182 -7.71198 0.651434 -0.0215373 0.000261798
15 77.7167 -15.242 1.0929 -0.0326446 0.000364208
16 42.3514 -9.43432 0.762839 -0.0245777 0.000292198
17 35.9384 -8.21605 0.686398 -0.0226401 0.000275473
18 49.9545 -10.873 0.862717 -0.027583 0.00032561
19 22.8313 -5.60852 0.517896 -0.0180543 0.000230431
20 35.9092 -8.277 0.696603 -0.0230734 0.000281374
21 47.0815 -10.4094 0.83679 -0.0269155 0.000318488
22 53.1993 -11.4339 0.889959 -0.0280281 0.000325989
23 38.6284 -8.70684 0.719614 -0.0234251 0.000278984
24 55.151 -11.984 0.941116 -0.0299251 0.000351052
25 36.3764 -8.22442 0.671242 -0.0216947 0.000259422
26 65.3412 -13.7117 1.04068 -0.0323328 0.000371732
27 21.1744 -5.08434 0.464734 -0.015975 0.000201926
28 32.3496 -7.64991 0.650812 -0.0216829 0.000266776
29 55.0103 -11.7108 0.900588 -0.0280945 0.000324403
30 20.0163 -4.85001 0.456975 -0.0160882 0.0002086
31 103.263 -19.8921 1.39682 -0.0410389 0.00044713
32 37.1811 -8.63621 0.735355 -0.024781 0.000307386
33 24.805 -5.96642 0.545513 -0.0190813 0.000244681
34 44.6185 -10.0379 0.821185 -0.0270191 0.000328051
35 38.6763 -8.8305 0.740023 -0.0246083 0.000300699
36 42.5411 -9.57621 0.787083 -0.0258639 0.000312717
37 44.0904 -9.83845 0.802769 -0.026234 0.000316039
38 34.982 -8.09175 0.69293 -0.0233562 0.000288954
39 46.8989 -10.2683 0.821039 -0.0264018 0.000312717
40 37.7826 -8.64302 0.725308 -0.0240844 0.000293502
41 40.7039 -9.19504 0.76051 -0.0250148 0.000302006
42 18.3266 -4.39929 0.429019 -0.0155658 0.000206234
43 38.4215 -8.65611 0.717436 -0.0235397 0.000282916
44 22.9813 -5.20864 0.483672 -0.0171399 0.000223469
45 34.7886 -7.96687 0.676885 -0.0226493 0.000278445
46 35.3621 -8.03631 0.675539 -0.0223962 0.000273012
47 41.6484 -9.3914 0.778193 -0.0257028 0.000311525
48 33.24 -7.7713 0.668337 -0.0224637 0.000275491
49 31.087 -7.32556 0.642197 -0.0218563 0.000271195
50 62.441 -13.1322 1.00105 -0.03131 0.000362288
51 20.5708 -4.98878 0.466897 -0.0164648 0.000212245
52 29.2174 -6.91886 0.607765 -0.0206655 0.000257392
53 19.4278 -4.68863 0.452012 -0.0162671 0.000213485
54 20.5496 -4.99925 0.472003 -0.0167435 0.000217092
55 46.3453 -10.3384 0.842782 -0.0275863 0.000331954
56 21.6439 -5.08598 0.473455 -0.0167416 0.000217333
57 43.7734 -9.84445 0.808002 -0.0265374 0.000320487
58 51.0452 -10.9921 0.864066 -0.0274397 0.00032067
59 48.4684 -10.6025 0.845809 -0.027206 0.000322207
60 29.4011 -6.98793 0.612874 -0.0208972 0.000261331
61 40.3485 -9.01597 0.738206 -0.0240171 0.000286651
62 19.9406 -4.77707 0.454916 -0.0162886 0.000214163
63 28.9471 -6.81418 0.59859 -0.0204322 0.00025589
64 27.0269 -5.65967 0.501175 -0.0174367 0.000225698
65 31.2983 -6.21156 0.537598 -0.0185216 0.0002372
66 34.8669 -6.78818 0.580736 -0.0200315 0.000257956
67 25.0771 -5.1344 0.453645 -0.0156247 0.000200598
68 34.9171 -6.88134 0.582267 -0.0196995 0.000247423
69 39.0139 -7.07966 0.575702 -0.0190594 0.000235889
70 37.7637 -6.99846 0.574064 -0.0190511 0.000235326
71 28.6492 -5.53145 0.476281 -0.0162674 0.000207849
72 25.836 -5.50147 0.491642 -0.0170838 0.00021959
73 31.5818 -6.06325 0.514606 -0.0173806 0.000218062
74 37.713 -6.99537 0.576705 -0.0192443 0.000238651
75 31.9627 -6.19303 0.528696 -0.017985 0.000227157
76 30.4714 -6.35186 0.557887 -0.0192624 0.000244823
77 30.3572 -5.97146 0.515106 -0.0175732 0.000221544
78 30.2875 -5.95743 0.514266 -0.0175619 0.000222597
79 38.9207 -7.12724 0.580318 -0.0192179 0.000237557
80 33.6969 -6.64913 0.561961 -0.0189524 0.000236894
81 37.7451 -7.22248 0.595998 -0.0197968 0.000244109
82 31.0683 -6.05969 0.516576 -0.0174872 0.000219791
83 39.3847 -7.15055 0.579246 -0.0190943 0.000234641
84 37.0672 -7.0535 0.587287 -0.0196976 0.000244728
85 27.3914 -5.57084 0.488053 -0.016724 0.000212264
86 38.9579 -7.17406 0.589492 -0.0196988 0.000245319
87 30.6759 -5.85522 0.496009 -0.0167553 0.00021135
88 34.8744 -6.88692 0.576563 -0.0192758 0.000239176
89 36.0087 -6.97677 0.590543 -0.0200974 0.000254063
90 31.7179 -6.19968 0.526121 -0.0177489 0.000222456
91 35.5446 -6.62554 0.548817 -0.0183609 0.000229663
92 35.0706 -6.86351 0.581429 -0.0196916 0.000246292
93 38.8567 -7.37436 0.618154 -0.0209487 0.000263447
94 34.028 -6.57498 0.551508 -0.0185679 0.000233139
95 19.749 -4.59774 0.428728 -0.0151404 0.000198097
