0 44.232 0.111327
1 30.8438 0.110295
2 24.9911 0.11107
3 50.0508 0.110569
4 36.1067 0.109924
5 34.885 0.110132
6 23.8191 0.109935
7 54.2058 0.109113
8 44.743 0.110861
9 35.8898 0.110049
10 41.5248 0.11019
11 12.0239 0.109029
12 19.8631 0.108702
13 45.882 0.108667
14 18.7619 0.108003
15 26.2854 0.110186
16 56.4756 0.10947
17 63.8179 0.108729
18 30.9068 0.109256
19 4.14815 0.109366
20 13.948 0.110216
21 34.6732 0.106908
22 72.1542 0.109884
23 41.1075 0.11126
24 35.4099 0.110769
25 50.2584 0.109246
26 40.6089 0.109538
27 35.3411 0.109942
28 18.7096 0.109132
29 49.5012 0.108741
30 34.9717 0.10661
31 30.8492 0.107924
32 33.5369 0.109991
33 51.853 0.109985
34 39.8356 0.106927
35 57.2584 0.107511
36 46.7739 0.10904
37 30.7651 0.110415
38 44.6687 0.108377
39 20.3703 0.106985
40 60.1358 0.110796
41 53.7426 0.105973
42 48.2714 0.109814
43 49.4922 0.111398
44 72.7529 0.109792
45 27.0656 0.110236
46 39.045 0.108247
47 24.4776 0.107765
48 46.0312 0.110646
49 48.8153 0.109286
50 55.4197 0.108614
51 48.0516 0.109127
52 31.0484 0.11039
53 32.7744 0.109996
54 31.3182 0.10982
55 32.1039 0.110877
56 71.3535 0.109726
57 17.1306 0.108002
58 29.2268 0.110392
59 52.7252 0.109087
60 42.623 0.112302
61 32.4513 0.110819
62 29.3701 0.109186
63 48.3875 0.107592
64 70.7956 0.114507
65 47.8637 0.112811
66 81.9652 0.112163
67 47.7201 0.113131
68 81.5846 0.112713
69 100.428 0.10891
70 5.97598 0.112211
71 57.814 0.1137
72 90.627 0.113436
73 72.5991 0.112035
74 56.6597 0.111018
75 63.986 0.114355
76 61.035 0.11221
77 51.9251 0.112699
78 53.0667 0.112803
79 56.876 0.109997
80 56.901 0.11262
81 65.8173 0.112519
82 45.6506 0.113743
83 78.5467 0.112596
84 70.242 0.113892
85 31.4145 0.112888
86 56.6072 0.112437
87 69.363 0.112393
88 39.5282 0.112574
89 83.7812 0.111747
90 35.0219 0.114007
91 45.7273 0.112306
92 59.5604 0.114843
93 38.5749 0.113057
94 41.5459 0.11153
95 56.948 0.108879
