0 -102.608 0.118416
1 -80.1523 0.114604
2 -78.1139 0.114755
3 -85.668 0.116536
4 -71.6544 0.114223
5 -89.861 0.115591
6 -88.2731 0.1171
7 -69.9601 0.114941
8 -89.0552 0.11597
9 -76.5437 0.113716
10 -59.7645 0.11738
11 -77.09 0.115534
12 -73.7936 0.114897
13 -86.5373 0.114338
14 -87.2964 0.114294
15 -59.5448 0.115058
16 -82.9155 0.116407
17 -88.1304 0.11405
18 -101.103 0.117723
19 -77.3373 0.114692
20 -69.9342 0.113133
21 -115.641 0.115688
22 -80.9441 0.116736
23 -87.0041 0.11478
24 -75.6638 0.113613
25 -86.6766 0.113776
26 -57.1892 0.114283
27 -74.1801 0.113575
28 -76.1365 0.115421
29 -59.7023 0.114385
30 -70.9475 0.114006
31 -93.5798 0.111805
32 32.3353 0.11272
33 34.976 0.113625
34 4.13525 0.11488
35 11.9516 0.114088
36 32.9309 0.114003
37 16.2071 0.114598
38 50.4332 0.114003
39 19.5854 0.113447
40 26.9097 0.115061
41 28.823 0.112553
42 45.703 0.113764
43 36.2434 0.111483
44 37.4706 0.114433
45 28.1083 0.113506
46 34.7725 0.113346
47 19.1452 0.11515
48 38.4897 0.114075
49 24.0731 0.11405
50 31.9517 0.116042
51 46.1534 0.113988
52 17.614 0.115088
53 35.9176 0.1147
54 41.2739 0.113267
55 50.7388 0.114264
56 17.8957 0.116697
57 13.8221 0.113649
58 21.5008 0.113945
59 0.245406 0.112895
60 7.96328 0.113949
61 22.7375 0.110931
62 23.9724 0.112329
63 37.2046 0.110115
64 10.7746 0.114696
65 15.7866 0.11347
66 8.32827 0.112589
67 9.73124 0.113785
68 43.8182 0.114926
69 7.45274 0.114837
70 -5.13428 0.114203
71 31.3694 0.1164
72 -14.1217 0.114269
73 8.16338 0.114931
74 10.6606 0.112758
75 15.9263 0.116086
76 38.8425 0.115135
77 9.11234 0.112883
78 10.0084 0.112924
79 -9.63815 0.115187
80 16.6989 0.114432
81 0.399905 0.116153
82 26.9228 0.114208
83 10.8756 0.11593
84 2.70526 0.113607
85 28.403 0.113263
86 31.7729 0.116316
87 -7.59311 0.11382
88 19.2395 0.116409
89 10.2363 0.116378
90 5.29292 0.1153
91 0.351612 0.114796
92 -3.0013 0.114914
93 8.92421 0.115086
94 3.4733 0.114572
95 2.64551 0.110696
