0 -11.7351 0.109319
1 7.12769 0.111081
2 -0.254115 0.108171
3 -10.8934 0.11188
4 8.57326 0.109802
5 -4.42732 0.110632
6 -5.61605 0.109922
7 8.26728 0.108772
8 -15.6329 0.107845
9 -9.5235 0.10959
10 -19.4732 0.113082
11 20.0045 0.107975
12 7.4697 0.111033
13 -4.21723 0.109233
14 -2.00685 0.108379
15 -14.4362 0.108269
16 -6.74342 0.108848
17 33.9798 0.109422
18 -15.0756 0.110404
19 3.42019 0.109166
20 -11.4028 0.109685
21 15.8363 0.109992
22 -20.9258 0.111777
23 -7.12868 0.110679
24 -4.95025 0.110957
25 25.5968 0.109389
26 -7.36274 0.110372
27 -18.2054 0.110643
28 -18.0274 0.111335
29 16.4683 0.109188
30 -10.4474 0.107531
31 -19.6998 0.106093
32 62.0367 0.110899
33 80.759 0.110117
34 59.6245 0.110647
35 89.8429 0.112013
36 79.1167 0.108827
37 89.6628 0.109573
38 69.5482 0.11017
39 90.1041 0.109155
40 73.6905 0.109258
41 89.9444 0.108585
42 83.4433 0.110379
43 68.2315 0.11224
44 58.4188 0.112654
45 76.4821 0.109561
46 117.796 0.11028
47 67.3884 0.110706
48 96.8532 0.110549
49 71.1737 0.110484
50 71.0041 0.111955
51 73.721 0.111118
52 64.4455 0.112029
53 82.7281 0.110983
54 52.3579 0.109197
55 58.674 0.109486
56 88.4784 0.111628
57 89.0886 0.10898
58 50.351 0.111401
59 76.1603 0.110559
60 51.4323 0.110358
61 39.4959 0.107804
62 82.2551 0.110655
63 59.6984 0.106744
64 -8.3186 0.114044
65 -8.71879 0.113879
66 -2.17082 0.114063
67 27.9536 0.114662
68 21.0876 0.115075
69 4.1716 0.113274
70 -7.828 0.114249
71 -2.94441 0.115987
72 9.0341 0.113118
73 3.776 0.114533
74 8.90454 0.112367
75 9.90651 0.113149
76 29.9939 0.115861
77 20.395 0.111412
78 28.3778 0.111984
79 4.20106 0.115735
80 -30.1518 0.114565
81 12.8091 0.113427
82 12.6228 0.113235
83 -4.55859 0.113125
84 -19.8559 0.11521
85 8.4938 0.113851
86 -4.11967 0.109911
87 16.6916 0.113003
88 -10.2112 0.112827
89 -4.25974 0.111121
90 2.19618 0.113059
91 -6.10674 0.113151
92 0.978122 0.112986
93 9.09174 0.114386
94 3.41463 0.111684
95 8.80044 0.108846
