0 42.33 -8.07802 0.683298 -0.0235159 0.000301257
1 32.8179 -6.53582 0.565394 -0.0194187 0.000248423
2 38.8157 -7.48675 0.634615 -0.0217195 0.000277131
3 43.3186 -8.35063 0.70859 -0.0245462 0.000316221
4 32.5684 -6.5954 0.575094 -0.0199043 0.00025646
5 35.9428 -6.99246 0.595497 -0.0203373 0.000259049
6 56.4765 -10.0464 0.79856 -0.0264486 0.000326513
7 47.5174 -8.73447 0.711984 -0.0239071 0.000299564
8 41.322 -7.67486 0.635136 -0.021398 0.000268943
9 42.5966 -7.97575 0.660144 -0.0222239 0.000278593
10 45.539 -8.39037 0.685746 -0.0229466 0.000286446
11 41.7698 -7.83298 0.651439 -0.0220408 0.000277891
12 39.5211 -7.31019 0.597948 -0.0197692 0.000244182
13 34.6563 -6.78029 0.578414 -0.0197169 0.000250301
14 46.1192 -8.22058 0.651584 -0.0211319 0.000255985
15 37.8024 -7.11197 0.592957 -0.0199628 0.000250865
16 36.9126 -7.05887 0.594436 -0.0201824 0.00025583
17 31.3611 -6.42792 0.564576 -0.019567 0.000251667
18 33.8673 -6.55994 0.553073 -0.018558 0.000232308
19 55.0212 -9.82885 0.790162 -0.0264869 0.000330832
20 43.2102 -8.1354 0.673664 -0.0227314 0.000285807
21 44.308 -8.27586 0.67609 -0.0224703 0.000277163
22 33.6643 -6.69957 0.577009 -0.0197404 0.000251366
23 43.1205 -8.13305 0.669823 -0.022423 0.000278895
24 40.585 -7.81631 0.656545 -0.0223431 0.000282422
25 37.4439 -7.21529 0.606835 -0.0205637 0.000259603
26 32.4134 -6.54338 0.563233 -0.0191273 0.000241019
27 44.6852 -8.45558 0.697404 -0.0234602 0.000292837
28 38.2008 -7.36821 0.614462 -0.0206096 0.000257468
29 41.151 -7.85272 0.647469 -0.0216189 0.000268882
30 37.5016 -7.27028 0.607321 -0.0203377 0.000253148
31 46.3796 -8.58991 0.699812 -0.0233476 0.000289451
32 48.8014 -10.9636 0.887253 -0.0287931 0.000344641
33 42.4045 -9.61328 0.789029 -0.0256647 0.000307287
34 35.8828 -8.4689 0.727633 -0.0245496 0.00030495
35 23.2515 -5.69617 0.520179 -0.0179447 0.000228082
36 26.8106 -6.41584 0.563907 -0.0189419 0.000234644
37 32.3015 -7.58156 0.638736 -0.0210225 0.000257209
38 29.3528 -6.81744 0.58829 -0.0196602 0.000243764
39 24.4492 -5.91364 0.533425 -0.0182073 0.000228927
40 19.1701 -4.73781 0.43643 -0.0149321 0.00019029
41 33.3795 -7.88938 0.68211 -0.0229574 0.000283403
42 24.6405 -5.96081 0.536878 -0.0183316 0.000230621
43 21.5491 -5.28681 0.482146 -0.0164485 0.000207376
44 17.9176 -4.26435 0.405598 -0.0140924 0.00018138
45 19.5995 -4.82205 0.453477 -0.0157416 0.000201162
46 17.7724 -4.22813 0.40335 -0.0140546 0.000180961
47 21.0485 -5.2023 0.47422 -0.0161587 0.000203723
48 22.8892 -5.49095 0.491772 -0.0166079 0.000207786
49 26.0368 -6.34498 0.563765 -0.0190261 0.000236397
50 21.6755 -5.32589 0.491846 -0.0169541 0.000215347
51 25.4204 -6.20253 0.546772 -0.0184027 0.000228847
52 33.5586 -7.71368 0.643304 -0.0210015 0.000253752
53 26.9093 -5.59086 0.486729 -0.0163069 0.000202918
54 23.3 -5.68939 0.518782 -0.0177815 0.00022383
55 38.2824 -8.61029 0.700454 -0.0225814 0.000270081
56 28.8186 -6.86401 0.594268 -0.0197393 0.000240737
57 24.5369 -5.42863 0.487254 -0.0166094 0.00020943
58 20.422 -5.13271 0.48259 -0.0168471 0.000215623
59 28.7367 -6.92399 0.609928 -0.0205955 0.000255063
60 24.1952 -5.33509 0.476461 -0.0161785 0.000203729
61 22.9393 -5.56428 0.503811 -0.0171344 0.000214351
62 31.038 -7.40605 0.643633 -0.0216263 0.000267365
63 28.0817 -6.7452 0.592514 -0.0199427 0.000246283
64 33.1873 -6.47802 0.550858 -0.018619 0.00023503
65 32.7107 -6.6379 0.581213 -0.0201356 0.000260052
66 46.2766 -8.53864 0.705045 -0.0239321 0.00030365
67 27.4207 -5.66902 0.504003 -0.0174438 0.000225605
68 44.7925 -8.43638 0.699147 -0.0235687 0.000295932
69 36.2401 -6.80274 0.567585 -0.0190224 0.000237854
70 39.6496 -7.43433 0.616088 -0.0206445 0.000257906
71 32.7501 -6.47153 0.559069 -0.0191673 0.000245078
72 36.1231 -7.35962 0.649444 -0.0229358 0.000301654
73 31.4431 -6.46809 0.574334 -0.0200728 0.000260729
74 37.6922 -7.19929 0.613905 -0.0210689 0.000270373
75 30.4516 -6.11911 0.535078 -0.0184158 0.000235825
76 36.2962 -6.90779 0.58115 -0.0196193 0.000247492
77 29.454 -6.18103 0.547652 -0.0189725 0.00024407
78 29.7166 -6.02002 0.521734 -0.0176966 0.000222943
79 41.7423 -8.11758 0.687826 -0.0235891 0.000300233
80 42.7253 -8.11895 0.6723 -0.022582 0.000282587
81 31.8233 -6.25941 0.535955 -0.0181522 0.000229379
82 31.8233 -6.25941 0.535955 -0.0181522 0.000229379
83 49.8097 -9.30852 0.768485 -0.0261137 0.000329885
84 30.1885 -6.02289 0.521274 -0.0177186 0.000224104
85 28.3166 -6.03055 0.539484 -0.0187512 0.000241934
86 32.8603 -6.69815 0.582529 -0.0200061 0.000254547
87 32.6415 -6.53651 0.57282 -0.0198741 0.00025624
88 38.8208 -7.44363 0.621725 -0.0208265 0.000259552
89 44.6026 -8.5837 0.723843 -0.0248507 0.000316469
90 43.6271 -8.55428 0.722898 -0.0247803 0.000314349
91 31.6487 -6.39591 0.561972 -0.0194714 0.000249888
92 28.0304 -6.08987 0.551792 -0.0194365 0.000253622
93 35.5837 -7.07506 0.606774 -0.0207334 0.000262497
94 33.5762 -6.89208 0.604673 -0.0210192 0.000270967
95 33.2799 -6.80741 0.597468 -0.0207708 0.000267813
