0 34.7723 0.193509
1 42.1797 0.189252
2 54.588 0.190539
3 49.8011 0.19136
4 22.9829 0.192315
5 41.3347 0.193017
6 20.5401 0.191919
7 21.5092 0.189692
8 41.5087 0.191703
9 24.7391 0.189941
10 31.2464 0.191126
11 36.8818 0.192143
12 37.1353 0.187175
13 36.4357 0.189087
14 52.6454 0.192756
15 24.9269 0.193577
16 35.4101 0.196862
17 42.2007 0.192158
18 61.4104 0.190452
19 20.0428 0.189514
20 32.3608 0.191432
21 31.6096 0.193317
22 45.3079 0.192863
23 27.5251 0.191892
24 19.8333 0.193354
25 27.3956 0.190799
26 30.3111 0.194504
27 34.2447 0.189328
28 5.63528 0.188662
29 33.7742 0.187623
30 33.1815 0.195374
31 30.7173 0.188505
32 79.2697 0.186267
33 63.8188 0.17935
34 46.305 0.179501
35 70.257 0.181831
36 41.286 0.181856
37 70.2074 0.178938
38 88.9233 0.182999
39 76.9884 0.18108
40 78.0828 0.181126
41 59.3764 0.177941
42 58.9732 0.183134
43 60.9215 0.180435
44 80.6843 0.183376
45 73.1415 0.183032
46 68.533 0.181961
47 61.9554 0.180447
48 66.0088 0.18222
49 90.8106 0.180289
50 50.9741 0.181208
51 81.9406 0.181643
52 83.7369 0.184139
53 64.5381 0.177232
54 109.923 0.179943
55 69.4278 0.181964
56 81.5638 0.182029
57 63.639 0.179892
58 47.9811 0.185181
59 45.6559 0.181722
60 50.0974 0.182339
61 51.5215 0.177121
62 63.6304 0.184115
63 69.8899 0.178061
64 -18.5648 0.196677
65 4.9139 0.194452
66 -19.464 0.196338
67 -23.0512 0.196644
68 -7.08059 0.197284
69 -20.2928 0.192594
70 -2.53215 0.193395
71 -35.2323 0.192104
72 -1.04526 0.194145
73 -20.1376 0.195776
74 1.04188 0.196839
75 -35.6884 0.195162
76 -19.1346 0.196662
77 -16.314 0.193553
78 -18.8175 0.19533
79 12.3076 0.195067
80 -3.43657 0.198983
81 11.5345 0.197457
82 5.30494 0.195878
83 -5.78962 0.199414
84 8.67563 0.200012
85 -43.5628 0.195799
86 -9.84685 0.195845
87 -1.57988 0.197074
88 -8.9491 0.197883
89 -9.18218 0.197603
90 -6.70431 0.199571
91 -15.1217 0.196165
92 -24.8496 0.193973
93 -2.19222 0.195749
94 6.8119 0.192728
95 -21.2894 0.192362
