0 -35.2742 0.196749
1 -40.3753 0.196042
2 -29.4021 0.192714
3 -52.9513 0.194206
4 -20.7371 0.189659
5 -17.8697 0.19494
6 -16.851 0.192415
7 -50.3725 0.192706
8 -21.3929 0.195785
9 -17.1811 0.190398
10 -1.01415 0.192354
11 -17.2471 0.19085
12 -26.1863 0.194978
13 -11.1485 0.191126
14 -33.1757 0.191785
15 -32.1351 0.189123
16 -34.9125 0.194162
17 -20.7655 0.191995
18 -38.1485 0.195247
19 -29.8541 0.191107
20 -46.6768 0.19322
21 -36.4788 0.189392
22 -39.148 0.191727
23 -40.3979 0.192903
24 -50.8834 0.193168
25 -42.093 0.191414
26 -12.9158 0.1935
27 -28.4986 0.193445
28 -17.537 0.190812
29 -34.6192 0.191459
30 -47.8601 0.190159
31 -27.4884 0.191582
32 -18.756 0.188371
33 -36.0093 0.180654
34 -13.6434 0.187705
35 -25.7326 0.188806
36 -5.44322 0.188603
37 -30.3936 0.186214
38 7.15395 0.189727
39 -15.0823 0.186888
40 -7.13965 0.187192
41 -29.9599 0.184659
42 -30.8671 0.188205
43 -22.488 0.185968
44 -40.224 0.189729
45 -24.2825 0.186206
46 -37.7617 0.187483
47 -4.81453 0.187346
48 -17.8095 0.188182
49 2.00712 0.188385
50 -43.2093 0.189436
51 -19.7468 0.186294
52 -11.3016 0.185922
53 -46.3187 0.190141
54 -27.5498 0.188545
55 -45.2669 0.188558
56 -29.3023 0.189426
57 -7.4548 0.185496
58 -19.0367 0.192952
59 -36.9177 0.186938
60 -10.3864 0.186867
61 -4.6617 0.185591
62 -30.6562 0.185472
63 -26.5531 0.183254
64 -0.599187 0.192115
65 12.0747 0.18966
66 15.9127 0.186469
67 8.35079 0.189823
68 21.9647 0.189101
69 35.9559 0.187649
70 2.0064 0.189588
71 25.8335 0.187456
72 17.8587 0.188234
73 3.26031 0.186124
74 8.00539 0.191489
75 26.1386 0.188451
76 24.4537 0.188462
77 2.49078 0.187357
78 44.9207 0.190622
79 18.0558 0.187998
80 30.815 0.190615
81 20.6777 0.188273
82 48.2901 0.191708
83 29.1486 0.192292
84 8.71804 0.194386
85 4.57626 0.189718
86 -0.461242 0.188935
87 48.464 0.190894
88 16.3618 0.187902
89 8.4657 0.189578
90 18.2464 0.190847
91 15.0768 0.192709
92 5.20099 0.189976
93 21.8197 0.18963
94 12.6954 0.188765
95 20.2375 0.182743
