0 -50.3954 0.190533
1 -38.943 0.187211
2 -34.8955 0.190987
3 -61.0835 0.190928
4 -72.5248 0.191302
5 -43.1141 0.191949
6 -39.0476 0.189837
7 -62.8041 0.188151
8 -12.2047 0.193308
9 -21.5606 0.188301
10 -79.2564 0.193503
11 -53.9373 0.192662
12 -52.8268 0.191801
13 -29.3976 0.191781
14 -31.3303 0.190985
15 -73.0727 0.19075
16 -51.6645 0.193374
17 -44.1425 0.188842
18 -49.7009 0.192711
19 -23.1985 0.193298
20 -36.2435 0.191849
21 -46.0625 0.189806
22 -58.7314 0.189523
23 -32.9553 0.191061
24 -55.2807 0.191741
25 -55.8639 0.19167
26 -67.3396 0.19144
27 -23.4727 0.190578
28 -47.6288 0.191384
29 -62.5296 0.191076
30 -23.3839 0.19343
31 -67.9241 0.188199
32 -23.6975 0.189072
33 -12.7852 0.187279
34 -45.743 0.188207
35 -21.6962 0.190826
36 -28.6692 0.186059
37 -30.7326 0.188902
38 -28.0085 0.18843
39 -32.3954 0.186324
40 -22.1248 0.187978
41 -30.9421 0.186531
42 -6.99755 0.185784
43 -26.6941 0.186333
44 -1.31203 0.189297
45 -27.8085 0.190152
46 -28.6781 0.190288
47 -26.5323 0.18829
48 -25.4435 0.185812
49 -19.3766 0.188997
50 -54.331 0.18522
51 -13.4478 0.188416
52 -25.7917 0.19161
53 -8.27196 0.18786
54 -11.4329 0.189051
55 -35.5758 0.187998
56 -3.9913 0.188035
57 -34.9397 0.187751
58 -38.0938 0.187145
59 -44.416 0.187495
60 -24.5831 0.18772
61 -28.3209 0.186187
62 -10.0066 0.188249
63 -14.462 0.182393
64 9.80421 0.191989
65 23.7384 0.190641
66 24.9931 0.191138
67 5.92956 0.189815
68 28.685 0.190535
69 43.515 0.191499
70 34.6458 0.187876
71 15.7018 0.189477
72 1.43419 0.187728
73 21.793 0.19012
74 39.6509 0.189593
75 22.0515 0.188457
76 17.1746 0.187904
77 20.0115 0.188817
78 21.3699 0.190058
79 42.7849 0.187787
80 21.8281 0.18734
81 26.3523 0.189976
82 15.2808 0.188515
83 41.955 0.19133
84 35.1146 0.191166
85 7.26045 0.189657
86 42.8414 0.190705
87 14.3022 0.18821
88 19.8699 0.189282
89 26.7723 0.188597
90 19.9436 0.189017
91 33.9362 0.19093
92 26.7356 0.190733
93 33.7954 0.190218
94 24.2607 0.188232
95 -13.6585 0.184107
