0 -75.3662 0.253426
1 -29.7121 0.255224
2 -45.3145 0.26075
3 -55.3718 0.252649
4 -35.8492 0.259724
5 -59.2223 0.259089
6 -43.9296 0.25477
7 -33.8073 0.252499
8 -57.8339 0.258862
9 -18.8791 0.261097
10 -34.611 0.2635
11 -42.5911 0.252085
12 -39.2964 0.255395
13 -13.2063 0.254816
14 -33.9817 0.258835
15 -34.4232 0.256737
16 -16.3253 0.259368
17 -25.6783 0.258003
18 -87.5897 0.257546
19 -61.5716 0.259095
20 -24.5891 0.257919
21 -72.2316 0.255589
22 -58.9275 0.255134
23 -33.9168 0.258719
24 -84.6478 0.256909
25 -60.9025 0.257517
26 -34.1332 0.263758
27 -31.5927 0.254742
28 -50.5888 0.252791
29 -55.1783 0.2569
30 -38.2186 0.256225
31 -48.9932 0.255703
32 -78.0324 0.254947
33 -112.209 0.248041
34 -84.9822 0.246521
35 -73.3788 0.249502
36 -86.6507 0.252314
37 -85.366 0.252525
38 -87.2202 0.251529
39 -66.7047 0.248869
40 -95.3777 0.249236
41 -87.8643 0.250814
42 -89.5942 0.245614
43 -75.016 0.251883
44 -79.0053 0.254407
45 -80.951 0.251178
46 -80.4943 0.25356
47 -90.9674 0.246636
48 -69.3564 0.253086
49 -90.3807 0.249662
50 -49.9073 0.255095
51 -50.1577 0.251109
52 -60.5051 0.253346
53 -80.9823 0.24818
54 -67.2589 0.253128
55 -66.0184 0.254424
56 -69.5592 0.251469
57 -86.855 0.248974
58 -95.4177 0.251188
59 -85.3749 0.25133
60 -78.1397 0.252825
61 -83.3471 0.253315
62 -76.7485 0.250172
63 -92.1189 0.24501
64 54.0642 0.235343
65 54.323 0.232391
66 62.9017 0.229144
67 54.3148 0.233234
68 28.5002 0.230656
69 70.1722 0.23022
70 57.0254 0.230922
71 66.305 0.230543
72 60.6145 0.232758
73 54.9685 0.233579
74 54.7288 0.228291
75 38.8261 0.232059
76 50.06 0.230397
77 40.7825 0.230304
78 60.4165 0.233414
79 64.3309 0.227888
80 58.4671 0.234317
81 26.1859 0.230694
82 59.2873 0.232735
83 77.6605 0.232663
85 57.4739 0.22968
86 65.1381 0.230325
87 44.6701 0.228533
88 50.0793 0.232104
89 45.0391 0.233151
90 47.5352 0.23161
91 58.4246 0.230522
92 32.3265 0.232794
93 34.4837 0.228735
94 61.8434 0.23333
95 71.253 0.226325
