0 5.52643 0.18538
1 0.918659 0.183532
2 -21.1791 0.184733
3 -15.9459 0.181178
4 -19.1082 0.183958
5 28.5621 0.18773
6 -7.36547 0.188128
7 -2.30976 0.188391
8 -5.21598 0.184318
9 24.3494 0.187303
10 11.217 0.188759
11 17.5528 0.183682
12 1.96471 0.182924
13 -7.55741 0.18248
14 27.8194 0.188364
15 -12.9756 0.18557
16 2.55657 0.186219
17 11.4091 0.188587
18 25.2051 0.185054
19 24.3032 0.187532
20 -15.531 0.18735
21 1.96994 0.185121
22 32.0535 0.187988
23 -12.8939 0.184091
24 13.2207 0.188604
25 -6.48511 0.18251
26 10.9764 0.187013
27 11.9627 0.186849
28 12.4272 0.183116
29 4.9545 0.183199
30 7.40748 0.183062
31 1.53622 0.184461
32 33.9282 0.185478
33 50.638 0.185858
34 19.6977 0.185448
35 33.8432 0.18196
36 11.6749 0.183041
37 22.7755 0.1814
38 30.0369 0.185668
39 30.3694 0.184419
40 35.1312 0.187656
41 45.4676 0.18573
42 33.0366 0.184994
43 36.0847 0.187225
44 57.6536 0.186022
45 28.1477 0.186938
46 41.355 0.185256
47 37.3847 0.186997
48 51.469 0.186695
49 49.9499 0.187079
50 40.0246 0.185915
51 51.3393 0.185769
52 46.7072 0.187154
53 29.7867 0.183256
54 37.5643 0.184858
55 27.6289 0.184639
56 28.8435 0.187815
57 24.7793 0.182239
58 64.3348 0.188964
59 33.6037 0.183453
60 21.5843 0.185865
61 47.9298 0.182829
62 33.6761 0.185524
63 36.0577 0.182117
64 22.5905 0.193424
65 13.0862 0.189023
66 51.5247 0.190311
67 45.3747 0.187437
68 31.4643 0.193237
69 37.6481 0.191211
70 11.1002 0.1903
71 34.6706 0.192652
72 48.9886 0.191454
73 9.80596 0.189651
74 48.3624 0.188872
75 48.025 0.188174
76 26.4182 0.188485
77 5.52009 0.189898
78 46.5014 0.190122
79 44.2101 0.189882
80 37.8356 0.192183
81 41.3772 0.189514
82 47.2855 0.19004
83 40.6514 0.190589
84 37.25 0.189648
85 11.0073 0.19083
86 41.6103 0.191969
87 8.11051 0.186382
88 26.445 0.189451
89 28.2331 0.189838
90 38.4545 0.191554
91 39.9656 0.190165
92 44.8658 0.189642
93 27.0174 0.188627
94 45.7279 0.186903
95 32.2575 0.184078
