0 -5.11604 0.246728
1 15.788 0.244331
2 -20.735 0.245046
3 -8.34644 0.239929
4 10.3658 0.249039
5 -7.37912 0.243525
6 -24.7819 0.248718
7 23.2113 0.242936
8 7.59962 0.245547
9 -1.65757 0.247385
10 -15.282 0.240347
11 -7.37838 0.247933
12 -24.6949 0.244973
13 -32.2192 0.242291
14 2.42757 0.243621
15 -8.2427 0.242846
16 -20.2645 0.251239
17 -21.216 0.244177
18 -6.13445 0.24611
19 -1.88934 0.245284
20 -2.73463 0.245643
21 -17.2827 0.246696
22 -25.7223 0.24528
23 -0.788815 0.246387
24 -23.8669 0.248814
25 -22.1528 0.245978
26 -13.2862 0.247532
27 20.6808 0.244502
28 -51.8687 0.242165
29 -1.77435 0.245237
30 -8.80865 0.245525
31 -26.8753 0.237924
32 -19.3201 0.247244
33 -46.2 0.243342
34 -25.4585 0.243642
35 -61.6061 0.245055
36 -31.8613 0.245912
37 -54.4647 0.239086
38 2.69793 0.243238
39 -46.4662 0.247318
40 -26.9109 0.245737
41 -40.3734 0.244221
42 -53.2078 0.246185
43 -30.3505 0.24335
44 -51.2376 0.245452
45 -23.5052 0.245199
46 -61.3217 0.242545
47 -41.846 0.242352
48 -14.7264 0.248898
49 -19.8939 0.249029
50 -24.1477 0.244002
51 -61.354 0.242491
52 -48.5136 0.243875
53 -49.3819 0.240224
54 -28.0379 0.245341
55 -23.7009 0.242423
56 -50.4889 0.243913
57 -59.6991 0.245402
58 -50.393 0.244598
59 -23.2049 0.243139
60 -24.3144 0.247439
61 -66.6191 0.243201
62 -16.332 0.242065
63 -9.97063 0.239568
64 23.3461 0.244395
65 17.8625 0.240784
66 51.8071 0.244425
67 57.1395 0.23925
68 52.4363 0.24004
69 52.2775 0.243884
70 32.4546 0.245351
71 62.183 0.239983
72 10.6786 0.241747
73 51.6465 0.242218
74 25.4156 0.24363
75 32.2327 0.237827
76 55.4855 0.240558
77 64.5595 0.234868
78 40.8596 0.23725
79 15.8537 0.245583
80 44.5587 0.243861
81 61.8731 0.242523
82 65.1581 0.240953
83 44.4372 0.243316
84 31.5983 0.243836
85 19.4212 0.240524
86 53.3362 0.236253
87 34.7302 0.239403
88 20.4212 0.247216
89 41.6823 0.238882
90 28.2051 0.2413
91 36.9618 0.239327
92 27.263 0.239744
93 49.9024 0.238647
94 47.7814 0.2439
95 36.5629 0.239396
