0 12.3803 0.248134
1 -21.5512 0.249356
2 8.81887 0.24779
3 4.01209 0.246032
4 17.0315 0.247396
5 5.08833 0.248001
6 -17.6564 0.243601
7 26.4881 0.247892
8 -2.72469 0.247513
9 25.8031 0.243736
10 -3.44939 0.249027
11 4.6538 0.247301
12 3.86941 0.247122
13 -11.8858 0.245426
14 -10.8337 0.251683
15 -1.43908 0.244431
16 13.6941 0.24514
17 7.27714 0.247192
18 -1.74036 0.248971
19 30.6409 0.248463
20 -16.7251 0.251302
21 29.4439 0.246437
22 -9.17037 0.249345
23 2.60784 0.247048
24 -1.41419 0.251565
25 12.1307 0.250353
26 3.39246 0.249871
27 17.485 0.245232
28 34.5629 0.246581
29 -0.465539 0.246904
30 18.4742 0.250009
31 16.0547 0.235245
32 104.977 0.236979
33 66.0449 0.237234
34 66.831 0.238744
35 64.6934 0.235863
36 102.244 0.237574
37 108.361 0.237809
38 64.4799 0.237
39 62.7502 0.23383
40 72.1275 0.237818
41 74.294 0.236731
42 59.0673 0.235253
43 83.5444 0.234782
44 81.9288 0.234485
45 68.775 0.236478
46 82.0251 0.233767
47 69.907 0.235358
48 84.9799 0.235705
49 90.2421 0.234176
50 75.8133 0.236728
51 79.9348 0.235911
52 69.2875 0.239209
53 60.2324 0.234078
54 70.9411 0.239617
55 61.315 0.231577
56 78.8778 0.239895
57 81.4939 0.236844
58 66.8882 0.236052
59 79.8343 0.240059
60 54.5756 0.23679
61 71.0818 0.237945
62 95.0844 0.234891
63 63.616 0.232658
64 5.90755 0.25686
65 -7.93494 0.254068
66 -15.5514 0.255121
67 15.0732 0.25548
68 -18.9403 0.252508
69 -16.842 0.252369
70 -4.63379 0.252827
71 8.28166 0.252224
72 -8.8361 0.256415
73 -33.2182 0.252289
74 33.689 0.254315
75 -40.0022 0.253543
76 -4.53167 0.254454
77 1.81923 0.251275
78 -0.489672 0.252368
79 -29.7452 0.251603
80 2.31621 0.25764
81 -11.8559 0.253535
82 -4.80619 0.252045
83 -8.40476 0.252952
84 12.3039 0.256749
85 25.2104 0.256624
86 -16.2471 0.253911
87 -23.0682 0.257385
88 -4.89381 0.249969
89 16.2744 0.254787
90 12.0516 0.255086
91 -0.110497 0.251515
92 -15.439 0.254362
93 -5.83289 0.250135
94 25.9803 0.26
95 25.0167 0.245715
