0 -13.3676 0.214712
1 -28.9515 0.21216
2 -20.3098 0.214244
3 -31.6119 0.21072
4 -48.0659 0.213974
5 -36.5684 0.211018
6 -33.9198 0.212223
7 -20.6099 0.212304
8 -0.792053 0.214315
9 -21.7495 0.212273
10 -24.2869 0.215313
11 -2.88317 0.210695
12 -1.48126 0.210799
13 -5.54262 0.210244
14 -27.4472 0.21061
15 -19.0611 0.211822
16 -7.43059 0.213556
17 -27.5529 0.209218
18 -30.5556 0.215485
19 -22.9819 0.216428
20 -33.144 0.212619
21 4.57794 0.207325
22 -29.7805 0.211982
23 -28.7233 0.213858
24 -50.5456 0.215227
25 -9.50623 0.210097
26 -23.9095 0.21675
27 -26.3953 0.212051
28 -22.4768 0.213001
29 -28.1897 0.211233
30 -54.7134 0.213104
31 -17.7056 0.215738
32 40.5085 0.214213
33 13.3494 0.211346
34 8.33387 0.209435
35 7.16932 0.208026
36 -3.98462 0.210995
37 11.3471 0.208939
38 12.6045 0.208595
39 -9.22917 0.209607
40 28.5066 0.213049
41 18.5363 0.210562
42 22.25 0.213375
43 6.13181 0.212036
44 -24.6532 0.209289
45 14.0162 0.211063
46 -2.16545 0.20594
47 8.80628 0.209218
48 -18.4206 0.210753
49 22.5336 0.205516
50 -5.67774 0.211524
51 12.8444 0.208959
52 -3.98057 0.206888
53 8.86793 0.208298
54 23.2168 0.206128
55 9.88578 0.210287
56 2.07324 0.211593
57 -0.476653 0.208161
58 -3.74934 0.209596
59 12.843 0.209398
60 -0.365544 0.208592
61 -21.0222 0.205516
62 -10.6494 0.209359
63 3.37158 0.208572
64 -64.3865 0.21393
65 -25.447 0.215535
66 -31.906 0.214891
67 -49.2697 0.21665
68 -35.4974 0.217441
69 -45.0933 0.217239
70 -27.8808 0.212049
71 -35.4593 0.215828
72 -40.1995 0.216811
73 -43.9676 0.212855
74 -35.423 0.216373
75 -17.3752 0.213555
76 -69.8645 0.215246
77 -36.2225 0.215684
78 -39.4481 0.21558
79 -63.3285 0.217753
80 -51.9642 0.215983
81 -38.0637 0.213688
82 -45.0303 0.217212
83 -48.4488 0.214138
84 -71.3717 0.218586
85 -35.2238 0.213033
86 -43.045 0.214985
87 -40.8585 0.217335
88 -53.3867 0.217193
89 -11.5001 0.216704
90 -22.6151 0.215917
91 -74.3656 0.220412
92 -62.2554 0.215167
93 -33.2981 0.215386
94 -39.1662 0.211975
95 -50.1745 0.214446
