0 -17.7668 0.244145
1 5.89243 0.243735
2 11.2234 0.237793
3 -14.4564 0.239645
4 -11.0261 0.241626
5 -23.2407 0.242812
6 -10.0854 0.247352
7 8.45433 0.244358
8 19.8346 0.243946
9 8.40527 0.242461
10 3.98463 0.241323
11 2.96745 0.239949
12 1.53226 0.246385
13 -18.4401 0.240418
14 -16.6627 0.243725
15 -8.13323 0.241608
16 -3.12332 0.24542
17 -31.8216 0.24367
18 -3.99474 0.24144
19 -0.54926 0.244909
20 8.06805 0.245771
21 -5.6298 0.24073
22 -19.2337 0.247432
23 -4.80456 0.243528
24 3.51718 0.244235
25 -11.6052 0.24269
26 11.1072 0.241469
27 -29.0121 0.243948
28 10.0878 0.246769
29 -42.334 0.243086
30 19.9547 0.241771
31 -49.4898 0.239675
32 -3.02833 0.247504
33 22.7757 0.246828
34 -1.96802 0.244486
35 8.15635 0.246825
36 9.73377 0.249643
37 -3.34929 0.247878
38 2.20916 0.247545
39 -5.8674 0.244065
40 10.9078 0.248101
41 -5.68099 0.244579
42 14.9246 0.245027
43 -8.84431 0.244407
44 -1.2417 0.244734
45 18.9829 0.242706
46 9.2672 0.24316
47 -6.72699 0.243914
48 11.7017 0.248504
49 28.0951 0.250284
50 16.8471 0.249169
51 -7.02273 0.245551
52 -14.9828 0.248047
53 -5.52404 0.245659
54 5.91661 0.245586
55 -4.93013 0.246251
56 -9.6137 0.243853
57 -27.1722 0.244292
58 -9.4624 0.248789
59 10.4557 0.246294
60 19.0752 0.241898
61 -9.4317 0.250387
62 -5.61355 0.24628
63 -19.5273 0.245136
64 52.5727 0.236608
65 43.7194 0.235629
66 52.4747 0.232515
67 66.3989 0.234184
68 101.685 0.234892
69 48.8853 0.237078
70 50.6311 0.236734
71 53.4372 0.23715
72 51.7423 0.235766
73 47.9664 0.235502
74 33.9747 0.23542
75 41.079 0.235962
76 68.5718 0.236237
77 28.2405 0.233586
78 30.6653 0.237656
79 40.4753 0.2342
80 30.5552 0.242772
81 52.0227 0.237507
82 49.6972 0.233199
83 51.7742 0.23389
84 72.0143 0.237649
85 42.2265 0.233015
86 59.8925 0.232452
87 36.7357 0.234068
88 13.482 0.237443
89 56.1339 0.235973
90 61.4508 0.23934
91 60.2709 0.235996
92 55.9715 0.234593
93 44.807 0.238088
94 68.7613 0.235934
95 44.9264 0.232452
