0 15.5223 0.195209
1 -11.6955 0.192267
2 18.6822 0.190503
3 -12.446 0.18988
4 -21.5806 0.193572
5 -29.7616 0.192335
6 1.54482 0.189609
7 -4.85384 0.19293
8 -40.1467 0.195676
9 11.1693 0.190795
10 -31.8483 0.191069
11 -0.0526622 0.188657
12 3.51045 0.194192
13 -2.53813 0.193239
14 -14.9946 0.191009
15 9.72734 0.190563
16 -14.2498 0.187867
17 2.77637 0.191008
18 -14.9956 0.19396
19 10.9667 0.192767
20 7.47059 0.18935
21 1.40871 0.192424
22 7.08812 0.193593
23 -12.7322 0.188261
24 -33.6736 0.191046
25 4.70641 0.19545
26 -14.0806 0.195387
27 -1.98983 0.188037
28 -38.0358 0.191846
29 -31.9779 0.193778
30 -29.1068 0.185173
31 -48.4016 0.187053
32 69.3576 0.190776
33 27.9125 0.184568
34 43.8541 0.184219
35 51.006 0.185101
36 56.9312 0.18593
37 46.5775 0.185862
38 44.1589 0.183596
39 27.4868 0.183694
40 33.7131 0.185098
41 46.1489 0.185487
42 40.743 0.184609
43 66.8208 0.183833
44 53.7394 0.184093
45 49.6347 0.18598
46 57.3489 0.185738
47 64.8239 0.184536
48 14.8747 0.183762
49 56.5275 0.18405
50 51.5589 0.187825
51 61.7799 0.185491
52 29.2583 0.182479
53 46.6104 0.184236
54 48.366 0.183627
55 39.1828 0.184876
56 53.7413 0.18758
57 81.1882 0.185901
58 45.9424 0.183508
59 43.3317 0.181859
60 47.559 0.183266
61 66.7441 0.185671
62 49.1531 0.182489
63 30.6751 0.181358
64 78.0566 0.182559
65 87.2848 0.180556
66 68.8778 0.18071
67 79.861 0.1839
68 84.6373 0.179825
69 76.8559 0.181092
70 76.0591 0.180596
71 89.8181 0.181658
72 62.6874 0.182896
73 87.3829 0.178324
74 77.6252 0.181865
75 87.2574 0.180133
76 90.3701 0.181665
77 102.291 0.179267
78 93.9743 0.183403
79 85.0835 0.183161
80 65.249 0.181743
81 80.9632 0.18366
82 76.3748 0.181572
83 91.7453 0.18022
84 99.3028 0.181053
85 86.07 0.18221
86 110.805 0.182594
87 84.799 0.182381
88 95.2598 0.181605
89 60.1694 0.181188
90 73.8044 0.182781
91 87.1488 0.184131
92 88.8545 0.182547
93 66.1515 0.180982
94 75.8398 0.180976
95 96.4938 0.174916
