0 -17.1284 0.222163
1 15.5069 0.225957
2 55.1261 0.221841
3 7.04897 0.218825
4 36.7926 0.222629
5 54.8438 0.223617
6 15.1016 0.22287
7 40.0629 0.221481
8 25.5813 0.227824
9 19.8178 0.220504
10 24.7537 0.225703
11 47.1921 0.222414
12 48.2846 0.22355
13 33.3406 0.220908
14 3.66423 0.225263
15 0.030538 0.220188
16 5.33269 0.222021
17 42.0686 0.221942
18 3.6323 0.224962
19 14.7473 0.224561
20 35.9235 0.221581
21 37.5687 0.22358
22 17.8508 0.222911
23 17.3627 0.221788
24 61.0367 0.223559
25 35.0407 0.221643
26 21.3427 0.222896
27 25.6433 0.223368
28 52.3731 0.219893
29 13.525 0.218721
30 34.5649 0.222048
31 28.7345 0.215369
32 -40.7464 0.219218
33 -25.7848 0.218738
34 -26.4557 0.21531
35 -5.12579 0.218215
36 -20.2942 0.216551
37 -3.96992 0.219319
38 -16.6753 0.219469
39 -11.2904 0.217187
40 -5.62327 0.216338
41 -8.32927 0.21709
42 -23.4804 0.217988
43 -24.1736 0.216216
44 6.59609 0.218256
45 -11.7469 0.216711
46 -31.6603 0.217038
47 -28.8735 0.214621
48 -33.443 0.217431
49 -34.9874 0.216087
50 -10.5439 0.218322
51 12.2671 0.218698
52 -47.2745 0.215898
53 -3.46086 0.218191
54 -5.09982 0.216391
55 -16.7963 0.216028
56 -39.5052 0.217112
57 -25.9312 0.221301
58 -19.4207 0.219868
59 -32.2113 0.221753
60 -19.543 0.217288
61 -15.787 0.221555
62 6.05667 0.212457
63 -33.9735 0.217483
64 -3.43735 0.221612
65 -11.6534 0.220441
66 -21.4555 0.21501
67 -5.23482 0.21472
68 15.125 0.217402
69 2.31912 0.216157
70 -17.4295 0.218324
71 16.5742 0.219448
72 -42.278 0.216829
73 -12.1382 0.212484
74 -27.384 0.218671
75 0.491428 0.215028
76 -14.0455 0.217823
77 14.534 0.214731
78 16.3424 0.222694
79 -30.8131 0.213639
80 2.88783 0.219127
81 -7.2424 0.215775
82 -25.9984 0.217136
83 15.2695 0.21927
84 -3.09858 0.214556
85 -32.8775 0.21616
86 -5.06089 0.215162
87 -8.24027 0.214191
88 -10.1941 0.22166
89 -13.4484 0.215298
90 -14.5148 0.21943
91 -21.7267 0.214406
92 -14.1456 0.218548
93 -41.8593 0.212832
94 -2.96675 0.214736
95 -22.3282 0.21418
