0 -18.965 0.183611
1 0.934634 0.186512
2 -7.66053 0.183561
3 -11.9032 0.186216
4 0.549189 0.184193
5 -12.3455 0.183838
6 -14.3853 0.184043
7 3.70017 0.181231
8 -27.3779 0.182305
9 -17.3601 0.180882
10 -29.9976 0.188125
11 13.8417 0.180536
12 -2.07685 0.186412
13 -12.8944 0.182933
14 -11.4828 0.183705
15 -23.3337 0.183054
16 -16.2851 0.183169
17 22.5362 0.184868
18 -23.0849 0.184551
19 -4.58565 0.182587
20 -18.5059 0.182236
21 4.3361 0.182786
22 -29.2357 0.187269
23 -12.8004 0.182455
24 -14.9922 0.185906
25 17.1784 0.183851
26 -13.6227 0.183122
27 -26.5449 0.183552
28 -26.0472 0.185041
29 5.27108 0.184976
30 -19.3112 0.179485
31 -26.3435 0.177306
32 51.242 0.185896
33 69.7223 0.186489
34 51.0661 0.184337
35 81.3183 0.187153
36 70.9578 0.182291
37 77.5028 0.183537
38 56.2961 0.185419
39 82.2734 0.183269
40 63.1129 0.183448
41 77.6301 0.183951
42 69.9537 0.18515
43 56.7067 0.187396
44 47.0944 0.185933
45 62.585 0.186068
46 105.545 0.186692
47 55.9526 0.184835
48 83.3875 0.186149
49 57.6417 0.185135
50 55.8097 0.188135
51 63.1264 0.184534
52 56.5919 0.186785
53 69.2098 0.186231
54 39.3233 0.184832
55 48.2854 0.18472
56 79.1442 0.185825
57 75.5738 0.183792
58 38.5093 0.187387
59 63.7498 0.186066
60 41.8726 0.186129
61 29.2629 0.181271
62 68.862 0.188389
63 51.1921 0.176673
64 -16.8567 0.191256
65 -18.743 0.191835
66 -9.56719 0.190375
67 22.5818 0.189538
68 12.8795 0.191671
69 -5.13677 0.188308
70 -16.3476 0.188965
71 -12.1767 0.19025
72 -0.467422 0.189575
73 -10.3074 0.19074
74 -3.63089 0.186888
75 -2.23299 0.188202
76 20.8827 0.194075
77 8.55373 0.185065
78 13.954 0.190111
79 -3.89621 0.18912
80 -40.8445 0.189882
81 -0.687983 0.18915
82 -0.382402 0.191017
83 -14.619 0.188856
84 -30.1621 0.191408
85 -2.53414 0.1879
86 -17.8512 0.186904
87 5.74082 0.189201
88 -19.0125 0.187747
89 -15.5093 0.186727
90 -9.31271 0.189031
91 -17.8538 0.190112
92 -7.58344 0.188644
93 -0.907703 0.189682
94 -10.0501 0.189187
95 -0.0875412 0.180818
