0 47.8247 0.184655
1 45.8906 0.182369
2 62.4563 0.182117
3 26.9316 0.183446
4 51.4651 0.18292
5 44.7111 0.1848
6 43.9537 0.181085
7 44.1714 0.182535
8 47.5526 0.182433
9 37.8165 0.181121
10 54.1091 0.181163
11 45.7825 0.183121
12 46.0057 0.179264
13 47.6651 0.183378
14 59.5435 0.186151
15 18.8298 0.184361
16 17.0985 0.184253
17 55.8257 0.183001
18 67.5334 0.182254
19 31.8788 0.18182
20 47.1004 0.177931
21 25.952 0.181391
22 54.9632 0.184202
23 11.9495 0.180083
24 65.323 0.186613
25 38.8336 0.182511
26 43.9835 0.182209
27 32.6234 0.181536
28 44.9282 0.18033
29 30.2223 0.182814
30 58.6554 0.182561
31 2.21933 0.176362
32 133.859 0.181122
33 94.9788 0.183033
34 96.9559 0.183223
35 114.378 0.177014
36 132.31 0.181019
37 130.618 0.176991
38 124.149 0.178574
39 101.363 0.178688
40 115.99 0.183692
41 133.429 0.178174
42 114.718 0.179088
43 112.709 0.179722
44 104.678 0.182594
45 104.408 0.177947
46 110.316 0.178018
47 108.673 0.183314
48 98.6415 0.180011
49 130.15 0.178999
50 80.129 0.180723
51 106.61 0.179505
52 111.506 0.180986
53 153.271 0.157553
54 84.787 0.17774
55 111.418 0.183641
56 120.053 0.182978
57 124.222 0.183691
58 126.05 0.180201
59 115.756 0.176706
60 113.95 0.180952
61 118.474 0.179531
62 87.99 0.178033
63 119.019 0.17476
64 28.7463 0.188552
65 15.5932 0.18926
66 5.28902 0.188536
67 9.61013 0.188506
68 6.80591 0.187492
69 24.7091 0.189797
70 -18.0877 0.189688
71 47.4543 0.186859
72 -23.6043 0.191424
73 44.3992 0.189844
74 6.94579 0.189442
75 2.54017 0.187965
76 16.865 0.187567
77 5.67523 0.188059
78 0.722218 0.192528
79 11.183 0.187651
80 41.0176 0.189188
81 9.90802 0.188274
82 7.65463 0.192394
83 42.4913 0.190417
84 50.4252 0.190502
85 -3.96621 0.188885
86 16.1305 0.19161
87 -5.12886 0.190339
88 7.18575 0.192013
89 -20.2456 0.188361
90 -6.69269 0.187221
91 1.48056 0.186355
92 -16.7274 0.188407
93 15.6796 0.192236
94 -8.04092 0.188902
95 13.48 0.185557
