0 -43.8107 0.190446
1 -59.7407 0.193714
2 -33.6748 0.191301
3 -54.8971 0.191519
4 -43.6144 0.193517
5 -27.0732 0.185849
6 -45.9167 0.187125
7 -40.6803 0.187819
8 -18.3891 0.190934
9 -31.271 0.187955
10 -41.5007 0.189228
11 -18.7298 0.189571
12 -55.4819 0.191264
13 -50.8751 0.185204
14 -12.4 0.189982
15 -49.4753 0.186908
16 -48.6032 0.189903
17 -35.939 0.19206
18 -54.7625 0.186934
19 -62.8559 0.190809
20 -38.9586 0.191325
21 -77.1483 0.190394
22 -22.608 0.189276
23 -37.2907 0.19054
24 -31.3471 0.188018
25 -6.92073 0.189758
26 -68.4838 0.194185
27 -47.2903 0.187304
28 -26.6076 0.190832
29 -58.1124 0.187501
30 -34.4893 0.189721
31 -36.5773 0.186051
32 -14.2395 0.193464
33 9.29691 0.189526
34 -13.4009 0.188112
35 -3.26695 0.190284
36 27.6088 0.191421
37 -24.1524 0.191328
38 -0.221896 0.191454
39 -6.12463 0.18822
40 8.6692 0.193253
41 5.5097 0.191312
42 15.6659 0.193697
43 13.1758 0.192317
44 23.0428 0.18816
45 -28.4107 0.19279
46 -12.7506 0.190298
47 -17.3028 0.192321
48 1.77883 0.192452
49 0.226369 0.191175
50 4.77578 0.188681
51 6.7269 0.193115
52 11.0938 0.193466
53 10.493 0.194116
54 18.8295 0.192524
55 -18.6304 0.191565
56 2.82054 0.191251
57 -31.1735 0.19006
58 -18.5985 0.191575
59 -8.67559 0.191243
60 6.48946 0.191217
61 -17.5819 0.191414
62 -17.0072 0.192355
63 -3.203 0.183304
64 -16.0156 0.18969
65 28.8788 0.188228
66 39.887 0.189188
67 39.7395 0.18838
68 9.35474 0.186701
69 4.4017 0.187814
70 3.84874 0.189593
71 -13.0086 0.188568
72 24.2662 0.186437
73 4.22318 0.183055
74 20.4691 0.189398
75 16.816 0.186289
76 13.9356 0.188166
77 27.7264 0.188679
78 -8.54291 0.184351
79 21.9459 0.182606
80 12.8292 0.187502
81 11.3111 0.188124
82 3.65929 0.187304
83 9.03855 0.184368
84 20.7717 0.187515
85 16.0746 0.186091
86 36.389 0.187079
87 -1.95578 0.189087
88 13.0402 0.18856
89 31.2233 0.18927
90 19.337 0.186911
91 10.4169 0.185094
92 7.39608 0.182923
93 0.508 0.188142
94 -11.0473 0.185773
95 31.7061 0.181332
