0 49.7575 0.189988
1 22.0476 0.190569
2 31.2936 0.190058
3 47.0768 0.189085
4 16.6862 0.187993
5 28.4839 0.186204
6 77.7466 0.187413
7 57.2785 0.187876
8 43.7322 0.181564
9 46.6786 0.186806
10 52.8239 0.189525
11 42.7048 0.186152
12 39.4533 0.189379
13 29.1935 0.185138
14 62.6189 0.187421
15 40.6383 0.188046
16 29.9717 0.187609
17 14.7163 0.188895
18 26.545 0.185523
19 74.7274 0.188235
20 47.161 0.189468
21 48.0292 0.186853
22 27.1933 0.18973
23 42.727 0.186353
24 36.2054 0.189018
25 26.5874 0.186771
26 17.6772 0.186638
27 45.0929 0.184539
28 33.3555 0.184274
29 35.5871 0.184351
30 27.7736 0.184864
31 52.9051 0.186809
32 -44.214 0.19407
33 -32.5867 0.192675
34 -33.8925 0.193716
35 -20.97 0.192335
36 -29.2436 0.19353
37 -42.9862 0.195313
38 -30.0586 0.1899
39 -18.319 0.194857
40 -25.1037 0.195044
41 -22.5532 0.191907
42 -15.0443 0.192926
43 -20.062 0.193289
44 -3.91699 0.196402
45 -13.8887 0.194524
46 -6.15593 0.194489
47 -29.889 0.194043
48 -31.7292 0.196877
49 -28.9541 0.194162
50 -19.9867 0.196332
51 -35.8456 0.194033
52 -38.8264 0.193802
53 9.82701 0.193753
54 -18.9223 0.194978
55 -45.1618 0.193841
56 -28.4032 0.191106
57 8.39097 0.189971
58 -21.0336 0.192176
59 -32.6963 0.194555
60 -1.52934 0.194102
61 -15.2778 0.193067
62 -31.0461 0.194775
63 -25.4279 0.188987
64 26.3433 0.188467
65 20.9092 0.188623
66 57.8676 0.189149
67 16.6755 0.187245
68 51.4331 0.189152
69 37.2109 0.18724
70 42.2828 0.18772
71 26.1767 0.184168
72 25.3511 0.190227
73 27.2779 0.184288
74 36.8782 0.192113
75 18.1532 0.186878
76 32.2181 0.1879
77 16.4942 0.187607
78 14.4622 0.186973
79 40.6433 0.185448
80 45.7781 0.187729
81 24.2939 0.186723
82 24.2939 0.186723
83 57.5903 0.189861
84 19.8033 0.187768
85 7.66007 0.187589
86 14.0525 0.186106
87 27.2192 0.186349
88 37.1336 0.190107
89 47.1601 0.187232
90 41.3895 0.187252
91 22.6474 0.185865
92 6.38736 0.186337
93 21.4256 0.186124
94 18.7934 0.186124
95 18.6458 0.184554
