0 -97.5464 0.193694
1 -76.0551 0.19009
2 -76.9644 0.191547
3 -80.7488 0.19267
4 -68.9225 0.191079
5 -88.4249 0.193293
6 -85.4437 0.194497
7 -71.114 0.193372
8 -88.4268 0.194257
9 -79.0495 0.190673
10 -59.3599 0.196554
11 -72.0807 0.189762
12 -74.0642 0.192652
13 -86.8545 0.190161
14 -92.769 0.193663
15 -62.7584 0.193124
16 -82.5636 0.195158
17 -89.9735 0.191945
18 -102.549 0.1968
19 -78.4836 0.191862
20 -72.7888 0.190578
21 -113.096 0.189456
22 -83.574 0.196406
23 -88.6171 0.192458
24 -80.5637 0.19216
25 -90.7572 0.190458
26 -59.3592 0.192009
27 -77.0242 0.190732
28 -77.4275 0.192331
29 -63.696 0.192369
30 -73.9456 0.191279
31 -98.2628 0.187298
32 25.9957 0.192646
33 24.5749 0.194144
34 -2.13285 0.19412
35 5.6817 0.191968
36 25.2253 0.193614
37 7.92717 0.193947
38 43.4879 0.191818
39 9.57958 0.192343
40 16.514 0.194487
41 21.417 0.188428
42 38.4766 0.19239
43 26.4265 0.189696
44 25.428 0.194042
45 18.5518 0.191579
46 25.4968 0.192084
47 8.72324 0.194733
48 29.3806 0.192774
49 14.8419 0.191371
50 21.5329 0.195618
51 36.3502 0.191976
52 10.743 0.193716
53 26.3603 0.193869
54 32.5556 0.190708
55 40.48 0.193908
56 10.0296 0.194767
57 3.92545 0.191988
58 13.0208 0.191867
59 -9.01348 0.189859
60 -1.30417 0.191719
61 14.8932 0.186398
62 15.6008 0.188017
63 30.1694 0.18337
64 2.58805 0.196235
65 11.5155 0.190839
66 2.95345 0.19089
67 6.92743 0.190211
68 37.5796 0.195009
69 1.44686 0.194085
70 -11.5428 0.193214
71 27.7147 0.196055
72 -20.3994 0.193663
73 0.0319364 0.194826
74 4.2651 0.191366
75 9.54513 0.19567
76 33.2438 0.193574
77 1.5894 0.191679
78 1.42856 0.19177
79 -17.784 0.194277
80 7.38427 0.193503
81 -7.13862 0.196191
82 20.3572 0.192522
83 3.80085 0.194935
84 -5.53372 0.192374
85 21.8848 0.192174
86 23.1077 0.196802
87 -15.0063 0.193106
88 11.6886 0.195557
89 3.51447 0.194711
90 0.39255 0.193153
91 -9.30158 0.192867
92 -7.45859 0.192037
93 0.591748 0.193981
94 -4.233 0.193391
95 -3.10696 0.184857
