0 45.4414 0.191749
1 37.6237 0.185277
2 15.8733 0.185762
3 45.0037 0.188852
4 56.6075 0.191198
5 41.367 0.188011
6 35.4653 0.190608
7 37.4622 0.187596
8 30.2546 0.188446
9 31.2374 0.183109
10 11.3347 0.188481
11 33.3874 0.184516
12 34.6673 0.190625
13 61.6121 0.189921
14 26.9081 0.187882
15 40.6716 0.186676
16 63.5778 0.188833
17 46.5635 0.189602
18 38.2548 0.191444
19 63.7801 0.189195
20 41.097 0.191771
21 81.604 0.190257
22 46.1378 0.190277
23 54.1905 0.188779
24 28.1458 0.192645
25 43.4508 0.190495
26 16.2904 0.189232
27 23.7842 0.186196
28 32.2511 0.188689
29 21.6473 0.187766
30 23.1222 0.189933
31 71.6515 0.183695
32 -31.7441 0.193691
33 -6.93105 0.19147
34 6.5237 0.189207
35 -37.2547 0.193158
36 -15.652 0.193617
37 -16.3644 0.194654
38 -4.27057 0.194394
39 -12.8883 0.192141
40 -43.9353 0.198445
41 -9.02539 0.19452
42 -49.5862 0.191432
43 -16.8075 0.191924
44 -44.0744 0.190042
45 -24.1659 0.190103
46 -24.0038 0.196822
47 -7.81359 0.19267
48 -24.3151 0.195581
49 6.08013 0.191724
50 9.05558 0.191982
51 -21.0095 0.195663
52 -9.13631 0.192956
53 -28.6565 0.193837
54 5.40141 0.196769
55 -17.5366 0.195767
56 -17.2595 0.196569
57 -27.4117 0.195084
58 -18.4369 0.188835
59 -1.43398 0.192798
60 -3.02341 0.190363
61 -40.5315 0.192862
62 -6.85542 0.193463
63 -13.294 0.190088
64 67.9428 0.186082
65 72.6306 0.183941
66 43.7083 0.184329
67 64.5215 0.183337
68 82.1763 0.18643
69 51.1355 0.187625
70 76.7961 0.188383
71 73.3631 0.186713
72 61.1277 0.186694
73 69.3424 0.184249
74 96.3841 0.187228
75 63.2925 0.186838
76 69.6679 0.186836
77 67.3552 0.188238
78 61.2197 0.184209
79 67.0361 0.187397
80 68.9653 0.185981
81 88.7752 0.184805
82 63.381 0.186225
83 35.4759 0.188372
84 37.2614 0.18728
85 86.2827 0.184446
86 56.4749 0.184964
87 67.3597 0.185622
88 34.2058 0.185558
89 58.6466 0.190122
90 44.6357 0.18601
91 53.1927 0.189571
92 45.5848 0.187185
93 42.6081 0.184076
94 62.8565 0.186017
95 78.4315 0.181379
