0 38.9134 0.18783
1 26.4545 0.186682
2 24.4511 0.184684
3 47.5799 0.185237
4 33.2326 0.183231
5 33.6779 0.183341
6 23.1914 0.183683
7 51.7027 0.182765
8 42.1615 0.185059
9 31.9585 0.185212
10 37.0006 0.185786
11 6.03841 0.183698
12 14.396 0.185232
13 44.1509 0.183748
14 13.8962 0.182844
15 21.7683 0.185716
16 53.425 0.184104
17 60.1783 0.180894
18 26.4453 0.184962
19 -0.428521 0.183554
20 10.7252 0.185073
21 30.5223 0.181027
22 67.0852 0.185479
23 37.163 0.186551
24 30.8762 0.186659
25 46.1319 0.182838
26 35.7182 0.184214
27 33.4441 0.183485
28 16.9176 0.182651
29 48.0534 0.182151
30 31.4833 0.178663
31 28.2376 0.178559
32 29.876 0.183855
33 46.0296 0.183928
34 31.2816 0.18238
35 52.4464 0.182183
36 43.5396 0.183463
37 26.7657 0.184153
38 41.5547 0.182586
39 15.287 0.180903
40 52.8875 0.187626
41 44.9948 0.182388
42 42.8791 0.186278
43 45.3341 0.186461
44 68.1313 0.184673
45 20.988 0.186531
46 33.1287 0.184511
47 16.6242 0.183487
48 41.7699 0.186439
49 42.2158 0.184627
50 49.116 0.186333
51 40.9806 0.184814
52 27.2703 0.186061
53 23.8363 0.187364
54 24.3272 0.186551
55 26.0347 0.187737
56 65.2942 0.185198
57 12.2097 0.182378
58 22.7505 0.185427
59 43.5095 0.186079
60 39.2629 0.187652
61 26.3371 0.184169
62 23.4154 0.184105
63 41.984 0.180311
64 61.1449 0.192462
65 38.1057 0.190369
66 74.6581 0.188811
67 40.9767 0.189115
68 72.9161 0.187664
69 86.9894 0.185303
70 -3.28174 0.188782
71 49.6203 0.190591
72 83.6272 0.188716
73 65.0874 0.18706
74 48.2262 0.187717
75 54.3461 0.190068
76 51.789 0.188945
77 43.7971 0.187597
78 44.3863 0.190726
79 45.3239 0.186152
80 48.1013 0.189285
81 56.4503 0.189377
82 35.6509 0.19021
83 70.7213 0.187006
84 64.472 0.188247
85 20.0161 0.190111
86 46.5247 0.18997
87 59.7902 0.188167
88 30.7386 0.188987
89 74.7038 0.18843
90 24.886 0.192288
91 32.5972 0.190224
92 53.2096 0.192074
93 30.7464 0.186834
94 33.4515 0.187
95 49.5227 0.180381
