0 42.6816 0.156039
1 30.2446 0.154568
2 28.071 0.153096
3 49.4918 0.154299
4 33.7475 0.154207
5 34.7645 0.153131
6 25.5113 0.152607
7 54.3118 0.151714
8 43.7861 0.154362
9 35.4534 0.153057
10 39.6958 0.154913
11 9.01583 0.152888
12 15.5154 0.154874
13 44.4531 0.153282
14 14.9315 0.152355
15 23.8762 0.154572
16 54.9869 0.153257
17 62.2523 0.150905
18 27.7926 0.154295
19 0.988537 0.153455
20 11.6899 0.154262
21 30.6418 0.151272
22 67.3333 0.155302
23 38.4265 0.155606
24 32.6912 0.155402
25 46.5003 0.152972
26 36.9089 0.154129
27 33.8662 0.153441
28 17.3294 0.152555
29 48.8494 0.152041
30 31.213 0.150582
31 29.0373 0.150224
32 32.4055 0.155146
33 50.3459 0.154142
34 35.6812 0.152464
35 53.5805 0.153916
36 47.1644 0.153149
37 29.6066 0.154823
38 43.9161 0.153461
39 17.8667 0.151903
40 56.306 0.156763
41 48.8071 0.152114
42 45.5588 0.155965
43 47.8919 0.156226
44 69.8414 0.155362
45 24.2904 0.155821
46 36.3176 0.153681
47 20.4036 0.152748
48 43.7779 0.155966
49 44.6499 0.15466
50 51.4048 0.155731
51 42.452 0.155171
52 28.5641 0.155645
53 27.4926 0.154988
54 26.3171 0.156164
55 26.4187 0.157723
56 68.2952 0.154063
57 11.9763 0.153447
58 23.8832 0.155627
59 46.5174 0.155481
60 41.8939 0.155996
61 26.8632 0.155722
62 24.55 0.154024
63 43.7259 0.151413
64 66.7849 0.160822
65 42.2864 0.159736
66 80.0791 0.158064
67 45.1829 0.157746
68 78.2455 0.157703
69 91.7889 0.155537
70 3.08417 0.157693
71 54.6588 0.159333
72 87.2478 0.158338
73 68.7473 0.156764
74 52.6905 0.157018
75 58.5716 0.159879
76 55.6837 0.157724
77 47.5461 0.157571
78 48.1928 0.159717
79 50.4996 0.155538
80 51.0525 0.158841
81 59.1325 0.158735
82 40.5513 0.159616
83 74.4844 0.15728
84 68.1337 0.158021
85 25.166 0.158389
86 50.4547 0.158993
87 62.6289 0.158918
88 33.5236 0.159016
89 77.7945 0.157628
90 28.6887 0.161347
91 38.9628 0.158758
92 56.7541 0.160707
93 33.6548 0.158471
94 37.0756 0.157236
95 51.8983 0.152779
