0 -31.4277 0.163664
1 -36.082 0.162769
2 -24.5141 0.159796
3 -49.201 0.161222
4 -18.5029 0.159304
5 -13.8019 0.162446
6 -13.2323 0.160656
7 -47.6406 0.160317
8 -18.3581 0.162956
9 -13.2271 0.158329
10 0.94625 0.161023
11 -16.0157 0.159881
12 -23.6781 0.162823
13 -9.21774 0.159447
14 -29.888 0.160346
15 -30.6629 0.158387
16 -33.0033 0.162515
17 -17.7169 0.159712
18 -35.1739 0.163027
19 -26.1807 0.160058
20 -44.0567 0.160903
21 -36.5406 0.159766
22 -36.2466 0.160341
23 -39.1282 0.161186
24 -49.1945 0.161605
25 -40.8668 0.159966
26 -10.6617 0.162271
27 -23.8295 0.160563
28 -15.4891 0.159903
29 -34.1567 0.161427
30 -46.0724 0.159412
31 -26.5022 0.161558
32 -15.6216 0.15888
33 -33.2629 0.152117
34 -11.154 0.1575
35 -22.524 0.158752
36 -3.2195 0.158467
37 -27.4554 0.156196
38 12.006 0.158763
39 -11.3208 0.156644
40 -3.57369 0.157038
41 -26.9692 0.155658
42 -26.5322 0.15772
43 -19.1594 0.155955
44 -35.6766 0.158367
45 -21.3522 0.156245
46 -33.581 0.157172
47 -0.460872 0.157168
48 -15.8141 0.158127
49 3.09455 0.158671
50 -39.7662 0.158743
51 -16.4056 0.156017
52 -9.38453 0.156487
53 -43.2533 0.15957
54 -25.0345 0.158105
55 -41.4866 0.157226
56 -28.4509 0.160819
57 -7.58264 0.157258
58 -15.1046 0.161011
59 -32.5566 0.156079
60 -9.18881 0.157624
61 -2.67701 0.156602
62 -28.9104 0.156515
63 -22.5389 0.15401
64 4.79611 0.161468
65 17.7748 0.159692
66 22.1863 0.156953
67 14.9874 0.158544
68 26.5539 0.159847
69 41.9657 0.15691
70 7.8713 0.159405
71 32.333 0.157658
72 21.2514 0.15967
73 8.40583 0.156683
74 12.2574 0.162132
75 29.2549 0.159969
76 26.9156 0.160467
77 8.86684 0.156716
78 49.6458 0.160129
79 22.8601 0.15809
80 32.562 0.161886
81 23.035 0.159482
82 52.3378 0.161407
83 33.5498 0.162015
84 11.7881 0.16367
85 8.41573 0.159465
86 3.4205 0.159018
87 51.9985 0.16095
88 18.91 0.158721
89 10.4903 0.160313
90 20.9794 0.161272
91 20.4543 0.161558
92 9.28587 0.159663
93 23.226 0.160977
94 16.5206 0.158947
95 23.0873 0.155404
