0 -41.5916 0.159807
1 -30.7263 0.156774
2 -28.1987 0.159121
3 -55.134 0.15946
4 -65.8518 0.161461
5 -31.514 0.159227
6 -29.5769 0.159103
7 -55.7385 0.157581
8 -3.98185 0.162719
9 -11.1633 0.156898
10 -69.8009 0.162114
11 -46.4962 0.160512
12 -43.3531 0.160311
13 -19.1453 0.159959
14 -21.3781 0.159216
15 -67.633 0.160926
16 -42.433 0.161663
17 -34.2163 0.15775
18 -40.145 0.160974
19 -15.5645 0.161191
20 -29.3559 0.1605
21 -37.7449 0.159147
22 -50.7105 0.158227
23 -25.3095 0.158494
24 -49.9701 0.16171
25 -48.0994 0.15964
26 -60.1041 0.160452
27 -17.4415 0.160049
28 -42.7252 0.160429
29 -56.9606 0.160914
30 -16.2092 0.161419
31 -65.0091 0.159191
32 -16.9613 0.158544
33 -5.35373 0.157274
34 -37.2496 0.157284
35 -15.4559 0.159116
36 -21.7317 0.156152
37 -22.0233 0.157975
38 -18.4825 0.157856
39 -24.5129 0.155302
40 -14.5637 0.156993
41 -21.8617 0.157179
42 3.44136 0.155197
43 -19.5081 0.156707
44 7.68405 0.158356
45 -17.677 0.159453
46 -18.8375 0.158883
47 -18.6264 0.158065
48 -16.5783 0.155604
49 -10.5022 0.157889
50 -45.5911 0.155665
51 -6.33442 0.158307
52 -18.2265 0.161066
53 -0.372075 0.157343
54 -2.86267 0.15764
55 -28.2221 0.15758
56 1.34772 0.158562
57 -27.858 0.157568
58 -29.3139 0.155891
59 -36.7629 0.157562
60 -19.2484 0.157373
61 -21.3325 0.155869
62 -3.07098 0.158314
63 -10.5043 0.153949
64 17.2349 0.160613
65 32.8226 0.15868
66 34.1017 0.15982
67 14.6908 0.158027
68 35.4432 0.159503
69 53.2921 0.160217
70 46.4451 0.156864
71 24.4747 0.159018
72 11.8044 0.156147
73 31.035 0.160493
74 50.1108 0.158576
75 32.2439 0.157052
76 24.4472 0.157789
77 31.3005 0.156933
78 32.4345 0.158277
79 51.5404 0.157489
80 29.7807 0.157215
81 35.6784 0.159933
82 25.858 0.157896
83 51.6459 0.159293
84 41.78 0.16048
85 18.028 0.157649
86 51.4219 0.159663
87 24.7525 0.156204
88 27.1098 0.158806
89 35.5532 0.157327
90 27.8833 0.158456
91 41.9998 0.15978
92 31.6282 0.160474
93 41.3857 0.159162
94 32.1925 0.157692
95 -6.17221 0.153912
