0 -39.1186 0.159329
1 -53.2743 0.160485
2 -29.7152 0.159227
3 -50.884 0.15941
4 -39.8063 0.161756
5 -23.8235 0.155738
6 -43.4814 0.157174
7 -35.8911 0.15615
8 -16.0554 0.159415
9 -27.8626 0.157077
10 -38.1429 0.158963
11 -15.7649 0.158665
12 -52.5723 0.159973
13 -47.8519 0.155104
14 -10.4379 0.159022
15 -46.353 0.15619
16 -47.3141 0.159325
17 -33.6972 0.160107
18 -51.9931 0.157423
19 -60.3412 0.160374
20 -36.5522 0.159818
21 -77.1393 0.161118
22 -20.1259 0.158349
23 -34.5461 0.160095
24 -29.3359 0.157658
25 -4.33632 0.158346
26 -66.3078 0.162772
27 -43.2029 0.156576
28 -26.0169 0.160957
29 -55.8634 0.158263
30 -32.4742 0.15966
31 -36.1096 0.157781
32 -8.45082 0.161392
33 15.1396 0.157192
34 -9.33002 0.156819
35 0.724391 0.158346
36 32.8457 0.15992
37 -18.9143 0.159393
38 4.90238 0.15964
39 -2.28572 0.157105
40 12.5441 0.161566
41 10.3206 0.159168
42 19.43 0.162458
43 18.0696 0.16061
44 26.2958 0.157466
45 -23.4735 0.16082
46 -9.53198 0.159576
47 -14.251 0.160941
48 6.46957 0.160506
49 4.05148 0.159417
50 9.47166 0.157695
51 10.3274 0.162032
52 13.0137 0.162601
53 13.729 0.161918
54 22.0423 0.160965
55 -14.0994 0.159496
56 6.13293 0.159375
57 -27.6334 0.159375
58 -14.4099 0.159687
59 -3.64471 0.159701
60 9.59293 0.16022
61 -13.8419 0.160196
62 -13.605 0.160873
63 -1.76398 0.154834
64 -12.5964 0.158532
65 32.2004 0.15675
66 42.8721 0.156975
67 42.5236 0.156887
68 12.3032 0.155558
69 6.56974 0.157445
70 7.00992 0.158407
71 -7.92982 0.156366
72 27.2392 0.155707
73 6.62376 0.153758
74 23.0631 0.158275
75 18.9777 0.156384
76 15.9301 0.157389
77 30.193 0.157581
78 -5.78754 0.153882
79 24.6614 0.152916
80 16.1825 0.155916
81 14.4735 0.156485
82 6.03091 0.156215
83 12.4295 0.154362
84 23.092 0.15607
85 19.3906 0.155162
86 38.9907 0.156341
87 3.44641 0.156818
88 15.9557 0.157159
89 34.3521 0.157306
90 21.4213 0.156506
91 13.3784 0.154566
92 8.60675 0.15408
93 2.79506 0.157247
94 -8.38714 0.155947
95 33.0845 0.152337
