0 -10.7983 0.154246
1 8.37859 0.156719
2 -0.292053 0.153384
3 -5.77342 0.155442
4 8.11876 0.154584
5 -2.67757 0.153787
6 -5.51827 0.154425
7 10.9874 0.151582
8 -16.7185 0.151826
9 -6.8152 0.151019
10 -19.2558 0.157166
11 20.1503 0.151668
12 7.21158 0.155813
13 -3.27753 0.153314
14 -3.72761 0.154259
15 -16.2795 0.153492
16 -9.19228 0.154444
17 31.8085 0.154591
18 -15.236 0.154837
19 1.62556 0.153872
20 -11.1194 0.153114
21 12.8592 0.153701
22 -21.2006 0.156174
23 -5.66091 0.153137
24 -7.60791 0.156145
25 24.602 0.153415
26 -6.53897 0.153563
27 -19.246 0.154424
28 -19.8452 0.155852
29 13.323 0.154083
30 -11.7649 0.150668
31 -21.9609 0.149538
32 60.7236 0.154447
33 80.392 0.153094
34 60.9676 0.15254
35 90.3318 0.154299
36 79.5063 0.151467
37 90.096 0.151247
38 67.4584 0.153689
39 91.2183 0.150892
40 72.7246 0.152408
41 88.7306 0.152145
42 82.1366 0.15303
43 67.9559 0.154472
44 57.2539 0.15446
45 72.8378 0.154367
46 115.846 0.15417
47 65.8183 0.153557
48 91.7107 0.155867
49 67.9015 0.15403
50 66.9823 0.155953
51 70.9578 0.15405
52 64.2167 0.155088
53 78.7334 0.154406
54 48.5811 0.153961
55 57.9347 0.152171
56 85.6863 0.155094
57 84.8559 0.15248
58 47.3247 0.155288
59 73.4399 0.15362
60 48.7183 0.15446
61 37.3129 0.150337
62 77.4234 0.15586
63 57.1982 0.147462
64 -8.60315 0.160168
65 -9.58642 0.160664
66 -1.0376 0.159132
67 30.2014 0.158816
68 21.4743 0.160991
69 5.97901 0.157396
70 -6.54674 0.159608
71 -2.26459 0.16005
72 8.55831 0.159627
73 1.33902 0.160122
74 8.1465 0.156978
75 7.07218 0.158783
76 29.1302 0.163226
77 19.6148 0.15574
78 25.3509 0.158735
79 5.87561 0.158823
80 -31.6917 0.159344
81 10.2783 0.158977
82 9.79516 0.161131
83 -6.48497 0.159697
84 -21.4245 0.160444
85 6.14869 0.158937
86 -8.45443 0.157029
87 14.1265 0.159364
88 -12.6296 0.158082
89 -7.29812 0.156662
90 -0.394791 0.158988
91 -8.15937 0.159356
92 -1.90264 0.158821
93 6.53054 0.159373
94 -1.56848 0.158825
95 5.2427 0.153958
