0 18.8934 0.226215
1 -13.5432 0.227252
2 14.9509 0.225863
3 8.44464 0.225315
4 20.445 0.227265
5 9.99738 0.226651
6 -12.1084 0.222761
7 31.5974 0.22706
8 3.63258 0.225836
9 28.4927 0.224059
10 1.61228 0.227733
11 9.33843 0.226455
12 8.54776 0.226261
13 -8.10533 0.22535
14 -6.1933 0.230076
15 3.18828 0.224041
16 18.1315 0.225002
17 11.451 0.225972
18 2.38697 0.228157
19 34.0572 0.227866
20 -12.2069 0.229501
21 31.5828 0.226542
22 -5.57848 0.228547
23 4.72183 0.226553
24 1.81798 0.230197
25 15.9813 0.229231
26 7.56381 0.228581
27 20.7761 0.224878
28 34.4876 0.227874
29 2.30236 0.226473
30 18.6766 0.230383
31 16.7846 0.21776
32 108.649 0.216684
33 69.4228 0.21712
34 70.1603 0.218866
35 70.1446 0.214865
36 105.192 0.217715
37 112.308 0.217458
38 69.4863 0.216664
39 67.3699 0.214655
40 75.2313 0.21818
41 80.3911 0.215812
42 64.216 0.214924
43 86.2702 0.215622
44 84.9123 0.214975
45 71.5335 0.216761
46 86.2149 0.213889
47 74.4058 0.216016
48 87.9454 0.215986
49 91.2976 0.215917
50 79.2639 0.216415
51 82.0675 0.216756
52 73.2706 0.218985
53 61.9103 0.214711
54 72.9868 0.220205
55 63.8206 0.212264
56 81.6485 0.219985
57 83.8282 0.217479
58 69.6634 0.215931
59 82.6785 0.22018
60 55.6317 0.218545
61 73.3526 0.218573
62 97.1724 0.215639
63 62.139 0.215926
64 11.6548 0.235876
65 -1.89398 0.232266
66 -8.81409 0.23249
67 21.5302 0.232486
68 -13.9253 0.231196
69 -11.6207 0.231505
70 -0.439421 0.232224
71 13.5346 0.230791
72 -5.09084 0.235382
73 -26.5432 0.229934
74 37.5634 0.233393
75 -34.7145 0.23202
76 -2.02098 0.233878
77 4.15236 0.231551
78 3.979 0.23121
79 -25.9715 0.230404
80 5.47338 0.236281
81 -8.77738 0.232554
82 -1.60109 0.231336
83 -5.82758 0.232527
84 16.0058 0.234982
85 27.9922 0.235662
86 -14.4879 0.233367
87 -18.9498 0.235324
88 -2.32503 0.229922
89 20.0975 0.233386
90 14.3586 0.234434
91 2.64096 0.231779
92 -12.4861 0.233464
93 -2.6337 0.230542
94 29.2959 0.238705
95 27.4508 0.225714
