0 -13.7528 0.224796
1 10.0998 0.223122
2 15.1376 0.218377
3 -12.7912 0.221724
4 -4.88044 0.219687
5 -20.0748 0.223195
6 -5.07333 0.225474
7 13.0615 0.223812
8 23.6932 0.223629
9 12.9177 0.221821
10 6.75548 0.221971
11 6.22604 0.220017
12 0.364472 0.227895
13 -17.0038 0.221527
14 -13.9547 0.223908
15 -5.16541 0.221674
16 -0.433811 0.224618
17 -30.9409 0.224412
18 -3.17431 0.222248
19 2.85201 0.224136
20 9.78773 0.225118
21 -5.70361 0.221804
22 -17.421 0.226962
23 -3.09615 0.223367
24 4.22712 0.224026
25 -10.8481 0.223152
26 12.0416 0.222163
27 -28.3249 0.225056
28 9.92785 0.227942
29 -42.1306 0.22349
30 19.943 0.223104
31 -49.6043 0.221244
32 2.54182 0.226783
33 26.7142 0.225627
34 1.17265 0.22386
35 13.2776 0.225249
36 13.3502 0.229402
37 1.82837 0.226018
38 6.73423 0.226051
39 -0.505552 0.22271
40 13.193 0.227818
41 -2.82491 0.224204
42 18.7404 0.224887
43 -5.51726 0.224158
44 0.444938 0.225703
45 20.5233 0.223373
46 11.4678 0.22402
47 -3.14361 0.223931
48 13.8617 0.227825
49 31.0966 0.229723
50 19.1031 0.228773
51 -5.06784 0.225847
52 -12.5834 0.227262
53 -3.8399 0.22489
54 9.05678 0.224706
55 -2.50786 0.226209
56 -7.66332 0.223128
57 -23.5604 0.223537
58 -6.11114 0.22744
59 13.4025 0.225073
60 19.7437 0.222396
61 -7.23525 0.229742
62 -4.33324 0.225743
63 -18.7255 0.22659
64 56.8411 0.217285
65 48.6895 0.214981
66 56.1121 0.212963
67 69.9117 0.214548
68 105.307 0.21499
69 51.4074 0.217483
70 55.0162 0.216722
71 57.8245 0.216728
72 57.6623 0.214468
73 52.0836 0.214504
74 36.632 0.216662
75 44.0805 0.216204
76 70.6552 0.216129
77 30.6482 0.214516
78 34.6362 0.217177
79 45.6274 0.213037
80 35.3299 0.221031
81 55.0251 0.216845
82 51.7117 0.214329
83 56.3862 0.21358
84 72.1474 0.219095
85 43.7209 0.214096
86 61.4243 0.213616
87 37.9151 0.21542
88 18.1204 0.21616
89 57.7275 0.216414
90 63.157 0.219742
91 62.5409 0.217303
92 57.7308 0.215568
93 44.7681 0.219827
94 70.6386 0.216892
95 45.9541 0.214758
