0 41.4686 0.161112
1 47.5437 0.15761
2 61.0957 0.158118
3 54.2042 0.15983
4 27.3984 0.160656
5 46.5114 0.160749
6 24.3711 0.159492
7 26.9216 0.158264
8 45.3534 0.159996
9 29.3698 0.158274
10 35.909 0.159037
11 41.9111 0.160128
12 41.3973 0.155803
13 40.0959 0.157371
14 57.4397 0.160929
15 29.2726 0.161425
16 40.1394 0.163697
17 45.195 0.160364
18 64.9635 0.159165
19 24.1934 0.158139
20 35.7565 0.159629
21 35.4605 0.161237
22 48.9815 0.15999
23 31.4321 0.160441
24 23.4451 0.161139
25 31.97 0.159041
26 34.4392 0.162084
27 39.2176 0.15818
28 8.50563 0.158985
29 37.3069 0.157326
30 36.7259 0.163546
31 33.7842 0.157907
32 81.2085 0.155767
33 65.0266 0.151036
34 49.1543 0.149981
35 73.5989 0.152072
36 43.5735 0.152635
37 72.3529 0.150159
38 92.0517 0.15352
39 78.5034 0.152185
40 79.5491 0.151754
41 61.1393 0.149526
42 60.2264 0.153245
43 62.4329 0.151212
44 81.831 0.153586
45 73.8813 0.153735
46 70.2364 0.152979
47 62.2002 0.151772
48 67.4804 0.153109
49 92.1774 0.151826
50 52.3624 0.151883
51 83.4738 0.151949
52 84.1622 0.154603
53 66.2821 0.148276
54 108.861 0.151872
55 70.2648 0.152414
56 82.7521 0.152437
57 63.626 0.151162
58 48.7465 0.1557
59 47.3793 0.152525
60 51.8008 0.153099
61 51.8775 0.150232
62 64.9626 0.154932
63 70.3287 0.15061
64 -13.3793 0.16415
65 9.91976 0.162413
66 -13.1323 0.162704
67 -16.7454 0.163279
68 -1.37899 0.163747
69 -15.3373 0.16088
70 2.10763 0.161414
71 -31.1897 0.160375
72 3.24411 0.16143
73 -15.428 0.1636
74 6.0452 0.16433
75 -31.1447 0.162784
76 -15.5407 0.164488
77 -11.5689 0.160582
78 -14.3944 0.162632
79 15.1738 0.16229
80 0.8998 0.164787
81 14.8114 0.164037
82 9.3698 0.16295
83 -2.12193 0.16669
84 11.6549 0.166639
85 -40.3378 0.163716
86 -5.91299 0.163694
87 1.53764 0.164379
88 -6.32114 0.16531
89 -6.71416 0.165553
90 -2.7702 0.166591
91 -11.714 0.163922
92 -21.5401 0.162774
93 0.761856 0.164471
94 10.3192 0.161317
95 -18.2014 0.160181
