0 -6.68604 0.194894
1 -21.3739 0.19228
2 -10.6525 0.193634
3 -25.5422 0.191792
4 -42.5711 0.195025
5 -30.715 0.193039
6 -28.4427 0.193591
7 -15.0324 0.193824
8 3.56642 0.195852
9 -16.3213 0.192981
10 -17.739 0.196122
11 2.06874 0.192748
12 3.63864 0.192496
13 -1.16702 0.190863
14 -22.5753 0.192019
15 -13.4815 0.192364
16 -3.67621 0.194063
17 -25.2192 0.192839
18 -28.0001 0.196794
19 -21.2834 0.198023
20 -28.4835 0.191925
21 6.63095 0.189539
22 -28.321 0.193509
23 -26.8808 0.195234
24 -46.9913 0.194882
25 -4.93057 0.190748
26 -21.3914 0.196327
27 -24.2227 0.193087
28 -21.291 0.194852
29 -25.863 0.192905
30 -53.7549 0.195635
31 -16.2439 0.197229
32 46.012 0.193541
33 18.0392 0.190926
34 13.0095 0.18991
35 12.9948 0.188616
36 1.26136 0.190483
37 17.3271 0.18912
38 18.5977 0.189283
39 -2.95062 0.189275
40 34.2215 0.19195
41 25.5521 0.189706
42 28.1537 0.193383
43 11.3209 0.191815
44 -21.2448 0.189574
45 19.9886 0.190918
46 1.87561 0.186093
47 15.2583 0.189098
48 -15.0416 0.190315
49 25.7935 0.186548
50 -2.18108 0.191136
51 15.9648 0.189144
52 -1.22382 0.186832
53 8.74893 0.190339
54 25.8387 0.187138
55 13.2127 0.189503
56 6.6441 0.189966
57 1.27556 0.188607
58 -0.356089 0.188843
59 15.4695 0.1899
60 2.22285 0.18892
61 -21.2329 0.188041
62 -9.44472 0.191353
63 5.86267 0.189256
64 -56.3867 0.191433
65 -17.8921 0.193844
66 -25.9062 0.194283
67 -42.2267 0.19486
68 -29.0853 0.19652
69 -37.2677 0.194611
70 -20.8841 0.191551
71 -31.0277 0.19637
72 -36.2447 0.196582
73 -38.2144 0.192783
74 -30.8835 0.19596
75 -15.6478 0.194302
76 -65.1712 0.194371
77 -30.1118 0.193568
78 -34.6753 0.194812
79 -59.7528 0.197592
80 -49.879 0.194615
81 -37.8624 0.196251
82 -42.4058 0.196526
83 -46.1828 0.19319
84 -67.6393 0.196039
85 -33.4856 0.192484
86 -41.5576 0.194038
87 -38.759 0.196822
88 -52.8273 0.195754
89 -8.72144 0.195504
90 -23.3145 0.197144
91 -71.652 0.199112
92 -60.4396 0.19375
93 -30.5671 0.192973
94 -44.9674 0.194725
95 -50.0598 0.195721
