0 -95.3861 0.162305
1 -75.5012 0.159135
2 -76.4956 0.16112
3 -81.498 0.162174
4 -68.6653 0.160017
5 -88.3072 0.162144
6 -85.4835 0.163479
7 -69.4158 0.161411
8 -87.597 0.163035
9 -78.3731 0.160583
10 -58.4616 0.165069
11 -73.702 0.160527
12 -73.4164 0.161631
13 -86.4211 0.1603
14 -91.2421 0.162664
15 -61.9134 0.16217
16 -83.0975 0.164354
17 -89.7951 0.161563
18 -100.072 0.164605
19 -78.3975 0.161815
20 -72.2007 0.160507
21 -109.425 0.158544
22 -83.666 0.16556
23 -87.7932 0.161352
24 -79.8997 0.161765
25 -88.9904 0.160334
26 -57.9347 0.161215
27 -75.9685 0.160475
28 -76.3924 0.162592
29 -62.5082 0.162528
30 -73.5501 0.1626
31 -96.4372 0.157992
32 30.2107 0.160125
33 31.0937 0.160474
34 2.51038 0.16158
35 10.442 0.160145
36 29.7166 0.161267
37 13.6202 0.160884
38 48.0551 0.159924
39 15.1987 0.159728
40 21.4164 0.16217
41 24.3856 0.158448
42 42.9003 0.160175
43 30.1653 0.158299
44 29.2161 0.162606
45 22.3981 0.160164
46 29.8705 0.160041
47 12.6237 0.162762
48 32.7727 0.161302
49 18.0265 0.160244
50 25.4623 0.163693
51 40.8878 0.160357
52 11.6932 0.163119
53 29.9634 0.162144
54 35.9487 0.159812
55 43.9185 0.161907
56 14.9441 0.162727
57 7.87583 0.160047
58 16.4186 0.160413
59 -5.01363 0.159343
60 2.84338 0.161128
61 17.3236 0.156881
62 19.0844 0.158402
63 32.9955 0.154118
64 6.85353 0.162108
65 13.5111 0.159308
66 6.72594 0.157585
67 9.05405 0.158241
68 40.4363 0.16171
69 5.1267 0.160801
70 -8.90192 0.160829
71 29.3687 0.162653
72 -17.8063 0.160532
73 3.93342 0.161097
74 7.7067 0.157973
75 12.7978 0.161872
76 36.5192 0.160084
77 2.94278 0.159481
78 4.67298 0.159168
79 -14.9691 0.161524
80 11.8866 0.1595
81 -5.58517 0.162918
82 22.4496 0.160142
83 6.12841 0.161658
84 -2.3411 0.159187
85 23.4272 0.159312
86 25.6824 0.163313
87 -12.4601 0.159897
88 14.248 0.162621
89 5.2218 0.162134
90 2.8435 0.160485
91 -5.1998 0.160083
92 -5.49432 0.159936
93 2.39004 0.161767
94 -2.1683 0.161524
95 -1.86885 0.154437
