0 20.5098 0.162775
1 -5.51223 0.159771
2 23.9203 0.158414
3 -8.02563 0.159009
4 -16.7318 0.162435
5 -23.6674 0.159421
6 5.99661 0.158755
7 -0.357439 0.161244
8 -36.0049 0.163367
9 15.2741 0.159451
10 -27.5638 0.15945
11 4.78218 0.158035
12 8.36328 0.162003
13 1.9413 0.161186
14 -10.644 0.159508
15 13.2363 0.160199
16 -11.1551 0.157365
17 6.30279 0.159512
18 -11.4799 0.162246
19 13.4869 0.1615
20 10.0166 0.158913
21 5.08584 0.160726
22 10.0595 0.162468
23 -9.19484 0.158747
24 -29.7108 0.159859
25 8.73371 0.163437
26 -9.97864 0.1638
27 2.14805 0.157512
28 -35.1336 0.161671
29 -28.7784 0.162329
30 -26.6481 0.156109
31 -45.2316 0.157689
32 72.4571 0.157474
33 33.2618 0.152451
34 47.5017 0.152243
35 55.838 0.152467
36 60.0634 0.153927
37 50.567 0.154097
38 48.2902 0.151547
39 32.5771 0.151113
40 36.5014 0.153391
41 48.9878 0.153332
42 44.3958 0.153202
43 69.1305 0.152413
44 56.0189 0.152333
45 52.7663 0.153527
46 61.1271 0.153154
47 69.0082 0.151872
48 18.3283 0.152187
49 59.0686 0.152578
50 53.7977 0.155399
51 65.2146 0.153214
52 30.9451 0.151248
53 48.978 0.152714
54 50.6014 0.152464
55 41.2533 0.154084
56 56.9445 0.156156
57 82.5182 0.154255
58 48.5169 0.152613
59 47.1642 0.150865
60 49.419 0.152416
61 68.8305 0.154579
62 51.4954 0.152649
63 30.5961 0.151384
64 82.8134 0.153011
65 91.771 0.150888
66 73.0554 0.151347
67 84.5265 0.153784
68 87.2851 0.150874
69 79.5947 0.152336
70 79.4189 0.151612
71 95.1485 0.151314
72 67.536 0.152984
73 89.9853 0.150463
74 81.88 0.152216
75 91.4268 0.151151
76 95.7149 0.151109
77 106.293 0.149987
78 97.6205 0.153379
79 89.8543 0.153377
80 68.6657 0.152072
81 84.8364 0.154175
82 80.159 0.152319
83 94.2145 0.151379
84 102.945 0.151421
85 88.1044 0.15323
86 114.323 0.152789
87 87.8809 0.153067
88 97.5983 0.151973
89 62.672 0.152352
90 78.1274 0.153125
91 90.2909 0.154945
92 92.3374 0.154077
93 68.5572 0.152216
94 79.0199 0.153157
95 99.548 0.147289
