0 -11.905 0.19822
1 23.3188 0.199472
2 63.3739 0.195369
3 12.1752 0.195842
4 42.856 0.198736
5 58.8539 0.200321
6 22.6992 0.196784
7 48.0071 0.1951
8 31.0802 0.201369
9 24.0282 0.197319
10 30.1012 0.200288
11 53.6486 0.196796
12 52.4191 0.197916
13 38.9251 0.195364
14 10.2037 0.198434
15 4.06268 0.196069
16 9.75557 0.196653
17 48.1142 0.195848
18 8.52428 0.198927
19 19.2454 0.198972
20 38.6429 0.197015
21 40.0568 0.197393
22 19.9835 0.19828
23 20.2871 0.197192
24 64.1369 0.197133
25 38.0395 0.197331
26 25.1153 0.196638
27 32.0189 0.196001
28 54.8923 0.194842
29 15.1863 0.194641
30 36.4326 0.19826
31 31.6978 0.190798
32 -35.1883 0.197636
33 -22.3633 0.198539
34 -22.5118 0.195218
35 0.433269 0.197282
36 -16.5595 0.196676
37 1.83219 0.198889
38 -11.3472 0.1984
39 -7.25319 0.19746
40 -1.25058 0.19645
41 -2.20782 0.19596
42 -18.8052 0.197407
43 -20.5863 0.195992
44 9.01931 0.198171
45 -7.62506 0.195112
46 -28.3092 0.196436
47 -26.8904 0.19544
48 -29.7849 0.195979
49 -31.5665 0.195371
50 -7.14424 0.197101
51 12.7301 0.199698
52 -45.7821 0.195268
53 -1.0124 0.196654
54 -4.37492 0.19567
55 -14.2831 0.195392
56 -35.9281 0.194363
57 -24.081 0.199741
58 -18.0123 0.198336
59 -29.5818 0.200396
60 -18.1282 0.197829
61 -13.9885 0.200454
62 6.74021 0.19283
63 -33.0966 0.197616
64 0.507144 0.195801
65 -7.36932 0.19457
66 -17.38 0.189723
67 -2.78602 0.189818
68 19.7016 0.192892
69 6.75363 0.19227
70 -12.8422 0.193934
71 22.7015 0.193637
72 -38.1953 0.191668
73 -9.06481 0.188817
74 -23.8862 0.193117
75 5.29937 0.189996
76 -10.9486 0.193693
77 17.7927 0.190893
78 21.5337 0.196238
79 -24.8554 0.188628
80 6.55009 0.192985
81 -3.42517 0.190955
82 -22.8868 0.191571
83 19.3523 0.193613
84 -0.00845084 0.188224
85 -29.563 0.191397
86 -4.38313 0.191972
87 -4.99299 0.189011
88 -6.7921 0.19516
89 -8.73759 0.188977
90 -11.6816 0.194926
91 -18.1624 0.189794
92 -12.4044 0.194021
93 -39.9688 0.189968
94 -2.57197 0.191306
95 -20.7967 0.190869
