0 50.6931 0.154338
1 48.8554 0.151718
2 64.3885 0.152277
3 30.9602 0.152236
4 54.5645 0.153008
5 45.0761 0.155173
6 46.6382 0.15161
7 46.181 0.152567
8 49.3853 0.152029
9 39.1146 0.152377
10 56.4123 0.151646
11 48.3829 0.153511
12 46.6505 0.151231
13 48.7 0.153316
14 62.1181 0.155128
15 21.5107 0.153916
16 19.504 0.153272
17 56.8789 0.153571
18 68.3301 0.152769
19 33.1072 0.152689
20 48.0582 0.149383
21 27.8219 0.151562
22 54.5787 0.154563
23 13.4813 0.15043
24 65.1133 0.156586
25 40.5753 0.152494
26 45.6803 0.152001
27 34.3593 0.152296
28 44.9912 0.152457
29 31.6664 0.152996
30 59.7481 0.15323
31 1.8751 0.149577
32 136.526 0.150524
33 98.0879 0.152917
34 101.434 0.151395
35 115.886 0.148013
36 136.199 0.149719
37 135.083 0.146225
38 127.812 0.148857
39 104.61 0.149528
40 121.887 0.150765
41 137.247 0.147647
42 119.581 0.148419
43 118.174 0.148938
44 109.043 0.150447
45 106.783 0.14899
46 113.839 0.147084
47 113.14 0.150787
48 104.262 0.147628
49 132.646 0.147449
50 83.2562 0.14948
51 110.161 0.14888
52 117.056 0.148231
53 151.975 0.12512
54 89.7984 0.145591
55 115.359 0.150926
56 121.914 0.151964
57 129.916 0.150406
58 128.593 0.149063
59 121.97 0.143968
60 115.14 0.150833
61 118.815 0.150531
62 91.5197 0.148416
63 120.221 0.146222
64 33.5292 0.157323
65 21.115 0.15796
66 9.66404 0.157401
67 14.4265 0.157126
68 11.0208 0.157521
69 29.715 0.157624
70 -12.8409 0.158231
71 49.7732 0.156838
72 -19.2083 0.159814
73 47.6107 0.158617
74 10.4108 0.158598
75 7.01436 0.156938
76 19.0988 0.157635
77 8.33765 0.158139
78 5.64868 0.160254
79 16.7583 0.156161
80 44.5613 0.15804
81 13.0168 0.157737
82 10.4573 0.161498
83 44.3962 0.159904
84 53.5921 0.1591
85 -1.34033 0.157761
86 19.1265 0.160306
87 -2.1469 0.158929
88 10.2116 0.1603
89 -17.8882 0.157877
90 -3.45765 0.156666
91 5.94989 0.155866
92 -14.9272 0.158284
93 18.1562 0.161146
94 -5.29356 0.158946
95 17.7182 0.155498
