0 53.1823 0.159479
1 24.7072 0.159959
2 34.692 0.159106
3 50.7132 0.158191
4 19.1313 0.158069
5 30.9637 0.1564
6 81.0292 0.157755
7 60.709 0.157361
8 45.4978 0.152973
9 48.9696 0.156585
10 55.2838 0.158896
11 44.9009 0.156727
12 40.6913 0.15926
13 29.6156 0.156398
14 64.8264 0.157077
15 42.8985 0.157274
16 32.2052 0.157737
17 16.4522 0.157869
18 28.353 0.155325
19 77.4259 0.157921
20 48.0485 0.159067
21 48.506 0.15724
22 27.302 0.159758
23 44.2324 0.157119
24 38.3674 0.158506
25 29.095 0.155843
26 19.1088 0.156602
27 48.2266 0.154515
28 34.0152 0.15549
29 34.613 0.156246
30 28.9282 0.156392
31 52.763 0.157899
32 -42.6543 0.162309
33 -31.0442 0.161098
34 -30.6893 0.161571
35 -17.4948 0.16007
36 -26.2346 0.16128
37 -42.1624 0.163766
38 -27.9593 0.158992
39 -17.6574 0.163843
40 -23.1349 0.16237
41 -21.2847 0.160168
42 -12.7649 0.160414
43 -18.1904 0.161474
44 -2.73967 0.163376
45 -12.5406 0.162033
46 -4.51506 0.162105
47 -27.4101 0.161744
48 -28.7133 0.163132
49 -27.4195 0.161409
50 -19.1435 0.164152
51 -34.0604 0.161066
52 -37.5025 0.161098
53 11.627 0.161171
54 -16.7346 0.161886
55 -45.1102 0.161917
56 -28.2192 0.16033
57 5.95344 0.160676
58 -18.718 0.159672
59 -29.1143 0.161479
60 -0.0955969 0.162206
61 -15.0262 0.161391
62 -30.9986 0.163244
63 -25.9216 0.158574
64 33.0634 0.156948
65 24.4886 0.15929
66 63.2637 0.157824
67 21.732 0.155972
68 56.0794 0.158844
69 40.7058 0.157583
70 47.2679 0.157422
71 30.5301 0.154617
72 30.1227 0.159436
73 29.5066 0.156247
74 40.4037 0.161906
75 23.6986 0.156686
76 37.5543 0.156605
77 18.7111 0.158483
78 18.4216 0.157129
79 45.3117 0.156404
80 49.2163 0.157734
81 27.173 0.157532
82 27.173 0.157532
83 62.0738 0.158931
84 23.5035 0.156935
85 9.91687 0.158538
86 18.1136 0.156224
87 29.8395 0.156939
88 39.7109 0.160339
89 49.9 0.158109
90 43.5592 0.157963
91 26.7203 0.156236
92 9.8198 0.157765
93 25.75 0.156801
94 23.0288 0.156512
95 23.5064 0.154438
