0 8.35008 0.155318
1 4.38466 0.154126
2 -17.5216 0.155106
3 -13.8942 0.153069
4 -16.5834 0.154206
5 30.6872 0.157207
6 -4.45043 0.157094
7 -1.35386 0.159064
8 -2.8221 0.153748
9 27.2643 0.156522
10 14.3985 0.157844
11 18.3656 0.154524
12 4.29782 0.153712
13 -5.21304 0.153261
14 31.446 0.157582
15 -9.88327 0.155117
16 5.13753 0.155635
17 14.8436 0.157174
18 27.826 0.155651
19 25.1231 0.157771
20 -12.5434 0.156829
21 5.8581 0.154642
22 33.6839 0.157258
23 -10.6594 0.154486
24 16.3702 0.157974
25 -3.84114 0.153324
26 12.6701 0.156945
27 15.6462 0.156526
28 14.5015 0.153875
29 6.7438 0.153939
30 8.46461 0.154554
31 3.55115 0.155024
32 37.4567 0.155568
33 54.0498 0.155525
34 22.7027 0.155583
35 37.4422 0.152468
36 16.7178 0.152111
37 25.2575 0.152051
38 33.1371 0.155246
39 32.6118 0.154999
40 38.7849 0.156354
41 47.9765 0.155505
42 36.6935 0.154565
43 41.0642 0.155829
44 60.0755 0.155111
45 31.3562 0.156305
46 45.2396 0.154421
47 40.6438 0.156476
48 53.2807 0.155607
49 50.6513 0.157245
50 41.599 0.155813
51 55.9687 0.154406
52 49.3444 0.156375
53 32.653 0.152789
54 39.6097 0.154586
55 29.6029 0.154259
56 32.5989 0.155691
57 24.7314 0.152935
58 65.4746 0.157618
59 36.445 0.153306
60 24.1164 0.155223
61 49.4512 0.152944
62 35.5833 0.154743
63 38.5986 0.152343
64 25.1737 0.160269
65 15.8478 0.156064
66 55.8407 0.157422
67 47.9571 0.155942
68 33.6117 0.161596
69 40.1423 0.159462
70 14.6006 0.158489
71 38.1749 0.160155
72 52.7129 0.158455
73 14.347 0.157314
74 51.8396 0.157353
75 51.3485 0.156478
76 29.2403 0.156354
77 8.98092 0.157769
78 48.5931 0.158636
79 45.8685 0.157912
80 40.1084 0.159514
81 45.0147 0.156764
82 49.9069 0.158305
83 44.4006 0.158596
84 38.2703 0.159092
85 13.1734 0.15839
86 43.5767 0.160784
87 11.9991 0.154556
88 29.6444 0.158382
89 31.6984 0.1576
90 41.5455 0.159778
91 43.9249 0.157981
92 46.5221 0.159043
93 30.7505 0.156637
94 48.637 0.156468
95 35.3216 0.154989
