0 -1.40847 0.226566
1 19.1294 0.224144
2 -17.9108 0.225213
3 -5.19511 0.21999
4 14.328 0.228181
5 -2.86972 0.222238
6 -21.4185 0.227776
7 28.4379 0.221354
8 10.4934 0.225267
9 0.856172 0.227849
10 -12.978 0.220453
11 -2.50688 0.226435
12 -20.9199 0.223951
13 -29.2582 0.222122
14 6.67091 0.222925
15 -7.09001 0.223498
16 -19.8624 0.231397
17 -21.1846 0.225009
18 -3.97289 0.225592
19 -1.73064 0.225842
20 -1.44889 0.226018
21 -16.1259 0.226433
22 -24.4204 0.225189
23 1.19485 0.226013
24 -22.0008 0.227917
25 -21.9689 0.226384
26 -11.8262 0.226931
27 20.9595 0.225105
28 -49.9023 0.222872
29 1.08559 0.225271
30 -8.75513 0.226297
31 -27.3543 0.219524
32 -14.2947 0.225819
33 -40.3478 0.221356
34 -21.7435 0.223171
35 -59.5815 0.224773
36 -27.1761 0.224419
37 -51.5733 0.21954
38 4.98578 0.223378
39 -41.6588 0.225625
40 -23.4698 0.225393
41 -36.0744 0.223159
42 -49.5809 0.225708
43 -26.919 0.22264
44 -47.5981 0.224153
45 -19.6481 0.223568
46 -58.4704 0.222079
47 -39.333 0.222738
48 -12.2368 0.228434
49 -18.2583 0.228736
50 -22.5363 0.223804
51 -58.9242 0.222774
52 -46.3225 0.22383
53 -47.0376 0.219786
54 -25.1657 0.223858
55 -22.1958 0.222408
56 -49.0035 0.223937
57 -55.3437 0.223753
58 -49.2528 0.22439
59 -19.9519 0.222213
60 -22.2149 0.226942
61 -64.2925 0.222887
62 -14.6417 0.222127
63 -7.73503 0.220083
64 27.4432 0.224649
65 24.2039 0.219334
66 57.4387 0.222478
67 62.4359 0.218407
68 55.4217 0.219986
69 55.8704 0.22282
70 36.3223 0.224763
71 65.9355 0.219762
72 12.2388 0.222597
73 56.8821 0.220902
74 30.2829 0.222061
75 33.654 0.219576
76 58.3428 0.220083
77 64.6764 0.217128
78 43.721 0.2172
79 20.2568 0.224483
80 47.3392 0.223767
81 66.0314 0.221893
82 68.9773 0.219249
83 49.03 0.221625
84 34.3276 0.224071
85 22.4687 0.220288
86 56.0412 0.216024
87 36.8006 0.21985
88 23.4058 0.226095
89 43.9805 0.219168
90 31.2382 0.220363
91 39.3429 0.219358
92 26.7401 0.221242
93 51.7931 0.21921
94 50.6928 0.223426
95 38.8218 0.219509
