0 -70.2079 0.232945
1 -25.0019 0.234125
2 -40.9648 0.238948
3 -49.0149 0.230589
4 -29.1215 0.237084
5 -53.6184 0.23768
6 -40.1588 0.234507
7 -28.5804 0.231341
8 -54.2541 0.237953
9 -14.5826 0.239201
10 -29.4428 0.241183
11 -38.6051 0.23107
12 -35.0267 0.234693
13 -10.6019 0.234773
14 -30.0624 0.237195
15 -30.9727 0.23621
16 -12.9449 0.238809
17 -22.9397 0.237524
18 -84.096 0.236419
19 -58.6701 0.23846
20 -24.0527 0.239253
21 -69.8433 0.235912
22 -55.842 0.234779
23 -31.1333 0.23797
24 -82.8792 0.236888
25 -57.4611 0.236652
26 -31.7179 0.242361
27 -28.4457 0.234333
28 -48.609 0.233797
29 -54.3863 0.237951
30 -35.1546 0.235555
31 -46.9857 0.235034
32 -72.9011 0.233503
33 -108.609 0.227161
34 -80.7424 0.225816
35 -70.5618 0.228083
36 -81.0344 0.229684
37 -79.9496 0.230619
38 -85.1909 0.23076
39 -63.5078 0.228513
40 -92.7229 0.228694
41 -84.8278 0.229774
42 -86.473 0.224992
43 -70.3316 0.230171
44 -75.4225 0.23281
45 -77.2071 0.229109
46 -78.8299 0.23284
47 -88.1762 0.225889
48 -66.0533 0.231905
49 -88.8996 0.229898
50 -47.2057 0.232985
51 -48.0148 0.230686
52 -58.1867 0.232234
53 -77.883 0.227002
54 -64.8111 0.231399
55 -64.3675 0.233308
56 -65.6917 0.229678
57 -84.7944 0.22783
58 -92.6528 0.230047
59 -83.2066 0.23035
60 -76.0812 0.232346
61 -81.1089 0.233072
62 -77.4155 0.231201
63 -90.4951 0.225259
64 53.1581 0.216994
65 53.7353 0.212668
66 62.0165 0.20972
67 54.0142 0.213566
68 26.3419 0.2122
69 68.1537 0.211818
70 55.4092 0.211629
71 65.1851 0.211135
72 58.0814 0.214225
73 54.4353 0.213993
74 51.913 0.209776
75 36.7736 0.213205
76 47.3979 0.211977
77 40.3599 0.209761
78 56.2029 0.215
79 63.347 0.208068
80 54.2685 0.216015
81 23.6167 0.212439
82 57.1592 0.213374
83 74.2154 0.214633
85 52.8623 0.211323
86 59.2921 0.21338
87 40.2957 0.211085
88 46.3501 0.213702
89 40.3014 0.214543
90 43.3957 0.212795
91 55.4584 0.211295
92 28.7413 0.213554
93 31.0843 0.210914
94 57.2525 0.21504
95 66.2482 0.209659
