0 51.2469 0.158185
1 41.3119 0.154565
2 21.2058 0.153243
3 49.0547 0.156325
4 60.4264 0.158254
5 46.6414 0.155432
6 40.2214 0.157531
7 40.5323 0.155665
8 35.0829 0.155923
9 35.1892 0.152768
10 14.5602 0.156514
11 35.8363 0.154142
12 39.1431 0.157665
13 66.4274 0.157338
14 31.9142 0.155605
15 44.0715 0.15534
16 66.9881 0.156993
17 51.3729 0.157058
18 39.7863 0.159623
19 67.2417 0.157189
20 44.4344 0.15869
21 82.3301 0.159104
22 48.9808 0.158465
23 57.0862 0.156803
24 32.3366 0.159515
25 46.4878 0.158677
26 18.6122 0.157599
27 27.7381 0.155053
28 35.1618 0.157512
29 25.1558 0.15742
30 25.3224 0.159626
31 72.2819 0.154546
32 -28.7883 0.162392
33 -5.01756 0.160456
34 9.6393 0.1577
35 -34.2584 0.160918
36 -12.3729 0.161404
37 -12.0499 0.162354
38 -1.71692 0.162528
39 -10.2904 0.160431
40 -40.4793 0.164698
41 -5.74133 0.162286
42 -46.826 0.159826
43 -13.4873 0.160383
44 -41.6895 0.159085
45 -21.3691 0.158724
46 -20.0087 0.163795
47 -4.85684 0.160809
48 -20.9252 0.162588
49 9.53064 0.160187
50 10.9979 0.160897
51 -16.9057 0.162781
52 -5.95066 0.161414
53 -27.0938 0.162742
54 7.23838 0.165124
55 -13.8498 0.162926
56 -14.4818 0.164035
57 -24.6277 0.163243
58 -15.7568 0.158132
59 1.6773 0.161026
60 -0.341092 0.159417
61 -38.5149 0.161749
62 -4.96242 0.162754
63 -10.8123 0.159208
64 73.0271 0.154564
65 76.5934 0.152765
66 47.5001 0.153322
67 67.6939 0.151844
68 87.0306 0.155028
69 55.5885 0.155706
70 80.4765 0.156393
71 77.2237 0.15551
72 64.3409 0.154831
73 71.7375 0.15343
74 99.6135 0.15533
75 66.7104 0.155792
76 72.6528 0.155194
77 70.6941 0.15628
78 63.742 0.152586
79 70.2942 0.155732
80 72.8286 0.154655
81 91.7423 0.154033
82 66.1654 0.155054
83 39.2744 0.156703
84 39.488 0.155938
85 87.7824 0.153494
86 58.4478 0.153918
87 70.5404 0.153605
88 36.9882 0.154265
89 62.3274 0.157428
90 47.7922 0.154769
91 56.8695 0.157412
92 47.2641 0.155939
93 44.7207 0.154017
94 65.9224 0.15524
95 79.8959 0.151558
