0 67.0434 67.0434
1 67.0434 67.0434
2 63.3926 67.0434
3 63.442 67.0434
4 67.0434 67.0434
5 61.2542 67.0434
6 67.3801 67.0434
7 61.6781 67.0434
8 67.0434 67.0434
9 66.7287 67.0434
10 61.9201 67.0434
11 66.7471 67.0434
12 67.0434 67.0434
13 69.503 67.0434
14 67.8632 67.0434
15 70.8017 67.0434
16 67.0434 67.0434
17 69.232 67.0434
18 67.2421 67.0434
19 70.5223 67.0434
20 67.0434 67.0434
21 71.355 67.0434
22 65.9014 67.0434
23 72.0793 67.0434
24 67.0434 67.0434
25 67.0434 67.0434
26 66.7995 67.0434
27 70.1106 67.0434
28 67.0434 67.0434
29 67.0434 67.0434
30 67.0434 67.0434
31 66.9154 67.0434
32 67.3498 67.3498
33 65.6723 67.3498
34 67.3498 67.3498
35 64.0326 67.3498
36 67.8557 67.3498
37 67.3498 67.3498
38 67.4651 67.3498
39 69.6696 67.3498
40 69.5623 67.3498
41 64.0584 67.3498
42 65.7198 67.3498
43 66.7813 67.3498
44 69.4752 67.3498
45 67.3498 67.3498
46 62.7355 67.3498
47 69.5909 67.3498
48 65.5561 67.3498
49 67.3498 67.3498
50 67.3498 67.3498
51 71.3724 67.3498
52 68.1646 67.3498
53 67.3498 67.3498
54 71.4183 67.3498
55 68.2739 67.3498
56 69.2514 67.3498
57 68.5479 67.3498
58 67.6367 67.3498
59 67.3498 67.3498
60 64.5887 67.3498
61 66.4193 67.3498
62 67.3498 67.3498
63 65.1981 67.3498
64 70.3778 67.9802
65 67.2366 67.9802
66 68.8597 67.9802
67 65.6429 67.9802
68 67.2032 67.9802
69 68.601 67.9802
70 62.2279 67.9802
71 68.4352 67.9802
72 62.4603 67.9802
73 69.5202 67.9802
74 68.8162 67.9802
75 69.4607 67.9802
76 63.6317 67.9802
77 65.6171 67.9802
78 68.6435 67.9802
79 71.9535 67.9802
80 70.632 67.9802
81 68.9614 67.9802
82 62.7862 67.9802
83 72.593 67.9802
84 68.5319 67.9802
85 69.4916 67.9802
86 68.0232 67.9802
87 69.0336 67.9802
88 68.7595 67.9802
89 70.3323 67.9802
90 69.146 67.9802
91 66.0434 67.9802
92 66.7437 67.9802
93 66.5494 67.9802
94 67.9765 67.9802
95 71.0762 67.9802
