0 66.0538 65.1408
1 69.2588 65.1408
2 68.3719 65.1408
3 65.3155 65.1408
4 65.3219 65.1408
5 68.0959 65.1408
6 65.9893 65.1408
7 66.6488 65.1408
8 65.6727 65.1408
9 67.3743 65.1408
10 65.6873 65.1408
11 67.34 65.1408
12 65.1408 65.1408
13 66.9157 65.1408
14 70.3916 65.1408
15 65.4543 65.1408
16 65.1408 65.1408
17 61.4701 65.1408
18 65.1408 65.1408
19 64.5118 65.1408
20 49.0415 65.1408
21 60.9598 65.1408
22 72.4518 65.1408
23 66.3622 65.1408
24 59.5639 65.1408
25 57.3247 65.1408
26 68.4784 65.1408
27 68.6299 65.1408
28 61.227 65.1408
29 60.9757 65.1408
30 63.6154 65.1408
31 70.5795 65.1408
32 56.8519 66.4097
33 69.6283 66.4097
34 64.148 66.4097
35 68.6218 66.4097
36 58.2589 66.4097
37 64.7568 66.4097
38 71.8083 66.4097
39 70.8828 66.4097
40 66.4097 66.4097
41 65.4364 66.4097
42 68.2969 66.4097
43 71.4821 66.4097
44 62.6242 66.4097
45 69.8087 66.4097
46 74.3665 66.4097
47 72.6229 66.4097
48 64.8673 66.4097
49 66.4097 66.4097
50 64.5361 66.4097
51 66.4097 66.4097
52 66.4097 66.4097
53 66.4097 66.4097
54 66.4097 66.4097
55 64.2391 66.4097
56 67.8431 66.4097
57 63.5665 66.4097
58 61.9395 66.4097
59 65.5711 66.4097
60 64.9684 66.4097
61 57.4736 66.4097
62 69.6855 66.4097
63 72.3668 66.4097
64 65.5366 67.8945
65 72.3403 67.8945
66 66.0991 67.8945
67 67.9766 67.8945
68 68.6328 67.8945
69 68.4508 67.8945
70 73.4642 67.8945
71 71.5403 67.8945
72 64.6505 67.8945
73 68.1589 67.8945
74 70.3554 67.8945
75 69.9432 67.8945
76 68.6625 67.8945
77 67.6539 67.8945
78 75.182 67.8945
79 70.3181 67.8945
80 66.6918 67.8945
81 66.7208 67.8945
82 70.0825 67.8945
83 68.517 67.8945
84 67.8945 67.8945
85 58.4539 67.8945
86 69.5605 67.8945
87 66.6571 67.8945
88 58.271 67.8945
89 67.5324 67.8945
90 69.7293 67.8945
91 67.1332 67.8945
92 67.8945 67.8945
93 60.4935 67.8945
94 64.8896 67.8945
95 73.136 67.8945
