0 66.6067 64.9384
1 64.612 64.9384
2 67.1865 64.9384
3 63.2617 64.9384
4 61.7149 64.9384
5 64.6956 64.9384
6 67.372 64.9384
7 70.9221 64.9384
8 54.3915 64.9384
9 58.6025 64.9384
10 66.0689 64.9384
11 67.4656 64.9384
12 57.6205 64.9384
13 65.0947 64.9384
14 68.1937 64.9384
15 64.2714 64.9384
16 63.06 64.9384
17 62.5557 64.9384
18 65.7957 64.9384
19 64.4791 64.9384
20 65.6352 64.9384
21 60.1495 64.9384
22 66.2676 64.9384
23 67.1381 64.9384
24 67.183 64.9384
25 64.3013 64.9384
26 64.7809 64.9384
27 68.2018 64.9384
28 66.7121 64.9384
29 68.651 64.9384
30 71.8517 64.9384
31 63.1872 64.9384
32 69.4118 67.6017
33 65.1341 67.6017
34 72.5587 67.6017
35 66.5521 67.6017
36 72.3357 67.6017
37 68.7899 67.6017
38 69.3499 67.6017
39 65.5165 67.6017
40 70.0545 67.6017
41 67.6017 67.6017
42 62.4357 67.6017
43 71.172 67.6017
44 67.3111 67.6017
45 65.0595 67.6017
46 67.6017 67.6017
47 69.1717 67.6017
48 67.6017 67.6017
49 67.6017 67.6017
50 66.2409 67.6017
51 67.6017 67.6017
52 58.9133 67.6017
53 64.28 67.6017
54 68.4781 67.6017
55 70.2396 67.6017
56 65.3994 67.6017
57 67.6017 67.6017
58 67.173 67.6017
59 69.059 67.6017
60 65.0977 67.6017
61 67.6017 67.6017
62 68.9168 67.6017
63 71.3906 67.6017
64 63.2311 63.2311
65 61.3731 63.2311
66 69.3123 63.2311
67 69.1427 63.2311
68 64.188 63.2311
69 60.2023 63.2311
70 67.1894 63.2311
71 65.6166 63.2311
72 63.3246 63.2311
73 61.7416 63.2311
74 67.7346 63.2311
75 68.4956 63.2311
76 66.6016 63.2311
77 64.1096 63.2311
78 62.0953 63.2311
79 65.6711 63.2311
80 65.4108 63.2311
81 59.2746 63.2311
82 60.5871 63.2311
83 65.7909 63.2311
84 64.3891 63.2311
85 49.1558 63.2311
86 58.4818 63.2311
87 65.7946 63.2311
88 61.2998 63.2311
89 53.7274 63.2311
90 59.7402 63.2311
91 67.6112 63.2311
92 61.3857 63.2311
93 63.2311 63.2311
94 60.7973 63.2311
95 66.6898 63.2311
