0 73.6996 69.906
1 67.2479 69.906
2 74.5192 69.906
3 68.0397 69.906
4 70.9108 69.906
5 69.1977 69.906
6 72.811 69.906
7 65.7477 69.906
8 73.9896 69.906
9 70.7966 69.906
10 71.4749 69.906
11 67.6648 69.906
12 72.4732 69.906
13 70.9894 69.906
14 70.1458 69.906
15 67.5713 69.906
16 71.3672 69.906
17 67.9768 69.906
18 69.0418 69.906
19 69.906 69.906
20 68.9966 69.906
21 66.7633 69.906
22 69.5651 69.906
23 69.906 69.906
24 72.6034 69.906
25 67.8232 69.906
26 69.6867 69.906
27 69.3627 69.906
28 75.2311 69.906
29 69.906 69.906
30 64.2886 69.906
31 67.2877 69.906
32 78.8779 73.5487
33 77.9543 73.5487
34 75.8001 73.5487
35 73.5487 73.5487
36 76.441 73.5487
37 74.4734 73.5487
38 71.9632 73.5487
39 73.5487 73.5487
40 75.567 73.5487
41 71.8445 73.5487
42 73.5487 73.5487
43 73.5487 73.5487
44 73.6241 73.5487
45 73.7571 73.5487
46 74.3844 73.5487
47 75.0134 73.5487
48 74.4992 73.5487
49 68.606 73.5487
50 73.5487 73.5487
51 69.8869 73.5487
52 71.5034 73.5487
53 70.7673 73.5487
54 73.5487 73.5487
55 70.0494 73.5487
56 72.9038 73.5487
57 75.6375 73.5487
58 74.3041 73.5487
59 71.8209 73.5487
60 74.5884 73.5487
61 71.4404 73.5487
62 73.5487 73.5487
63 73.0093 73.5487
64 73.2855 72.3923
65 74.3247 72.3923
66 74.7231 72.3923
67 75.1168 72.3923
68 72.3923 72.3923
69 72.1412 72.3923
70 70.3095 72.3923
71 72.2106 72.3923
72 72.3923 72.3923
73 72.3923 72.3923
74 70.7476 72.3923
75 72.2656 72.3923
76 73.8981 72.3923
77 72.3923 72.3923
78 74.24 72.3923
79 72.1207 72.3923
80 75.1687 72.3923
81 75.2631 72.3923
82 72.3923 72.3923
83 70.0112 72.3923
84 69.2822 72.3923
85 72.689 72.3923
86 72.3923 72.3923
87 68.6817 72.3923
88 72.5939 72.3923
89 71.3273 72.3923
90 68.2754 72.3923
91 72.3923 72.3923
92 73.9549 72.3923
93 72.3923 72.3923
94 72.3923 72.3923
95 72.3923 72.3923
