0 73.9815 67.5028
1 67.5028 67.5028
2 67.5028 67.5028
3 67.5028 67.5028
4 67.5028 67.5028
5 65.356 67.5028
6 65.9102 67.5028
7 67.0955 67.5028
8 69.5426 67.5028
9 68.3148 67.5028
10 68.2649 67.5028
11 69.1535 67.5028
12 62.7986 67.5028
13 69.6485 67.5028
14 72.2854 67.5028
15 69.7094 67.5028
16 63.9176 67.5028
17 63.3128 67.5028
18 67.5028 67.5028
19 70.9971 67.5028
20 68.0489 67.5028
21 67.5028 67.5028
22 67.3107 67.5028
23 67.1348 67.5028
24 67.5028 67.5028
25 67.5028 67.5028
26 66.3942 67.5028
27 68.19 67.5028
28 67.5028 67.5028
29 66.6054 67.5028
30 62.6796 67.5028
31 65.9135 67.5028
32 69.9005 69.9005
33 68.6973 69.9005
34 69.9005 69.9005
35 69.9005 69.9005
36 71.4009 69.9005
37 69.9005 69.9005
38 68.6836 69.9005
39 65.7401 69.9005
40 71.9726 69.9005
41 67.5888 69.9005
42 69.9005 69.9005
43 68.4349 69.9005
44 70.9893 69.9005
45 69.0407 69.9005
46 66.0245 69.9005
47 70.3202 69.9005
48 74.56 69.9005
49 70.3511 69.9005
50 66.6396 69.9005
51 69.4753 69.9005
52 73.4325 69.9005
53 70.4222 69.9005
54 67.703 69.9005
55 72.0812 69.9005
56 71.5803 69.9005
57 69.6266 69.9005
58 70.2241 69.9005
59 68.4379 69.9005
60 69.4464 69.9005
61 75.1047 69.9005
62 66.2322 69.9005
63 73.1043 69.9005
64 71.1309 70.2205
65 71.6427 70.2205
66 70.2205 70.2205
67 68.1368 70.2205
68 70.5789 70.2205
69 68.1856 70.2205
70 70.2205 70.2205
71 70.4052 70.2205
72 73.4089 70.2205
73 66.0307 70.2205
74 70.2205 70.2205
75 70.8671 70.2205
76 69.4878 70.2205
77 74.5889 70.2205
78 70.2205 70.2205
79 69.8459 70.2205
80 69.8093 70.2205
81 73.9008 70.2205
82 67.6196 70.2205
83 69.2104 70.2205
84 70.0271 70.2205
85 70.4115 70.2205
86 69.1831 70.2205
87 73.4382 70.2205
88 64.3991 70.2205
89 69.1671 70.2205
90 69.3535 70.2205
91 74.9346 70.2205
92 70.6811 70.2205
93 70.3391 70.2205
94 66.3442 70.2205
95 73.0474 70.2205
