0 60.5528 60.703
1 60.5433 60.703
2 61.5774 60.703
3 61.1879 60.703
4 64.2407 60.703
5 57.7156 60.703
6 60.7834 60.703
7 63.3218 60.703
8 62.9101 60.703
9 59.792 60.703
10 63.6585 60.703
11 58.8199 60.703
12 61.0304 60.703
13 61.7001 60.703
14 60.6255 60.703
15 63.3156 60.703
16 62.0827 60.703
17 59.7959 60.703
18 56.6744 60.703
19 59.8294 60.703
20 58.8261 60.703
21 60.994 60.703
22 60.1975 60.703
23 58.1519 60.703
24 60.82 60.703
25 60.4109 60.703
26 61.2073 60.703
27 60.0871 60.703
28 61.4141 60.703
29 58.2057 60.703
30 59.733 60.703
31 62.2917 60.703
32 65.671 61.5453
33 65.935 61.5453
34 65.686 61.5453
35 64.3628 61.5453
36 63.5333 61.5453
37 64.1408 61.5453
38 65.7014 61.5453
39 61.478 61.5453
40 64.7301 61.5453
41 63.2691 61.5453
42 63.7828 61.5453
43 65.8204 61.5453
44 62.9377 61.5453
45 62.4831 61.5453
46 61.7515 61.5453
47 61.1423 61.5453
48 60.7095 61.5453
49 59.7598 61.5453
50 58.2553 61.5453
51 55.8319 61.5453
52 58.2857 61.5453
53 60.2003 61.5453
54 58.1787 61.5453
55 57.8427 61.5453
56 58.467 61.5453
57 59.3225 61.5453
58 58.5055 61.5453
59 57.8012 61.5453
60 61.0464 61.5453
61 59.2351 61.5453
62 63.4302 61.5453
63 60.1524 61.5453
64 64.3819 60.537
65 61.1083 60.537
66 61.336 60.537
67 61.5513 60.537
68 63.8594 60.537
69 60.4377 60.537
70 61.1263 60.537
71 60.5178 60.537
72 61.2709 60.537
73 58.6253 60.537
74 61.9167 60.537
75 60.1656 60.537
76 63.2037 60.537
77 62.1895 60.537
78 59.1932 60.537
79 59.548 60.537
80 58.6198 60.537
81 60.7674 60.537
82 57.9516 60.537
83 58.6431 60.537
84 58.8559 60.537
85 58.6117 60.537
86 59.8489 60.537
87 57.5862 60.537
88 59.7746 60.537
89 59.905 60.537
90 61.3035 60.537
91 60.126 60.537
92 58.8567 60.537
93 59.3955 60.537
94 63.9065 60.537
95 62.5998 60.537
