0 66.7089 68.3922
1 67.7501 68.3922
2 68.0475 68.3922
3 66.7531 68.3922
4 67.4324 68.3922
5 69.5343 68.3922
6 71.6686 68.3922
7 72.1601 68.3922
8 68.3922 68.3922
9 69.7419 68.3922
10 69.9825 68.3922
11 66.8791 68.3922
12 68.3922 68.3922
13 71.4924 68.3922
14 68.5927 68.3922
15 68.3787 68.3922
16 68.3922 68.3922
17 70.4032 68.3922
18 67.1286 68.3922
19 69.3068 68.3922
20 68.3922 68.3922
21 66.2987 68.3922
22 69.5512 68.3922
23 60.3244 68.3922
24 63.6016 68.3922
25 67.0333 68.3922
26 69.7407 68.3922
27 65.6823 68.3922
28 68.3922 68.3922
29 71.1669 68.3922
30 70.376 68.3922
31 70.8535 68.3922
32 66.0262 66.0262
33 67.1724 66.0262
34 66.4274 66.0262
35 66.842 66.0262
36 64.6256 66.0262
37 69.7331 66.0262
38 62.9776 66.0262
39 65.2158 66.0262
40 66.0262 66.0262
41 70.4961 66.0262
42 61.9542 66.0262
43 65.8749 66.0262
44 66.0262 66.0262
45 65.9526 66.0262
46 66.3827 66.0262
47 67.2467 66.0262
48 66.0262 66.0262
49 67.1776 66.0262
50 63.7361 66.0262
51 64.443 66.0262
52 66.0262 66.0262
53 62.7556 66.0262
54 64.8064 66.0262
55 64.9298 66.0262
56 66.0262 66.0262
57 68.1541 66.0262
58 67.6753 66.0262
59 64.5963 66.0262
60 66.0262 66.0262
61 66.0475 66.0262
62 71.1259 66.0262
63 64.3057 66.0262
64 63.6798 63.6798
65 65.4632 63.6798
66 68.5524 63.6798
67 64.2421 63.6798
68 63.6798 63.6798
69 66.0478 63.6798
70 67.1372 63.6798
71 67.0701 63.6798
72 63.6798 63.6798
73 65.7148 63.6798
74 65.0795 63.6798
75 67.2987 63.6798
76 63.6798 63.6798
77 63.7345 63.6798
78 60.5124 63.6798
79 63.5712 63.6798
80 63.6798 63.6798
81 66.6251 63.6798
82 51.6916 63.6798
83 63.2979 63.6798
84 63.6798 63.6798
85 58.8998 63.6798
86 52.8078 63.6798
87 66.816 63.6798
88 63.6798 63.6798
89 61.7582 63.6798
90 65.969 63.6798
91 64.2906 63.6798
92 63.6798 63.6798
93 67.7789 63.6798
94 65.1266 63.6798
95 58.8307 63.6798
