0 63.8588 60.5733
1 65.3899 60.5733
2 61.9872 60.5733
3 62.3903 60.5733
4 63.895 60.5733
5 62.1163 60.5733
6 63.8173 60.5733
7 63.1965 60.5733
8 62.1408 60.5733
9 63.2226 60.5733
10 62.6424 60.5733
11 61.4535 60.5733
12 64.659 60.5733
13 62.531 60.5733
14 57.1944 60.5733
15 58.4138 60.5733
16 60.1422 60.5733
17 60.5733 60.5733
18 59.014 60.5733
19 57.7578 60.5733
20 57.7691 60.5733
21 58.0472 60.5733
22 57.3812 60.5733
23 57.6678 60.5733
24 58.6287 60.5733
25 57.4274 60.5733
26 56.7842 60.5733
27 59.6117 60.5733
28 60.52 60.5733
29 59.1813 60.5733
30 59.8926 60.5733
31 59.0394 60.5733
32 62.1271 57.3045
33 56.3711 57.3045
34 57.3045 57.3045
35 62.746 57.3045
36 57.7664 57.3045
37 57.3045 57.3045
38 57.3045 57.3045
39 57.3045 57.3045
40 57.3045 57.3045
41 58.1054 57.3045
42 57.3147 57.3045
43 57.3753 57.3045
44 57.3045 57.3045
45 57.3045 57.3045
46 57.3045 57.3045
47 59.3834 57.3045
48 56.8645 57.3045
49 57.3045 57.3045
50 57.3045 57.3045
51 56.188 57.3045
52 57.3045 57.3045
53 54.8897 57.3045
54 56.4357 57.3045
55 57.3045 57.3045
56 57.6139 57.3045
57 57.1067 57.3045
58 55.4632 57.3045
59 55.7891 57.3045
60 55.9855 57.3045
61 57.8731 57.3045
62 57.3045 57.3045
63 53.386 57.3045
64 64.2956 60.5346
65 60.2763 60.5346
66 63.1477 60.5346
67 61.9487 60.5346
68 58.5819 60.5346
69 61.6944 60.5346
70 64.3569 60.5346
71 59.9605 60.5346
72 62.9778 60.5346
73 57.8204 60.5346
74 60.5575 60.5346
75 58.6993 60.5346
76 57.776 60.5346
77 56.8338 60.5346
78 59.6415 60.5346
79 58.1758 60.5346
80 62.0435 60.5346
81 60.1308 60.5346
82 59.0149 60.5346
83 57.0841 60.5346
84 59.3685 60.5346
85 58.6696 60.5346
86 61.9298 60.5346
87 60.9311 60.5346
88 61.8509 60.5346
89 61.3745 60.5346
90 60.8841 60.5346
91 61.721 60.5346
92 62.3693 60.5346
93 62.8509 60.5346
94 59.7681 60.5346
95 60.3719 60.5346
