0 65.9623 64.4512
1 68.5792 64.4512
2 67.6091 64.4512
3 56.3173 64.4512
4 70.8849 64.4512
5 59.3525 64.4512
6 69.2054 64.4512
7 66.1829 64.4512
8 64.742 64.4512
9 61.2363 64.4512
10 59.6704 64.4512
11 61.6614 64.4512
12 76.2614 64.4512
13 65.514 64.4512
14 65.6174 64.4512
15 69.4935 64.4512
16 72.5218 64.4512
17 67.627 64.4512
18 61.5115 64.4512
19 58.7681 64.4512
20 64.4512 64.4512
21 61.3553 64.4512
22 58.2598 64.4512
23 59.2407 64.4512
24 64.4512 64.4512
25 74.1233 64.4512
26 58.2831 64.4512
27 56.7503 64.4512
28 64.4512 64.4512
29 64.4512 64.4512
30 60.2083 64.4512
31 67.6947 64.4512
32 75.9136 72.1226
33 79.8699 72.1226
34 67.4526 72.1226
35 70.9558 72.1226
36 72.0756 72.1226
37 73.754 72.1226
38 72.7443 72.1226
39 68.857 72.1226
40 75.1415 72.1226
41 75.5146 72.1226
42 75.1588 72.1226
43 71.8475 72.1226
44 73.1631 72.1226
45 75.3329 72.1226
46 72.9513 72.1226
47 71.1362 72.1226
48 77.1347 72.1226
49 72.8923 72.1226
50 64.8325 72.1226
51 63.8626 72.1226
52 73.6541 72.1226
53 74.518 72.1226
54 69.6109 72.1226
55 66.8795 72.1226
56 72.1226 72.1226
57 75.0333 72.1226
58 72.3451 72.1226
59 68.8176 72.1226
60 72.1226 72.1226
61 72.1226 72.1226
62 72.9217 72.1226
63 67.185 72.1226
64 80.6811 70.4948
65 74.1997 70.4948
66 72.0508 70.4948
67 65.6376 70.4948
68 79.0011 70.4948
69 76.9808 70.4948
70 69.0726 70.4948
71 65.4093 70.4948
72 74.5932 70.4948
73 73.6885 70.4948
74 69.1331 70.4948
75 66.2728 70.4948
76 75.7578 70.4948
77 69.9628 70.4948
78 69.1515 70.4948
79 69.4814 70.4948
80 77.2687 70.4948
81 73.0277 70.4948
82 69.5863 70.4948
83 65.6453 70.4948
84 70.7233 70.4948
85 72.7306 70.4948
86 70.2086 70.4948
87 68.0545 70.4948
88 72.8209 70.4948
89 71.8575 70.4948
90 64.872 70.4948
91 67.4542 70.4948
92 70.0136 70.4948
93 67.6748 70.4948
94 61.7618 70.4948
95 61.06 70.4948
