0 68.9548 69.5855
1 67.3582 69.5855
2 67.3866 69.5855
3 69.5855 69.5855
4 67.8158 69.5855
5 65.1041 69.5855
6 70.1635 69.5855
7 65.7189 69.5855
8 65.5333 69.5855
9 69.5738 69.5855
10 70.6006 69.5855
11 65.0083 69.5855
12 73.1567 69.5855
13 69.9918 69.5855
14 70.6228 69.5855
15 71.7455 69.5855
16 73.3428 69.5855
17 69.5475 69.5855
18 68.234 69.5855
19 66.3677 69.5855
20 73.46 69.5855
21 70.0517 69.5855
22 66.6834 69.5855
23 69.9406 69.5855
24 71.1872 69.5855
25 71.5928 69.5855
26 71.6428 69.5855
27 69.4487 69.5855
28 74.2609 69.5855
29 70.4929 69.5855
30 72.8223 69.5855
31 69.3397 69.5855
32 75.5913 71.3676
33 72.0312 71.3676
34 75.7551 71.3676
35 71.3676 71.3676
36 72.9916 71.3676
37 65.3129 71.3676
38 76.2652 71.3676
39 70.3041 71.3676
40 70.4123 71.3676
41 74.3168 71.3676
42 70.6749 71.3676
43 68.5869 71.3676
44 73.8779 71.3676
45 73.8519 71.3676
46 73.2298 71.3676
47 66.4159 71.3676
48 66.3143 71.3676
49 71.9383 71.3676
50 69.0273 71.3676
51 68.2305 71.3676
52 67.2441 71.3676
53 70.7003 71.3676
54 72.435 71.3676
55 68.6029 71.3676
56 70.0059 71.3676
57 71.4027 71.3676
58 73.9266 71.3676
59 71.3676 71.3676
60 74.8259 71.3676
61 75.1887 71.3676
62 72.578 71.3676
63 68.9894 71.3676
64 73.627 66.4365
65 68.141 66.4365
66 66.8893 66.4365
67 67.2322 66.4365
68 67.3115 66.4365
69 65.6955 66.4365
70 71.067 66.4365
71 69.4342 66.4365
72 68.3251 66.4365
73 66.4696 66.4365
74 70.0043 66.4365
75 68.7431 66.4365
76 68.2861 66.4365
77 66.0857 66.4365
78 66.2367 66.4365
79 66.2971 66.4365
80 62.9925 66.4365
81 66.8664 66.4365
82 63.9647 66.4365
83 65.3198 66.4365
84 65.0454 66.4365
85 66.4786 66.4365
86 61.6615 66.4365
87 63.7003 66.4365
88 64.7862 66.4365
89 67.2918 66.4365
90 56.0256 66.4365
91 65.9024 66.4365
92 66.4203 66.4365
93 66.7876 66.4365
94 65.9056 66.4365
95 66.9756 66.4365
