0 68.8993 68.8993
1 68.9265 68.8993
2 71.5267 68.8993
3 71.4439 68.8993
4 68.1095 68.8993
5 68.1092 68.8993
6 66.6421 68.8993
7 67.5912 68.8993
8 72.1858 68.8993
9 70.6082 68.8993
10 69.0086 68.8993
11 66.5939 68.8993
12 69.6997 68.8993
13 66.0405 68.8993
14 68.1759 68.8993
15 68.2327 68.8993
16 66.1058 68.8993
17 69.9286 68.8993
18 65.088 68.8993
19 64.1679 68.8993
20 69.6667 68.8993
21 69.4838 68.8993
22 65.8497 68.8993
23 68.3218 68.8993
24 66.3544 68.8993
25 69.0211 68.8993
26 68.9674 68.8993
27 73.6687 68.8993
28 74.5604 68.8993
29 73.1274 68.8993
30 69.3048 68.8993
31 69.3665 68.8993
32 74.5786 71.3244
33 75.3471 71.3244
34 72.695 71.3244
35 73.4538 71.3244
36 71.5676 71.3244
37 73.9911 71.3244
38 75.2719 71.3244
39 69.3014 71.3244
40 69.0259 71.3244
41 72.9803 71.3244
42 71.376 71.3244
43 70.7152 71.3244
44 75.5056 71.3244
45 73.6284 71.3244
46 70.0462 71.3244
47 73.0399 71.3244
48 70.8233 71.3244
49 73.7578 71.3244
50 66.8581 71.3244
51 65.9023 71.3244
52 72.5766 71.3244
53 70.875 71.3244
54 66.6974 71.3244
55 66.4624 71.3244
56 68.212 71.3244
57 70.9409 71.3244
58 67.1204 71.3244
59 71.3917 71.3244
60 68.8431 71.3244
61 73.7234 71.3244
62 73.7978 71.3244
63 71.8739 71.3244
64 68.6137 68.2909
65 73.0679 68.2909
66 69.9029 68.2909
67 64.5978 68.2909
68 68.4015 68.2909
69 69.5524 68.2909
70 68.2236 68.2909
71 70.2703 68.2909
72 65.6201 68.2909
73 68.2566 68.2909
74 66.3097 68.2909
75 66.7831 68.2909
76 68.8796 68.2909
77 69.1315 68.2909
78 67.8183 68.2909
79 68.3461 68.2909
80 68.855 68.2909
81 68.2909 68.2909
82 68.2909 68.2909
83 69.2939 68.2909
84 67.1001 68.2909
85 65.8909 68.2909
86 66.7923 68.2909
87 67.2281 68.2909
88 67.0674 68.2909
89 66.7819 68.2909
90 70.584 68.2909
91 67.3232 68.2909
92 69.4334 68.2909
93 71.4709 68.2909
94 68.3005 68.2909
95 68.8317 68.2909
