0 73.2256 69.4676
1 72.1387 69.4676
2 69.4676 69.4676
3 67.2412 69.4676
4 77.0991 69.4676
5 66.4936 69.4676
6 69.4676 69.4676
7 72.4052 69.4676
8 72.7017 69.4676
9 70.5373 69.4676
10 68.1723 69.4676
11 66.7945 69.4676
12 70.7091 69.4676
13 69.0612 69.4676
14 69.0218 69.4676
15 70.1396 69.4676
16 71.2714 69.4676
17 67.7011 69.4676
18 68.7573 69.4676
19 63.5827 69.4676
20 67.1859 69.4676
21 67.6397 69.4676
22 65.1211 69.4676
23 66.9881 69.4676
24 72.6114 69.4676
25 70.9065 69.4676
26 69.4676 69.4676
27 68.8088 69.4676
28 68.5976 69.4676
29 70.7137 69.4676
30 69.4676 69.4676
31 69.4676 69.4676
32 73.9368 69.0158
33 70.7922 69.0158
34 69.6025 69.0158
35 71.202 69.0158
36 71.7793 69.0158
37 70.9054 69.0158
38 70.0719 69.0158
39 69.5275 69.0158
40 72.3621 69.0158
41 65.9971 69.0158
42 70.6336 69.0158
43 63.7379 69.0158
44 73.2819 69.0158
45 66.6272 69.0158
46 67.6711 69.0158
47 71.0799 69.0158
48 70.524 69.0158
49 71.9415 69.0158
50 66.7348 69.0158
51 69.4996 69.0158
52 65.9798 69.0158
53 69.2984 69.0158
54 66.1274 69.0158
55 68.9828 69.0158
56 70.2591 69.0158
57 69.1554 69.0158
58 66.897 69.0158
59 70.3221 69.0158
60 66.7165 69.0158
61 68.6727 69.0158
62 62.4174 69.0158
63 65.7682 69.0158
64 77.4271 72.135
65 75.9817 72.135
66 71.0895 72.135
67 60.9018 72.135
68 74.8866 72.135
69 71.2478 72.135
70 67.0879 72.135
71 72.135 72.135
72 73.7151 72.135
73 73.6431 72.135
74 76.4806 72.135
75 72.135 72.135
76 74.8484 72.135
77 73.0318 72.135
78 73.535 72.135
79 72.135 72.135
80 72.2476 72.135
81 64.8938 72.135
82 71.4147 72.135
83 69.7063 72.135
84 73.6468 72.135
85 72.4134 72.135
86 68.6401 72.135
87 72.135 72.135
88 72.135 72.135
89 74.0581 72.135
90 72.5462 72.135
91 72.135 72.135
92 74.3878 72.135
93 74.3507 72.135
94 71.1935 72.135
95 72.135 72.135
