0 70.8027 68.4874
1 71.376 68.4874
2 69.9732 68.4874
3 67.9762 68.4874
4 70.8721 68.4874
5 70.7207 68.4874
6 71.2259 68.4874
7 69.4658 68.4874
8 69.9735 68.4874
9 69.3608 68.4874
10 68.6864 68.4874
11 65.7894 68.4874
12 67.8242 68.4874
13 71.3191 68.4874
14 69.0983 68.4874
15 67.4978 68.4874
16 68.3256 68.4874
17 68.9931 68.4874
18 63.0313 68.4874
19 64.1856 68.4874
20 70.2183 68.4874
21 63.8836 68.4874
22 65.5061 68.4874
23 63.2063 68.4874
24 66.8731 68.4874
25 72.265 68.4874
26 67.8556 68.4874
27 65.7856 68.4874
28 70.7241 68.4874
29 71.1702 68.4874
30 70.6844 68.4874
31 66.9269 68.4874
32 72.2245 70.2815
33 73.6507 70.2815
34 69.1211 70.2815
35 68.5898 70.2815
36 73.3409 70.2815
37 75.2162 70.2815
38 72.0004 70.2815
39 74.3699 70.2815
40 69.4294 70.2815
41 71.0401 70.2815
42 69.6957 70.2815
43 68.9759 70.2815
44 71.5911 70.2815
45 70.7635 70.2815
46 71.4721 70.2815
47 68.5102 70.2815
48 68.1858 70.2815
49 74.5271 70.2815
50 66.6038 70.2815
51 65.5916 70.2815
52 67.8457 70.2815
53 71.3337 70.2815
54 69.4578 70.2815
55 63.514 70.2815
56 69.0491 70.2815
57 77.1105 70.2815
58 69.088 70.2815
59 67.4506 70.2815
60 70.2815 70.2815
61 70.6477 70.2815
62 70.9049 70.2815
63 67.4257 70.2815
64 71.0957 69.4579
65 72.5231 69.4579
66 71.4889 69.4579
67 68.5757 69.4579
68 69.4579 69.4579
69 68.6889 69.4579
70 68.5246 69.4579
71 65.7912 69.4579
72 67.0588 69.4579
73 69.7482 69.4579
74 70.8174 69.4579
75 68.0233 69.4579
76 69.7347 69.4579
77 68.7925 69.4579
78 70.5942 69.4579
79 68.2258 69.4579
80 67.2844 69.4579
81 69.0628 69.4579
82 67.4899 69.4579
83 68.2122 69.4579
84 68.3057 69.4579
85 69.5218 69.4579
86 68.462 69.4579
87 71.5042 69.4579
88 69.4105 69.4579
89 68.0872 69.4579
90 70.3639 69.4579
91 70.058 69.4579
92 69.9369 69.4579
93 72.5336 69.4579
94 71.8764 69.4579
95 71.4031 69.4579
