0 63.8937 65.2117
1 68.5742 65.2117
2 65.7789 65.2117
3 61.5715 65.2117
4 64.7259 65.2117
5 66.6146 65.2117
6 65.6817 65.2117
7 65.2363 65.2117
8 66.3167 65.2117
9 62.3246 65.2117
10 65.3549 65.2117
11 63.9267 65.2117
12 65.1976 65.2117
13 66.4928 65.2117
14 63.0858 65.2117
15 65.6806 65.2117
16 61.4608 65.2117
17 66.2629 65.2117
18 65.5431 65.2117
19 64.5407 65.2117
20 65.5615 65.2117
21 64.6017 65.2117
22 62.7685 65.2117
23 64.8862 65.2117
24 66.6599 65.2117
25 66.8263 65.2117
26 63.5513 65.2117
27 67.0836 65.2117
28 63.9363 65.2117
29 67.8861 65.2117
30 65.1957 65.2117
31 69.5536 65.2117
32 71.1079 69.1102
33 68.6117 69.1102
34 69.8993 69.1102
35 68.6666 69.1102
36 68.3128 69.1102
37 62.358 69.1102
38 71.2227 69.1102
39 70.447 69.1102
40 69.4781 69.1102
41 70.2211 69.1102
42 69.2342 69.1102
43 68.42 69.1102
44 69.5394 69.1102
45 71.0478 69.1102
46 67.9555 69.1102
47 67.9326 69.1102
48 70.1879 69.1102
49 63.5636 69.1102
50 70.2068 69.1102
51 68.6484 69.1102
52 60.0785 69.1102
53 67.8802 69.1102
54 69.7237 69.1102
55 67.7117 69.1102
56 71.5091 69.1102
57 72.3808 69.1102
58 68.5432 69.1102
59 72.2573 69.1102
60 70.9154 69.1102
61 72.2917 69.1102
62 69.0164 69.1102
63 72.1568 69.1102
64 74.3067 72.4948
65 73.8711 72.4948
66 74.7774 72.4948
67 71.9923 72.4948
68 73.2125 72.4948
69 72.9155 72.4948
70 73.8513 72.4948
71 71.3832 72.4948
72 72.0993 72.4948
73 75.2467 72.4948
74 73.5743 72.4948
75 72.2465 72.4948
76 72.3216 72.4948
77 73.1192 72.4948
78 73.155 72.4948
79 72.805 72.4948
80 74.0489 72.4948
81 73.6024 72.4948
82 73.5353 72.4948
83 72.2259 72.4948
84 70.5632 72.4948
85 69.4298 72.4948
86 71.406 72.4948
87 70.3778 72.4948
88 70.3913 72.4948
89 72.4384 72.4948
90 72.9343 72.4948
91 70.9708 72.4948
92 71.5418 72.4948
93 71.4719 72.4948
94 74.5176 72.4948
95 69.5002 72.4948
