0 76.6501 74.6368
1 76.8731 74.6368
2 73.4497 74.6368
3 75.5343 74.6368
4 76.534 74.6368
5 74.6368 74.6368
6 74.6368 74.6368
7 74.6368 74.6368
8 74.7736 74.6368
9 74.8365 74.6368
10 74.3616 74.6368
11 74.6368 74.6368
12 72.1634 74.6368
13 72.8459 74.6368
14 72.7648 74.6368
15 74.6368 74.6368
16 74.6368 74.6368
17 74.6368 74.6368
18 69.8843 74.6368
19 74.6368 74.6368
20 74.6368 74.6368
21 74.6368 74.6368
22 73.8532 74.6368
23 72.5231 74.6368
24 74.6368 74.6368
25 75.8845 74.6368
26 77.8362 74.6368
27 78.5444 74.6368
28 74.6368 74.6368
29 73.1667 74.6368
30 73.5048 74.6368
31 76.7524 74.6368
32 75.5508 75.5508
33 75.6112 75.5508
34 76.9026 75.5508
35 76.3063 75.5508
36 78.1406 75.5508
37 75.039 75.5508
38 74.1676 75.5508
39 76.3358 75.5508
40 73.6747 75.5508
41 75.3609 75.5508
42 75.1321 75.5508
43 75.5508 75.5508
44 75.5508 75.5508
45 73.5397 75.5508
46 73.4719 75.5508
47 73.9486 75.5508
48 76.3553 75.5508
49 75.5508 75.5508
50 75.5508 75.5508
51 73.1682 75.5508
52 72.1181 75.5508
53 72.5894 75.5508
54 72.3628 75.5508
55 75.3263 75.5508
56 74.5959 75.5508
57 77.2666 75.5508
58 83.9557 75.5508
59 75.5508 75.5508
60 74.0825 75.5508
61 84.6019 75.5508
62 75.1202 75.5508
63 75.1475 75.5508
64 74.3284 71.5074
65 73.7549 71.5074
66 72.0893 71.5074
67 72.2655 71.5074
68 71.8913 71.5074
69 73.0928 71.5074
70 72.3625 71.5074
71 70.4813 71.5074
72 73.3157 71.5074
73 73.7019 71.5074
74 72.2918 71.5074
75 70.2167 71.5074
76 70.7998 71.5074
77 68.9558 71.5074
78 70.773 71.5074
79 69.7076 71.5074
80 71.9944 71.5074
81 68.2164 71.5074
82 71.7012 71.5074
83 70.5223 71.5074
84 71.6526 71.5074
85 70.1068 71.5074
86 70.5787 71.5074
87 69.9333 71.5074
88 69.324 71.5074
89 73.46 71.5074
90 73.4052 71.5074
91 71.9768 71.5074
92 71.0323 71.5074
93 71.0059 71.5074
94 71.9121 71.5074
95 71.3857 71.5074
