0 71.6788 71.3694
1 70.5049 71.3694
2 71.3694 71.3694
3 71.3694 71.3694
4 72.5012 71.3694
5 71.5977 71.3694
6 70.025 71.3694
7 71.3694 71.3694
8 71.1489 71.3694
9 72.32 71.3694
10 70.7572 71.3694
11 70.9763 71.3694
12 71.6485 71.3694
13 70.1659 71.3694
14 73.2037 71.3694
15 72.4228 71.3694
16 81.1716 71.3694
17 72.9145 71.3694
18 69.9411 71.3694
19 70.7752 71.3694
20 72.1294 71.3694
21 73.4201 71.3694
22 68.7626 71.3694
23 67.899 71.3694
24 70.0267 71.3694
25 71.3405 71.3694
26 70.8295 71.3694
27 66.5628 71.3694
28 71.7403 71.3694
29 72.1067 71.3694
30 71.1846 71.3694
31 69.9569 71.3694
32 76.8664 75.1701
33 76.4108 75.1701
34 77.8075 75.1701
35 77.463 75.1701
36 76.4337 75.1701
37 74.8735 75.1701
38 76.8221 75.1701
39 76.0221 75.1701
40 75.9477 75.1701
41 75.3089 75.1701
42 74.3229 75.1701
43 74.1176 75.1701
44 74.8048 75.1701
45 76.2367 75.1701
46 75.1732 75.1701
47 74.0521 75.1701
48 74.5026 75.1701
49 75.7513 75.1701
50 72.0622 75.1701
51 73.4631 75.1701
52 72.8661 75.1701
53 75.7844 75.1701
54 70.3056 75.1701
55 75.1701 75.1701
56 73.5891 75.1701
57 75.1122 75.1701
58 73.79 75.1701
59 75.1415 75.1701
60 74.7518 75.1701
61 76.9887 75.1701
62 75.9683 75.1701
63 77.5325 75.1701
64 72.8664 72.5499
65 81.1395 72.5499
66 70.9429 72.5499
67 72.1222 72.5499
68 71.5085 72.5499
69 70.326 72.5499
70 74.1605 72.5499
71 72.5499 72.5499
72 72.4065 72.5499
73 72.5499 72.5499
74 67.52 72.5499
75 72.5499 72.5499
76 72.1665 72.5499
77 79.1263 72.5499
78 71.7447 72.5499
79 72.5499 72.5499
80 73.1468 72.5499
81 70.9012 72.5499
82 72.5499 72.5499
83 72.5499 72.5499
84 69.4496 72.5499
85 72.5499 72.5499
86 72.5499 72.5499
87 72.5499 72.5499
88 73.1938 72.5499
89 72.5499 72.5499
90 72.5499 72.5499
91 72.5499 72.5499
92 70.6276 72.5499
93 72.5499 72.5499
94 72.5499 72.5499
95 72.5499 72.5499
