0 72.8835 71.9844
1 76.6086 71.9844
2 75.5606 71.9844
3 74.6594 71.9844
4 71.1205 71.9844
5 70.0523 71.9844
6 74.2474 71.9844
7 69.7605 71.9844
8 72.2134 71.9844
9 72.1833 71.9844
10 73.928 71.9844
11 73.2738 71.9844
12 72.1527 71.9844
13 73.5435 71.9844
14 68.2862 71.9844
15 73.0138 71.9844
16 74.0325 71.9844
17 72.8634 71.9844
18 70.7794 71.9844
19 65.0952 71.9844
20 69.7197 71.9844
21 71.9101 71.9844
22 69.8276 71.9844
23 71.5685 71.9844
24 71.9813 71.9844
25 73.4138 71.9844
26 69.5417 71.9844
27 70.5067 71.9844
28 71.1035 71.9844
29 74.755 71.9844
30 72.4487 71.9844
31 70.4652 71.9844
32 74.8416 71.7178
33 68.8332 71.7178
34 73.6189 71.7178
35 70.7475 71.7178
36 73.9338 71.7178
37 72.8411 71.7178
38 70.7522 71.7178
39 70.0335 71.7178
40 71.4021 71.7178
41 68.5232 71.7178
42 73.7901 71.7178
43 68.4953 71.7178
44 72.6667 71.7178
45 73.1746 71.7178
46 72.9616 71.7178
47 74.3645 71.7178
48 74.6826 71.7178
49 76.4068 71.7178
50 71.6753 71.7178
51 70.1216 71.7178
52 73.1268 71.7178
53 69.963 71.7178
54 72.3829 71.7178
55 67.3879 71.7178
56 71.9668 71.7178
57 69.6372 71.7178
58 69.6941 71.7178
59 68.8064 71.7178
60 71.478 71.7178
61 74.1206 71.7178
62 73.0158 71.7178
63 69.5232 71.7178
64 75.1589 71.9452
65 75.4751 71.9452
66 75.2672 71.9452
67 66.455 71.9452
68 74.7043 71.9452
69 70.8649 71.9452
70 70.7899 71.9452
71 69.5987 71.9452
72 74.745 71.9452
73 73.9056 71.9452
74 72.025 71.9452
75 70.8469 71.9452
76 73.8512 71.9452
77 74.3212 71.9452
78 71.2915 71.9452
79 70.3404 71.9452
80 74.7154 71.9452
81 74.5512 71.9452
82 71.8784 71.9452
83 69.803 71.9452
84 73.3124 71.9452
85 64.5936 71.9452
86 69.416 71.9452
87 66.7856 71.9452
88 75.8776 71.9452
89 69.7181 71.9452
90 68.4504 71.9452
91 68.202 71.9452
92 74.4188 71.9452
93 77.6483 71.9452
94 71.2887 71.9452
95 71.9452 71.9452
