0 69.5455 65.9666
1 66.2249 65.9666
2 67.3074 65.9666
3 66.7679 65.9666
4 67.3893 65.9666
5 66.4644 65.9666
6 66.7138 65.9666
7 67.3319 65.9666
8 66.1108 65.9666
9 68.0884 65.9666
10 67.9554 65.9666
11 66.2711 65.9666
12 67.5592 65.9666
13 66.8639 65.9666
14 67.7237 65.9666
15 66.5863 65.9666
16 65.9126 65.9666
17 65.7845 65.9666
18 65.9687 65.9666
19 65.2017 65.9666
20 63.9468 65.9666
21 63.7411 65.9666
22 63.6017 65.9666
23 61.8071 65.9666
24 63.8446 65.9666
25 65.3838 65.9666
26 67.5541 65.9666
27 64.2047 65.9666
28 65.7649 65.9666
29 65.5328 65.9666
30 63.6893 65.9666
31 64.0888 65.9666
32 67.7779 66.2502
33 67.4859 66.2502
34 68.0402 66.2502
35 67.189 66.2502
36 65.7911 66.2502
37 65.9823 66.2502
38 68.3674 66.2502
39 64.6536 66.2502
40 66.4555 66.2502
41 67.63 66.2502
42 65.2979 66.2502
43 66.5486 66.2502
44 64.5091 66.2502
45 65.0517 66.2502
46 67.743 66.2502
47 65.8927 66.2502
48 66.7721 66.2502
49 66.9616 66.2502
50 67.3716 66.2502
51 63.8653 66.2502
52 66.0036 66.2502
53 65.2322 66.2502
54 66.2502 66.2502
55 64.5846 66.2502
56 68.7603 66.2502
57 66.9817 66.2502
58 60.7055 66.2502
59 68.5186 66.2502
60 65.434 66.2502
61 67.0078 66.2502
62 65.6144 66.2502
63 65.5262 66.2502
64 68.4876 66.2948
65 67.0959 66.2948
66 69.4261 66.2948
67 66.8415 66.2948
68 66.6197 66.2948
69 66.9813 66.2948
70 64.6243 66.2948
71 67.419 66.2948
72 67.3458 66.2948
73 69.4656 66.2948
74 65.176 66.2948
75 65.0981 66.2948
76 65.5273 66.2948
77 68.1169 66.2948
78 67.6054 66.2948
79 67.4265 66.2948
80 65.6293 66.2948
81 64.2906 66.2948
82 63.864 66.2948
83 64.3609 66.2948
84 65.2596 66.2948
85 65.6627 66.2948
86 62.6056 66.2948
87 62.4794 66.2948
88 66.0554 66.2948
89 65.8599 66.2948
90 67.9251 66.2948
91 66.2948 66.2948
92 68.4186 66.2948
93 65.0488 66.2948
94 68.1275 66.2948
95 66.2948 66.2948
