0 44.1683 0.151384
1 50.1243 0.147903
2 64.0287 0.148211
3 57.4473 0.14931
4 29.0909 0.151262
5 48.1614 0.151464
6 26.1321 0.149395
7 28.6305 0.149078
8 46.9298 0.150451
9 30.8231 0.148714
10 36.9852 0.14962
11 43.1133 0.150947
12 41.9269 0.146768
13 40.4855 0.148053
14 58.6603 0.151203
15 29.4594 0.152003
16 40.2405 0.153984
17 46.0953 0.150373
18 65.2766 0.14962
19 25.3026 0.14832
20 35.5436 0.150205
21 36.0354 0.150863
22 48.7997 0.150128
23 32.5848 0.15034
24 23.335 0.151306
25 32.3494 0.149148
26 34.8099 0.152012
27 39.1967 0.149007
28 9.2362 0.149222
29 36.5613 0.148649
30 35.9921 0.154145
31 32.6613 0.14822
32 80.7151 0.146932
33 64.8367 0.141771
34 48.5561 0.141515
35 72.9044 0.143547
36 42.5263 0.144574
37 71.1742 0.142131
38 92.6648 0.144061
39 77.6999 0.143907
40 78.218 0.14346
41 59.4467 0.141654
42 58.4287 0.144811
43 60.5692 0.143251
44 79.9149 0.144996
45 71.9207 0.145374
46 68.2334 0.144974
47 59.9297 0.143609
48 65.2981 0.144841
49 89.9877 0.143551
50 49.7234 0.143596
51 80.9599 0.143803
52 81.7531 0.145972
53 62.9388 0.140268
54 104.386 0.143909
55 67.581 0.144093
56 80.0261 0.144035
57 61.4028 0.142043
58 45.7007 0.147066
59 45.3009 0.143623
60 49.7192 0.14407
61 50.115 0.141217
62 62.0474 0.146367
63 67.208 0.142271
64 -10.9572 0.155023
65 13.0992 0.152214
66 -9.85838 0.152676
67 -13.2071 0.15288
68 1.09014 0.154475
69 -12.2916 0.151252
70 5.16342 0.151657
71 -28.078 0.150572
72 5.20739 0.152042
73 -13.0919 0.154042
74 8.69408 0.154345
75 -28.6168 0.152999
76 -13.9947 0.154984
77 -9.70548 0.150988
78 -13.3417 0.153281
79 16.529 0.152129
80 1.73574 0.154927
81 15.846 0.153946
82 10.2225 0.153059
83 -1.16028 0.157092
84 12.9038 0.156118
85 -39.4069 0.153648
86 -4.4567 0.153496
87 3.05195 0.153911
88 -4.30756 0.153944
89 -5.83908 0.155331
90 -1.76274 0.156333
91 -11.1527 0.154177
92 -20.3681 0.15305
93 1.21798 0.154974
94 10.9531 0.151748
95 -17.5485 0.149852
