0 42.6109 0.147448
1 31.4546 0.144206
2 28.3005 0.144221
3 50.2881 0.144785
4 34.5688 0.144625
5 35.0155 0.143905
6 25.9848 0.14312
7 54.1116 0.14327
8 44.2127 0.145012
9 34.2161 0.144982
10 38.7576 0.146367
11 8.4168 0.144087
12 14.7163 0.145815
13 44.1581 0.143992
14 13.3683 0.143303
15 23.4274 0.145227
16 53.9773 0.144329
17 60.5845 0.142853
18 26.9051 0.144781
19 -0.235906 0.144195
20 9.7753 0.145627
21 29.3939 0.142212
22 66.3008 0.145587
23 37.6787 0.145831
24 31.6013 0.145833
25 44.8338 0.144295
26 35.8915 0.144449
27 32.7767 0.143995
28 16.2249 0.143404
29 46.9624 0.14347
30 30.4409 0.141338
31 28.5268 0.140315
32 34.4905 0.146304
33 51.8667 0.145333
34 38.1806 0.143014
35 55.8516 0.14448
36 48.7045 0.144319
37 31.7705 0.145515
38 45.701 0.144316
39 19.5876 0.142757
40 57.1028 0.147703
41 50.1296 0.142774
42 47.1501 0.14631
43 49.5357 0.146673
44 71.5515 0.145456
45 25.1244 0.146446
46 36.8806 0.14468
47 20.9344 0.143872
48 44.4477 0.146199
49 46.3885 0.14418
50 51.4919 0.146352
51 43.1639 0.145662
52 28.1579 0.14653
53 27.8936 0.145452
54 26.6008 0.145981
55 27.4595 0.147383
56 67.1662 0.145702
57 12.6735 0.143603
58 23.805 0.146313
59 46.9579 0.145795
60 41.0183 0.147116
61 26.9667 0.146528
62 24.6443 0.144516
63 44.5794 0.141277
64 70.5907 0.15065
65 45.737 0.149353
66 80.7557 0.1493
67 47.2873 0.148083
68 80.1551 0.149025
69 94.9101 0.145682
70 4.34903 0.149082
71 57.5869 0.149459
72 88.6797 0.149646
73 68.6821 0.148896
74 54.6225 0.147636
75 61.2648 0.150155
76 55.6817 0.149349
77 49.2824 0.147965
78 49.5034 0.149946
79 51.6011 0.146111
80 53.453 0.148146
81 60.3524 0.149111
82 41.8349 0.149304
83 74.5647 0.14831
84 67.6133 0.14935
85 25.1553 0.14915
86 50.2975 0.149566
87 63.3457 0.14927
88 34.5134 0.149025
89 78.4465 0.147367
90 28.8754 0.151767
91 38.9693 0.149652
92 57.5911 0.150759
93 35.2743 0.148165
94 37.3998 0.147912
95 51.9748 0.143515
