0 19.6235 0.215029
1 -14.274 0.217156
2 14.7009 0.215082
3 9.84854 0.213904
4 21.5769 0.215541
5 10.6608 0.214907
6 -11.4687 0.211586
7 33.6316 0.2149
8 2.85988 0.215892
9 30.3319 0.21208
10 2.53817 0.215778
11 9.02833 0.215718
12 8.92442 0.214494
13 -8.37103 0.214246
14 -7.44919 0.219135
15 2.39704 0.213491
16 17.0883 0.214214
17 11.2467 0.214712
18 2.22307 0.216865
19 33.7512 0.216228
20 -14.0391 0.218992
21 32.3202 0.214317
22 -5.8961 0.217215
23 4.10265 0.2146
24 1.14195 0.218397
25 14.2536 0.218279
26 6.26879 0.217711
27 20.5857 0.213781
28 34.5849 0.215554
29 1.81712 0.215148
30 18.5355 0.218437
31 15.9646 0.207501
32 108.133 0.205862
33 71.6902 0.20309
34 71.3353 0.206099
35 69.7357 0.203386
36 104.163 0.206609
37 113.656 0.204826
38 69.8282 0.20483
39 68.4728 0.202621
40 76.911 0.20526
41 79.0787 0.205374
42 64.8497 0.203216
43 85.8711 0.203929
44 86.3632 0.201765
45 70.5503 0.205806
46 86.3779 0.202302
47 75.4986 0.203318
48 87.8513 0.204258
49 92.6216 0.203022
50 79.4233 0.204543
51 82.6052 0.204274
52 73.1652 0.206426
53 62.1924 0.202154
54 72.8066 0.208245
55 64.1987 0.199857
56 81.707 0.207433
57 83.6312 0.204965
58 69.3455 0.203777
59 82.9856 0.207552
60 55.3462 0.206197
61 72.4535 0.206523
62 96.532 0.203824
63 62.4026 0.203757
64 16.362 0.222965
65 1.82582 0.219544
66 -6.44312 0.220595
67 24.2898 0.219964
68 -10.7616 0.219168
69 -8.61892 0.219908
70 2.33017 0.220377
71 16.846 0.218319
72 -1.14086 0.222384
73 -23.1992 0.217668
74 40.1568 0.221389
75 -31.1854 0.219245
76 0.682463 0.220951
77 5.74253 0.219842
78 7.1718 0.218637
79 -24.097 0.218172
80 8.70545 0.223009
81 -6.04823 0.219671
82 1.14086 0.218826
83 -2.91636 0.219922
84 19.0165 0.221969
85 29.9566 0.223277
86 -12.1869 0.220504
87 -16.3008 0.222194
88 -0.261236 0.217426
89 20.6818 0.221507
90 17.088 0.220868
91 5.5743 0.218551
92 -10.699 0.220822
93 0.464453 0.217226
94 30.3393 0.22645
95 28.6927 0.214354
