0 9.88029 0.146285
1 4.72782 0.144922
2 -16.6701 0.146258
3 -12.7164 0.143611
4 -16.5563 0.145451
5 30.6469 0.148568
6 -4.9468 0.148526
7 -0.827221 0.14978
8 -2.82763 0.144864
9 27.9841 0.146985
10 14.8622 0.148819
11 18.6336 0.145586
12 4.10233 0.144571
13 -5.1516 0.143962
14 31.4106 0.148299
15 -10.5577 0.146133
16 4.4159 0.146637
17 13.6896 0.148265
18 26.3855 0.147292
19 24.3446 0.148635
20 -13.1456 0.147775
21 4.66242 0.146294
22 32.17 0.148214
23 -10.6385 0.144669
24 15.0531 0.14928
25 -4.86803 0.144387
26 11.8225 0.147595
27 15.0864 0.147237
28 14.2879 0.144528
29 6.38687 0.144374
30 7.50572 0.145746
31 2.59637 0.145999
32 37.9816 0.147386
33 55.6224 0.146128
34 24.0958 0.146463
35 39.4999 0.142859
36 16.8072 0.144004
37 26.3577 0.143544
38 34.9175 0.145544
39 34.2718 0.1455
40 39.5714 0.147506
41 48.6359 0.146637
42 37.285 0.145759
43 41.4521 0.147028
44 59.3712 0.146688
45 31.3178 0.147229
46 45.0392 0.145638
47 41.7441 0.146849
48 53.2502 0.146221
49 51.3943 0.147275
50 41.5461 0.14653
51 56.2332 0.144898
52 49.8067 0.146814
53 32.9143 0.143981
54 39.1378 0.145514
55 30.3524 0.145163
56 32.1701 0.147449
57 25.2734 0.143913
58 66.0049 0.147992
59 36.7368 0.144348
60 24.7159 0.14595
61 48.2233 0.145238
62 35.2259 0.145955
63 37.5347 0.144037
64 27.2287 0.150319
65 16.1146 0.146773
66 57.6696 0.146909
67 50.0875 0.146235
68 35.2991 0.151396
69 40.6162 0.150666
70 15.8204 0.14864
71 39.6631 0.150414
72 54.3495 0.148672
73 15.8201 0.147746
74 52.8608 0.147604
75 53.1022 0.147215
76 29.9936 0.146907
77 10.1344 0.147971
78 49.7671 0.148413
79 47.4104 0.148039
80 40.5869 0.149739
81 45.6608 0.147112
82 50.4116 0.148049
83 45.3477 0.148476
84 38.8064 0.148742
85 13.628 0.147838
86 44.3323 0.150177
87 13.0141 0.144201
88 30.1705 0.148192
89 31.2599 0.147802
90 41.3594 0.149806
91 45.3171 0.147375
92 48.3258 0.148046
93 31.644 0.146087
94 49.0962 0.146482
95 36.6673 0.144072
