0 -9.42966 0.172448
1 27.8798 0.172712
2 65.467 0.17001
3 17.488 0.168965
4 46.6503 0.172645
5 64.3333 0.1728
6 26.2281 0.170886
7 49.6252 0.17131
8 33.351 0.17523
9 25.4512 0.171968
10 32.9205 0.174053
11 55.1495 0.173019
12 52.9054 0.173156
13 41.1331 0.170043
14 11.362 0.173396
15 5.93862 0.171064
16 13.1932 0.170589
17 49.5522 0.170507
18 10.7107 0.172665
19 20.8967 0.173279
20 40.6511 0.170932
21 41.9699 0.171169
22 21.4245 0.17274
23 22.3691 0.171474
24 65.1719 0.171489
25 38.5743 0.1723
26 26.4094 0.17077
27 32.2044 0.171271
28 55.1858 0.170165
29 15.9638 0.1698
30 37.7276 0.172876
31 31.6832 0.16618
32 -33.8227 0.17334
33 -20.0733 0.174107
34 -20.0665 0.170658
35 3.84167 0.171925
36 -15.0047 0.172629
37 5.08477 0.173551
38 -10.2521 0.174727
39 -4.70797 0.172522
40 0.653388 0.172449
41 0.760731 0.170957
42 -17.182 0.173446
43 -18.5424 0.171491
44 10.8254 0.173601
45 -6.99198 0.171477
46 -26.6692 0.172259
47 -25.0098 0.171566
48 -28.9052 0.171983
49 -28.8614 0.169888
50 -4.89507 0.172217
51 14.9259 0.17447
52 -44.7674 0.170591
53 0.108482 0.171977
54 -3.67875 0.17165
55 -12.7655 0.170159
56 -35.4474 0.170109
57 -22.2163 0.17425
58 -16.4735 0.17343
59 -28.9921 0.175972
60 -16.1644 0.172935
61 -11.9724 0.174673
62 3.4374 0.171849
63 -31.4573 0.172885
64 -0.713303 0.170731
65 -6.68869 0.168638
66 -17.3732 0.164926
67 -3.04423 0.164538
68 20.4749 0.168131
69 7.79533 0.167551
70 -11.9035 0.168722
71 22.319 0.169035
72 -38.6249 0.167122
73 -9.85694 0.165546
74 -23.7326 0.167886
75 3.98193 0.166088
76 -11.3829 0.16871
77 16.4121 0.166422
78 21.2049 0.171249
79 -23.7356 0.163413
80 6.71837 0.167371
81 -3.57112 0.166162
82 -22.1008 0.166141
83 19.7371 0.167714
84 -1.92992 0.163773
85 -27.9041 0.16451
86 -2.79101 0.166128
87 -5.37788 0.164203
88 -7.48838 0.169526
89 -9.17339 0.163973
90 -10.4795 0.168217
91 -17.5914 0.163952
92 -13.1078 0.168905
93 -40.5132 0.165866
94 -2.92305 0.165847
95 -20.1392 0.165501
