0 -37.955 0.15059
1 -53.2839 0.15248
2 -28.5549 0.149972
3 -49.452 0.149844
4 -39.1909 0.152596
5 -24.2093 0.148281
6 -43.2962 0.148651
7 -36.2013 0.148324
8 -16.6054 0.150896
9 -27.7725 0.148123
10 -37.806 0.150045
11 -15.6846 0.149502
12 -52.9889 0.150901
13 -47.7323 0.146282
14 -10.766 0.14973
15 -46.4292 0.147096
16 -47.5507 0.149636
17 -35.039 0.151525
18 -52.5697 0.14888
19 -61.3165 0.151919
20 -37.4795 0.150572
21 -78.0898 0.151917
22 -20.218 0.14851
23 -35.3141 0.150999
24 -30.3496 0.148545
25 -6.39544 0.150035
26 -68.4571 0.154196
27 -44.014 0.147627
28 -26.4518 0.151446
29 -57.3804 0.150005
30 -33.3038 0.150726
31 -36.7445 0.148014
32 -7.917 0.15269
33 15.8395 0.148017
34 -8.79791 0.148021
35 1.64696 0.148657
36 32.8317 0.151704
37 -19.6626 0.151337
38 5.44018 0.150578
39 -1.6408 0.148145
40 13.1023 0.152509
41 10.5961 0.150199
42 20.0893 0.153243
43 18.0859 0.152139
44 27.2341 0.147813
45 -23.4267 0.151463
46 -9.31749 0.150325
47 -13.6386 0.150968
48 6.13001 0.151486
49 4.28256 0.149883
50 8.80532 0.14893
51 10.2341 0.152805
52 13.0215 0.152934
53 13.7867 0.150872
54 22.1781 0.150914
55 -14.5803 0.149306
56 4.78372 0.149697
57 -28.6339 0.149784
58 -15.1463 0.14977
59 -3.47989 0.149582
60 8.2604 0.151002
61 -14.0615 0.150217
62 -13.6377 0.150325
63 -1.77295 0.144395
64 -9.98597 0.1474
65 34.1159 0.146151
66 44.8301 0.146549
67 42.6902 0.146974
68 12.5699 0.146961
69 8.11551 0.146722
70 8.12444 0.148769
71 -6.46349 0.145933
72 28.3637 0.145632
73 6.74909 0.144803
74 24.6237 0.14818
75 20.0218 0.146425
76 17.5379 0.146223
77 31.7148 0.146359
78 -5.16022 0.144393
79 25.5247 0.142985
80 17.4807 0.144991
81 14.9058 0.14626
82 6.91281 0.145439
83 14.0203 0.144443
84 23.7448 0.146065
85 20.3837 0.144984
86 39.6923 0.14633
87 4.88864 0.146383
88 17.3614 0.146395
89 34.8345 0.147233
90 22.7891 0.145839
91 14.3467 0.144385
92 9.18066 0.144616
93 3.11509 0.147575
94 -7.8175 0.146602
95 33.3343 0.143635
