0 22.3423 0.153206
1 -4.23959 0.150675
2 25.8211 0.148787
3 -6.12297 0.149243
4 -15.3193 0.15324
5 -23.4464 0.150928
6 7.05324 0.149527
7 1.20348 0.15136
8 -34.7541 0.153547
9 15.2823 0.150645
10 -27.1643 0.150247
11 5.7277 0.149082
12 8.84375 0.152693
13 2.14962 0.151787
14 -10.4165 0.150567
15 14.0037 0.15067
16 -10.6806 0.147807
17 6.78967 0.14961
18 -11.5048 0.152558
19 13.6578 0.151673
20 9.83265 0.149464
21 4.70722 0.151066
22 9.87505 0.152816
23 -9.13002 0.149178
24 -29.8711 0.150157
25 8.95405 0.15346
26 -9.97081 0.153853
27 1.59493 0.148326
28 -35.4395 0.152311
29 -29.0131 0.152666
30 -27.1905 0.147124
31 -45.6345 0.147789
32 72.1482 0.148633
33 34.633 0.142745
34 48.3976 0.142675
35 56.108 0.143147
36 60.2809 0.144775
37 51.1952 0.144571
38 48.6881 0.1422
39 32.1973 0.142251
40 35.9325 0.144491
41 48.971 0.143661
42 44.3044 0.144111
43 69.8655 0.142654
44 55.4309 0.142937
45 51.844 0.144219
46 60.3049 0.14386
47 67.9709 0.142735
48 17.5825 0.142759
49 57.6212 0.143771
50 52.9355 0.145568
51 64.1784 0.144045
52 29.302 0.142082
53 47.3814 0.14357
54 49.4199 0.142822
55 40.4501 0.144412
56 55.5101 0.146996
57 80.682 0.144646
58 47.8978 0.142963
59 46.2261 0.14166
60 48.1785 0.14296
61 67.5087 0.145387
62 50.0821 0.143597
63 29.2746 0.141239
64 84.4397 0.144614
65 93.586 0.142032
66 74.8939 0.142452
67 86.0502 0.144964
68 88.4773 0.14221
69 80.9484 0.143515
70 81.0491 0.142727
71 96.336 0.142702
72 68.365 0.144523
73 90.5817 0.142164
74 82.8798 0.143335
75 92.7345 0.142418
76 96.0449 0.142707
77 107.217 0.141261
78 97.6637 0.145087
79 90.3892 0.144679
80 68.5485 0.143612
81 84.9893 0.145449
82 80.5983 0.14338
83 95.1251 0.142272
84 102.587 0.142375
85 87.4604 0.144646
86 114.071 0.144146
87 88.1882 0.143701
88 97.4969 0.14257
89 61.8474 0.143685
90 77.6362 0.144437
91 90.1633 0.145704
92 92.1286 0.14554
93 67.3165 0.14393
94 78.6977 0.144637
95 98.1062 0.139104
