0 1.21603 0.213768
1 20.106 0.213095
2 -15.8833 0.212555
3 -5.442 0.210017
4 16.9271 0.215325
5 -1.68014 0.210587
6 -20.161 0.215809
7 28.6015 0.210284
9 1.03357 0.216293
10 -12.5048 0.208767
11 -2.88362 0.214772
12 -20.9195 0.212224
13 -27.1293 0.209296
14 6.77684 0.212091
15 -7.01962 0.212027
16 -18.814 0.218847
17 -22.8931 0.214789
18 -4.95904 0.214725
19 -1.88939 0.21413
20 -0.470009 0.213322
21 -16.292 0.214706
22 -24.3688 0.213227
23 0.778923 0.21442
24 -21.4334 0.215266
25 -20.3656 0.213465
26 -12.754 0.215599
27 21.184 0.213074
28 -48.9079 0.210959
29 -0.124884 0.215123
30 -9.68441 0.215326
31 -27.6153 0.208351
32 -12.971 0.214045
33 -39.3645 0.209567
34 -19.6169 0.210897
35 -57.6026 0.212052
36 -25.5927 0.21241
37 -50.6288 0.208331
38 6.12821 0.211584
39 -40.9604 0.21415
40 -21.7888 0.212632
41 -33.7659 0.210413
42 -47.9126 0.213623
43 -27.1665 0.21195
44 -46.8909 0.212328
45 -18.6275 0.211668
46 -58.887 0.21127
47 -37.8528 0.210591
48 -11.7032 0.216438
49 -17.9895 0.216522
50 -21.943 0.211896
51 -59.1397 0.211987
52 -46.9242 0.21251
53 -47.2932 0.208891
54 -25.5346 0.212649
55 -22.7347 0.211518
56 -49.3254 0.212464
57 -55.3832 0.212196
58 -49.1397 0.212663
59 -21.0697 0.211554
60 -22.1966 0.215109
61 -65.6452 0.212573
62 -14.0495 0.210292
63 -7.62654 0.208826
64 30.4837 0.212466
65 26.0597 0.208179
66 59.5166 0.211124
67 63.9995 0.207756
68 58.0662 0.208364
69 58.0739 0.211608
70 37.9263 0.213707
71 67.8031 0.209222
72 14.3813 0.211322
73 58.5686 0.209974
74 31.0716 0.211424
75 37.8222 0.206932
76 57.7832 0.209971
77 66.0394 0.206791
78 43.8892 0.206716
79 22.0177 0.213448
80 48.9466 0.211945
81 66.8078 0.21072
82 69.2817 0.208196
83 50.2326 0.210065
84 34.8807 0.213175
85 23.9677 0.208917
86 56.5742 0.204864
87 37.311 0.208639
88 24.3964 0.214569
89 43.8567 0.208405
90 31.0193 0.209783
91 38.0784 0.209492
92 27.1501 0.209824
93 51.4274 0.20828
94 50.5853 0.212278
95 35.8563 0.210611
