0 -10.1045 0.14556
1 9.48925 0.146796
2 -0.65493 0.144623
3 -5.94969 0.14638
4 8.16489 0.145972
5 -3.06142 0.145744
6 -5.90345 0.146251
7 10.2619 0.143354
8 -16.9251 0.143544
9 -8.50313 0.143757
10 -19.3665 0.148602
11 19.2703 0.143284
12 6.72837 0.147129
13 -4.00467 0.145069
14 -4.57246 0.145715
15 -17.3747 0.145377
16 -9.82957 0.145528
17 31.7007 0.14566
18 -15.3524 0.14552
19 1.08674 0.144974
20 -11.4672 0.144104
21 12.4804 0.14439
22 -23.0885 0.147595
23 -6.72376 0.144374
24 -7.4826 0.146125
25 22.6584 0.144911
26 -8.30863 0.145009
27 -20.214 0.145502
28 -20.5852 0.1465
29 11.9662 0.145068
30 -12.4713 0.141779
31 -23.07 0.139917
32 61.159 0.144977
33 79.7026 0.144299
34 61.0255 0.143448
35 89.5817 0.145296
36 79.5565 0.142525
37 89.8707 0.142648
38 68.1804 0.144122
39 90.6676 0.141981
40 73.2276 0.142904
41 89.442 0.142532
42 81.9999 0.144128
43 67.8912 0.145266
44 56.9087 0.145482
45 72.2032 0.145103
46 114.815 0.145359
47 65.1048 0.144419
48 91.7478 0.145928
49 68.449 0.144027
50 66.4607 0.146394
51 70.618 0.144216
52 63.3417 0.145487
53 77.9426 0.144745
54 47.6741 0.144593
55 56.9693 0.142516
56 85.09 0.145061
57 82.5072 0.143608
58 46.4313 0.145315
59 72.1683 0.144561
60 47.1569 0.145134
61 34.9341 0.1418
62 76.1164 0.146102
63 55.6864 0.137492
64 -7.63755 0.151097
65 -8.839 0.151226
66 -0.681911 0.149849
67 29.9785 0.150343
68 23.1868 0.151625
69 7.25886 0.147937
70 -5.56679 0.151463
71 -1.68153 0.152276
72 9.14041 0.151231
73 3.60232 0.149977
74 8.76624 0.14846
75 8.04571 0.150112
76 30.2032 0.15365
77 20.6313 0.146809
78 25.6083 0.149889
79 6.62839 0.149402
80 -31.1382 0.150388
81 10.6667 0.1495
82 10.776 0.151691
83 -5.57934 0.150064
84 -20.8614 0.151074
85 6.98392 0.149237
86 -8.78312 0.148327
87 14.8283 0.150064
88 -12.8192 0.148798
89 -7.43031 0.14705
90 -0.760036 0.149992
91 -8.07114 0.150026
92 -1.65377 0.149449
93 5.85091 0.150234
94 -2.14871 0.14998
95 4.45042 0.145157
