0 -5.09545 0.171912
1 -19.7056 0.1693
2 -7.24971 0.169527
3 -22.4122 0.168243
4 -40.7213 0.172296
5 -27.4588 0.169351
6 -25.7139 0.170098
7 -13.6476 0.171525
8 6.39947 0.171716
9 -15.3358 0.171098
10 -15.7089 0.173088
11 3.45112 0.170572
12 5.4384 0.169498
13 -0.365731 0.168337
14 -20.696 0.168716
15 -12.7187 0.169873
16 -1.59371 0.170033
17 -23.0075 0.169201
18 -25.8898 0.172964
19 -19.0604 0.173392
20 -28.0681 0.169115
21 8.12025 0.165934
22 -27.2253 0.169836
23 -24.5744 0.170866
24 -45.6965 0.170941
25 -3.28359 0.166524
26 -19.713 0.171589
27 -23.0418 0.169131
28 -19.9772 0.171178
29 -24.2686 0.169101
30 -51.1006 0.170905
31 -15.0487 0.172542
32 49.0467 0.168456
33 21.7193 0.165923
34 16.2885 0.165522
35 16.6431 0.164291
36 2.21456 0.167884
37 20.6145 0.165583
38 22.2659 0.165137
39 0.25481 0.165141
40 35.8182 0.16916
41 26.8692 0.167162
42 30.7704 0.16918
43 14.2419 0.167798
44 -18.802 0.165608
45 23.3121 0.166336
46 4.12733 0.162777
47 19.1934 0.164236
48 -14.2071 0.167573
49 26.7754 0.163666
50 -0.264858 0.16707
51 19.8321 0.164228
52 0.871393 0.163403
53 11.1221 0.165257
54 26.6201 0.163924
55 14.7848 0.164927
56 8.27059 0.16548
57 2.46133 0.165248
58 1.52698 0.164219
59 17.0359 0.165274
60 3.64828 0.165015
61 -18.3528 0.163173
62 -7.52956 0.167511
63 6.28214 0.165497
64 -53.4321 0.168172
65 -13.6535 0.169633
66 -22.4532 0.170119
67 -38.4011 0.170586
68 -25.4949 0.172722
69 -35.24 0.171606
70 -16.0871 0.167663
71 -27.3297 0.172359
72 -33.4703 0.173322
73 -36.4392 0.170805
74 -27.3432 0.172134
75 -12.0829 0.169957
76 -61.8864 0.170223
77 -27.1114 0.169879
78 -31.7401 0.171049
79 -55.7054 0.172947
80 -46.9015 0.170486
81 -33.354 0.169979
82 -40.0954 0.172662
83 -43.7986 0.169837
84 -65.0302 0.171539
85 -31.449 0.1691
86 -37.6535 0.169162
87 -35.1734 0.171578
88 -51.4116 0.171764
89 -4.4392 0.169084
90 -21.917 0.173846
91 -68.6989 0.173726
92 -59.6658 0.170242
93 -29.5021 0.169813
94 -43.7758 0.17125
95 -47.5889 0.172327
