0 -11.4603 0.212994
1 12.2166 0.211403
2 17.6902 0.206494
3 -11.3284 0.210263
4 -5.05804 0.209956
5 -18.9689 0.212793
6 -4.02847 0.214117
7 16.4072 0.211092
8 25.4431 0.211722
9 13.988 0.211097
10 8.03017 0.210687
11 9.28906 0.207159
12 2.50228 0.215662
13 -15.0623 0.209809
14 -13.1718 0.213104
15 -4.84265 0.211272
16 -1.30232 0.21461
17 -31.3938 0.213832
18 -2.13601 0.210738
19 3.12569 0.213126
20 9.04892 0.214643
21 -5.2858 0.210464
22 -16.8132 0.215278
23 -1.4441 0.211541
24 4.28853 0.212596
25 -12.6853 0.213683
26 12.8089 0.210334
27 -27.9501 0.213525
28 10.0508 0.216498
29 -43.1496 0.21298
30 19.7714 0.212156
31 -49.286 0.209861
32 4.18611 0.215297
33 27.8248 0.214554
34 3.80881 0.211296
35 14.2252 0.214162
36 13.7588 0.218431
37 3.566 0.21423
38 7.47505 0.214446
39 1.63398 0.210749
40 14.3479 0.215872
41 -1.44155 0.212126
42 19.8249 0.2135
43 -4.87495 0.213051
44 2.11901 0.213008
45 20.9376 0.211768
46 12.6346 0.212654
47 -1.68389 0.211936
48 15.2531 0.215064
49 30.4089 0.218202
50 19.6751 0.216863
51 -4.78298 0.214105
52 -11.7804 0.214923
53 -3.31355 0.213037
54 9.5518 0.212911
55 -2.96021 0.215044
56 -7.7608 0.211105
57 -23.5668 0.211743
58 -5.85966 0.215489
59 13.1349 0.213733
60 19.9878 0.210695
61 -7.3669 0.217782
62 -4.42974 0.213992
63 -18.2567 0.21435
64 58.6939 0.20614
65 49.0515 0.204732
66 58.384 0.201522
67 72.7126 0.202209
68 106.762 0.204145
69 54.1737 0.205356
70 56.8018 0.205648
71 59.0828 0.206083
72 57.3302 0.204134
73 53.2391 0.203231
74 38.6032 0.205196
75 44.3715 0.205579
76 70.4805 0.205764
77 32.8886 0.202533
78 35.6169 0.205844
79 46.1574 0.202456
80 34.1885 0.211019
81 55.0198 0.205554
82 51.8065 0.204255
83 56.6662 0.203144
84 73.4368 0.207261
85 44.043 0.20309
86 61.5104 0.203
87 39.8931 0.203303
88 17.1039 0.206297
89 56.5481 0.206272
90 63.2077 0.208965
91 61.9677 0.206906
92 58.0327 0.20431
93 47.9413 0.206577
94 70.6906 0.205881
95 44.181 0.20497
