0 50.6772 0.14553
1 48.935 0.142781
2 63.747 0.143546
3 31.5262 0.142519
4 53.973 0.144561
5 44.5796 0.145867
6 46.1019 0.142973
7 46.0522 0.143741
8 48.6412 0.142932
9 37.8702 0.14406
10 55.5602 0.143055
11 48.2156 0.144267
12 46.0178 0.142746
13 48.1153 0.143758
14 61.5288 0.146031
15 19.7624 0.145304
16 18.1753 0.144351
17 55.5974 0.144434
18 67.7047 0.143364
19 33.6288 0.142287
20 46.7635 0.140484
21 26.8423 0.142232
22 53.1344 0.145016
23 11.5933 0.1418
24 63.6359 0.14682
25 38.7901 0.143258
26 43.7552 0.142775
27 32.9901 0.143297
28 44.2492 0.143269
29 30.6484 0.143695
30 58.1139 0.144138
31 0.692751 0.140195
32 137.399 0.141483
33 99.3369 0.143428
34 102.059 0.14237
35 116.854 0.138449
36 134.848 0.141982
37 134.23 0.139158
38 127.612 0.140681
39 105.827 0.14031
40 120.717 0.142306
41 136.131 0.139378
42 118.813 0.140277
43 117.879 0.14072
44 108.027 0.141581
45 106.164 0.139872
46 112.345 0.138929
47 112.207 0.142092
48 103.422 0.139074
49 131.145 0.138823
50 82.8122 0.139934
51 109.742 0.14044
52 117.857 0.1384
53 147.548 0.116565
54 90.6257 0.135852
55 117.229 0.139752
56 121.608 0.141766
57 130.268 0.139954
58 128.697 0.138478
59 122.456 0.133605
60 115.394 0.14111
61 118.184 0.140951
62 89.8671 0.139723
63 120.228 0.136545
64 35.424 0.14884
65 23.5077 0.148795
66 12.2091 0.147709
67 15.8747 0.148033
68 13.5303 0.148499
69 30.2223 0.1497
70 -10.9599 0.149112
71 51.039 0.148043
72 -16.4844 0.149713
73 49.4324 0.149484
74 12.4168 0.148693
75 8.20239 0.148309
76 21.566 0.147213
77 11.4013 0.147688
78 7.10791 0.150871
79 18.5066 0.146834
80 45.4641 0.148725
81 14.4099 0.147603
82 11.7311 0.151837
83 45.329 0.150275
84 53.6917 0.149885
85 -1.38225 0.148577
86 20.1491 0.150119
87 -1.31821 0.149045
88 10.796 0.150231
89 -16.4861 0.147576
90 -1.98549 0.146408
91 7.13909 0.146193
92 -14.2708 0.148481
93 19.6407 0.150959
94 -4.55703 0.149407
95 16.9727 0.147306
