0 -68.0261 0.221699
1 -21.0504 0.222446
2 -38.7659 0.228472
3 -46.6507 0.21979
4 -27.1228 0.226927
5 -51.2771 0.227003
6 -38.9441 0.224759
7 -28.1711 0.222159
8 -51.3638 0.226779
9 -13.7672 0.229301
10 -27.0153 0.230059
11 -38.0552 0.221308
12 -33.6002 0.224012
13 -8.38652 0.223482
14 -29.2496 0.227207
15 -29.0915 0.225476
16 -11.2585 0.227435
17 -21.5824 0.22712
18 -84.2147 0.226758
19 -57.2831 0.227659
20 -22.4637 0.227879
21 -69.5536 0.225795
22 -55.6958 0.224778
23 -31.1846 0.227963
24 -81.7762 0.226046
25 -57.0753 0.226125
26 -30.2784 0.231275
27 -28.2914 0.224604
28 -47.2544 0.223088
29 -53.6329 0.22736
30 -35.038 0.225319
31 -47.4017 0.225582
32 -70.9666 0.221665
33 -107.385 0.215931
34 -79.138 0.214412
35 -68.7436 0.216326
36 -81.9175 0.219809
37 -79.5635 0.219806
38 -83.5574 0.218729
39 -62.0638 0.217118
40 -92.1266 0.217716
41 -84.4993 0.219077
42 -85.5339 0.21364
43 -70.4 0.21936
44 -74.3114 0.220676
45 -76.8306 0.2177
46 -78.1618 0.220826
47 -87.6108 0.21469
48 -65.8226 0.220624
49 -87.9834 0.217939
50 -47.6184 0.221701
51 -46.4546 0.218727
52 -58.785 0.221064
53 -77.5254 0.215434
54 -64.6055 0.219496
55 -63.448 0.220846
56 -65.6443 0.218143
57 -84.9161 0.216485
58 -92.1356 0.218195
59 -83.3735 0.218683
60 -76.1178 0.221037
61 -79.316 0.220368
62 -77.597 0.219647
63 -90.6426 0.214238
64 58.6967 0.205596
65 59.5151 0.200952
66 67.7131 0.197955
67 60.5109 0.201105
68 31.5725 0.200927
69 74.2468 0.200051
70 60.7589 0.200374
71 70.0357 0.200695
72 61.6709 0.203916
73 59.1442 0.2032
74 56.5617 0.199209
75 42.9042 0.201205
76 51.7374 0.200917
77 42.782 0.200279
78 60.4917 0.203957
79 65.4642 0.199241
80 59.3558 0.204197
81 28.0536 0.201145
82 61.9722 0.201992
83 79.4858 0.202808
85 56.0257 0.201196
86 65.5216 0.200781
87 43.2729 0.200917
88 50.5661 0.202306
89 44.1636 0.20326
90 47.2089 0.201311
91 58.6355 0.200897
92 32.3627 0.202938
93 34.1716 0.200963
94 61.7532 0.203894
95 69.8265 0.198543
