0 53.9038 0.150339
1 27.3642 0.148765
2 36.5168 0.148468
3 49.2858 0.150439
4 20.0259 0.148092
5 31.1269 0.147684
6 81.5424 0.148808
7 60.8247 0.148554
8 45.6729 0.143712
9 49.1357 0.146904
10 55.2035 0.149663
11 45.6644 0.1471
12 40.3229 0.149738
13 29.3947 0.147009
14 63.932 0.14834
15 41.987 0.148482
16 31.5584 0.148825
17 16.8399 0.147781
18 27.3102 0.146025
19 77.2703 0.148425
20 46.4411 0.149686
21 47.8393 0.147402
22 26.4987 0.15014
23 43.1268 0.148123
24 38.0924 0.148514
25 28.2429 0.146326
26 17.6333 0.147532
27 47.1866 0.145124
28 32.9781 0.146419
29 34.4005 0.146605
30 27.7501 0.147588
31 51.7418 0.148992
32 -42.1915 0.152783
33 -30.5204 0.151025
34 -29.9162 0.152278
35 -16.6679 0.150313
36 -25.3082 0.151474
37 -41.3829 0.154248
38 -26.5921 0.149326
39 -16.034 0.153367
40 -23.0466 0.153329
41 -20.4685 0.150037
42 -13.1836 0.151087
43 -17.121 0.151501
44 -2.42552 0.152903
45 -12.6172 0.151835
46 -4.72831 0.152703
47 -26.6685 0.151477
48 -28.8098 0.153149
49 -27.7289 0.151098
50 -18.7115 0.153811
51 -34.4635 0.150994
52 -37.8522 0.150793
53 10.5733 0.151454
54 -17.8035 0.152093
55 -45.1512 0.151527
56 -28.2908 0.149967
57 4.50511 0.150909
58 -18.5697 0.149388
59 -29.0969 0.151284
60 -0.832749 0.152902
61 -15.3575 0.150794
62 -31.7 0.153591
63 -26.1852 0.148486
64 33.6955 0.148532
65 26.3561 0.149759
66 64.8494 0.148237
67 22.9969 0.146504
68 56.6183 0.149802
69 43.348 0.14775
70 48.0765 0.148416
71 30.9179 0.145978
72 30.0463 0.151103
73 28.921 0.147568
74 41.9195 0.151837
75 24.4457 0.147837
76 37.7789 0.148066
77 18.3157 0.149804
78 18.2203 0.148136
79 45.2859 0.147936
80 48.0035 0.149089
81 27.2161 0.147836
83 62.4854 0.149609
84 22.6675 0.147799
85 8.99191 0.149887
86 17.8763 0.146825
87 30.0842 0.147662
88 39.2393 0.150855
89 49.5474 0.148683
90 44.6774 0.147773
91 26.9905 0.146304
92 9.86144 0.148561
93 23.8316 0.148833
94 22.6487 0.147669
95 22.2438 0.145645
