0 -31.3927 0.154074
1 -34.7505 0.151713
2 -24.3547 0.150169
3 -49.3064 0.151443
4 -19.4016 0.151274
5 -14.5703 0.15318
6 -14.2058 0.151964
7 -47.3578 0.150482
8 -19.1438 0.153203
9 -14.6108 0.149395
10 0.504142 0.151344
11 -16.08 0.150113
12 -23.8252 0.152787
13 -10.2479 0.149787
14 -30.1351 0.150978
15 -31.9581 0.149053
16 -34.2091 0.153007
17 -19.0263 0.150242
18 -36.3771 0.153242
19 -26.8883 0.150558
20 -45.0493 0.151183
21 -38.5704 0.150172
22 -37.2904 0.150635
23 -40.3915 0.151282
24 -50.7859 0.151814
25 -42.1955 0.150142
26 -11.7176 0.152661
27 -25.5358 0.151381
28 -16.5303 0.150638
29 -35.0039 0.151595
30 -47.6172 0.150277
31 -27.0528 0.151685
32 -15.8835 0.150355
33 -33.0762 0.142985
34 -10.8002 0.147737
35 -21.7779 0.14886
36 -3.12389 0.148794
37 -27.9036 0.146644
38 13.2115 0.14876
39 -11.4559 0.147553
40 -3.09336 0.147922
41 -25.732 0.145822
42 -25.8719 0.148277
43 -18.5923 0.146604
44 -36.761 0.149524
45 -21.7428 0.147185
46 -33.8343 0.148123
47 -0.719521 0.148186
48 -15.8309 0.148325
49 3.25736 0.148979
50 -40.3533 0.149301
51 -17.0635 0.147224
52 -10.1482 0.147117
53 -43.9247 0.150177
54 -25.3953 0.148075
55 -42.1398 0.147806
56 -29.2317 0.151401
57 -7.46673 0.147425
58 -14.5287 0.150724
59 -33.3789 0.146914
60 -9.42723 0.147972
61 -3.07112 0.147192
62 -29.8429 0.147547
63 -23.663 0.144967
64 8.34393 0.151702
65 20.6146 0.150218
66 25.325 0.147292
67 17.349 0.149392
68 28.1188 0.150987
69 43.0437 0.148809
70 10.4646 0.150172
71 35.116 0.14899
72 22.7725 0.150759
73 10.1359 0.147623
74 13.6579 0.152805
75 31.6202 0.150666
76 29.1696 0.15152
77 9.35281 0.148503
78 51.0038 0.150858
79 24.7474 0.148632
80 33.128 0.153049
81 23.2879 0.150626
82 52.9985 0.152047
83 35.0966 0.152252
84 13.696 0.152865
85 8.53299 0.150135
86 4.44303 0.149417
87 54.621 0.150003
88 20.0209 0.148727
89 11.0181 0.151129
90 22.1525 0.151495
91 20.7625 0.152783
92 10.3615 0.150077
93 23.7404 0.151684
94 17.4392 0.149268
95 23.7146 0.146054
