0 -93.8247 0.15217
1 -75.1502 0.149992
2 -74.6732 0.151151
3 -80.6452 0.152107
4 -68.5295 0.150326
5 -87.337 0.152348
6 -85.0615 0.153774
7 -69.7874 0.152383
8 -87.618 0.153632
9 -77.7475 0.151324
10 -57.8551 0.155015
11 -73.8831 0.151363
12 -74.0337 0.152403
13 -85.8114 0.150638
14 -90.2816 0.152628
15 -61.4544 0.152245
16 -83.2774 0.154531
17 -89.6831 0.151939
18 -99.4103 0.154174
19 -78.7083 0.152606
20 -72.4757 0.151064
21 -107.362 0.147212
22 -83.9906 0.155789
23 -88.4725 0.15195
24 -80.0154 0.151754
25 -89.2685 0.151007
26 -58.1819 0.151531
27 -76.2947 0.150861
28 -78.5634 0.15441
29 -62.957 0.153169
30 -74.4242 0.153638
31 -95.3106 0.147403
32 32.0988 0.149936
33 33.0191 0.150368
34 4.525 0.151193
35 12.5019 0.149943
36 31.2361 0.151276
37 15.096 0.151138
38 49.9692 0.149644
39 16.6059 0.149893
40 22.4538 0.152383
41 24.8038 0.149
42 43.4758 0.150581
43 30.7943 0.148989
44 29.6374 0.153024
45 22.2226 0.151021
46 30.154 0.150671
47 12.7617 0.153271
48 33.4076 0.15128
49 18.3336 0.150709
50 26.012 0.153606
51 42.0222 0.150279
52 12.2191 0.152697
53 29.9888 0.15264
54 35.5734 0.150538
55 43.9139 0.152304
56 15.0561 0.152707
57 8.18633 0.149945
58 15.6639 0.150863
59 -4.72019 0.149554
60 3.28493 0.151264
61 16.582 0.148013
62 18.6104 0.149481
63 33.4347 0.144218
64 8.83098 0.152281
65 16.4705 0.149153
66 9.04268 0.147333
67 11.0009 0.148181
68 41.9807 0.151671
69 6.48537 0.151179
70 -6.8441 0.150566
71 30.4338 0.15255
72 -16.442 0.150262
73 4.66764 0.151347
74 8.78476 0.147976
75 13.8944 0.151982
76 36.5757 0.150409
77 3.60162 0.149298
78 5.47953 0.149245
79 -14.1955 0.151561
80 12.3629 0.149872
81 -5.37043 0.152715
82 23.0865 0.150108
83 6.19264 0.151729
84 -1.48088 0.148671
85 23.5417 0.149076
86 26.4183 0.152608
87 -12.3181 0.149606
88 14.8004 0.151874
89 5.14087 0.151756
90 3.30718 0.150149
91 -5.05467 0.150166
92 -5.9565 0.150028
93 2.66284 0.151522
94 -2.18053 0.151523
95 -2.26225 0.143894
