0 51.8553 0.14861
1 43.5352 0.144098
2 22.3829 0.143448
3 50.9612 0.146084
4 61.3915 0.148096
5 47.4721 0.145958
6 40.8928 0.147468
7 41.8467 0.145373
8 35.4318 0.146495
9 36.1387 0.143236
10 14.3774 0.146909
11 36.3921 0.144666
12 39.2918 0.147778
13 66.7012 0.147478
14 31.5704 0.146328
15 44.1129 0.145571
16 66.5772 0.147267
17 51.0467 0.147393
18 39.6171 0.149161
19 67.1271 0.147033
20 43.8166 0.148633
21 81.828 0.148892
22 48.0353 0.148657
23 55.5075 0.147543
24 31.8042 0.149221
25 44.8352 0.14954
26 17.6597 0.147773
27 27.1819 0.145391
28 33.9306 0.14808
29 24.1388 0.14841
30 24.2344 0.150193
31 71.8055 0.144239
32 -26.2167 0.152156
33 -2.19661 0.150486
34 11.7496 0.147849
35 -32.7969 0.151338
36 -10.7932 0.151788
37 -9.9133 0.152442
38 -0.177081 0.152675
39 -8.29238 0.150479
40 -39.5672 0.154906
41 -4.40456 0.152531
42 -45.4725 0.149941
43 -11.3892 0.150346
44 -39.8418 0.148594
45 -20.7823 0.149398
46 -19.0827 0.154121
47 -3.89686 0.151018
48 -20.6597 0.152747
49 9.64138 0.151284
50 11.2592 0.151503
51 -16.8011 0.153282
52 -5.73206 0.152144
53 -26.1076 0.152408
54 7.72933 0.155107
55 -14.1816 0.153429
56 -14.4459 0.153973
57 -24.0552 0.152835
58 -15.8558 0.148762
59 2.48457 0.150652
60 -0.329058 0.149907
61 -39.3925 0.152783
62 -5.43305 0.153542
63 -11.0273 0.149627
64 75.3507 0.145249
65 78.8571 0.143214
66 49.5176 0.144066
67 69.6986 0.142105
68 89.0705 0.145736
69 57.9324 0.14582
70 82.4512 0.146495
71 79.2908 0.145897
72 65.6728 0.145387
73 73.0216 0.144143
74 100.812 0.145902
75 68.2153 0.146428
76 73.9189 0.145303
77 71.6902 0.14651
78 64.0727 0.143287
79 70.6084 0.14628
80 72.9429 0.145572
81 92.4286 0.144737
82 66.5305 0.145625
83 39.7031 0.147425
84 40.2407 0.146085
85 88.5873 0.14353
86 58.3294 0.144452
87 70.7866 0.144276
88 37.4025 0.144384
89 62.5699 0.147283
90 47.8454 0.145163
91 57.2218 0.14761
92 47.2401 0.146315
93 44.504 0.144771
94 66.2779 0.14564
95 79.7232 0.141933
