0 -39.7734 0.150821
1 -29.6243 0.147962
2 -27.8362 0.149954
3 -56.1674 0.150837
4 -65.6004 0.152769
5 -30.7141 0.150222
6 -28.7751 0.150584
7 -56.1679 0.149198
8 -3.00629 0.153536
9 -10.8555 0.148188
10 -69.7601 0.153495
11 -46.696 0.15139
12 -42.3809 0.150808
13 -17.8367 0.150412
14 -20.9534 0.149902
15 -68.5665 0.152286
16 -42.2865 0.152244
17 -34.8962 0.149458
18 -40.5087 0.151708
19 -16.9135 0.152404
20 -29.9328 0.151176
21 -38.7006 0.14974
22 -51.7309 0.149054
23 -26.2522 0.149287
24 -50.8121 0.152325
25 -48.821 0.149921
26 -62.5875 0.151973
27 -18.0264 0.150532
28 -43.9308 0.15106
29 -59.109 0.151977
30 -17.0396 0.152129
31 -67.7666 0.150562
32 -16.4846 0.149797
33 -4.25842 0.148099
34 -36.6789 0.14831
35 -15.0509 0.149853
36 -21.3131 0.147367
37 -21.3341 0.148954
38 -17.9939 0.148956
39 -24.6394 0.146785
40 -13.8432 0.14777
41 -20.5409 0.147942
42 3.60806 0.146608
43 -18.8206 0.147603
44 8.27563 0.148947
45 -16.3159 0.149717
46 -18.2408 0.149837
47 -18.7586 0.149328
48 -16.5711 0.146781
49 -10.3328 0.148576
50 -45.2155 0.146248
51 -5.24152 0.148524
52 -17.9215 0.152397
53 0.158949 0.148267
54 -3.1932 0.14895
55 -28.5003 0.148388
56 2.01138 0.148744
57 -28.6102 0.149119
58 -29.6917 0.147009
59 -36.4234 0.148375
60 -19.6476 0.14847
61 -22.1763 0.147578
62 -3.21954 0.149765
63 -10.9506 0.144368
64 18.8811 0.151091
65 33.3163 0.150006
66 34.4191 0.151163
67 14.8851 0.148994
68 36.9491 0.15013
69 56.1271 0.150349
70 47.5587 0.148275
71 25.2936 0.150334
72 13.0503 0.147397
73 33.1778 0.150537
74 51.2708 0.149173
75 33.6099 0.147628
76 25.9501 0.148194
77 31.6257 0.148329
78 33.3231 0.148942
79 52.3389 0.148257
80 31.477 0.147587
81 36.4717 0.150718
82 26.7491 0.148619
83 52.5602 0.149838
84 42.7137 0.150904
85 18.4361 0.148329
86 52.1825 0.150151
87 25.294 0.147101
88 28.0259 0.14933
89 35.6131 0.148242
90 28.4971 0.148937
91 42.7868 0.15011
92 32.3998 0.151064
93 41.2076 0.149959
94 32.4726 0.148582
95 -5.90408 0.144513
