0 21.9155 -5.85286 0.598431 -0.0223685 0.000311242
1 25.8246 -5.74436 0.533422 -0.0183223 0.000236353
2 23.3144 -6.09381 0.580832 -0.0204583 0.000270567
3 16.8401 -4.6628 0.482411 -0.0176597 0.000242017
4 23.8775 -5.843 0.574408 -0.0207822 0.000280418
5 19.2958 -4.79566 0.449156 -0.0147482 0.000182994
6 18.2633 -4.69841 0.443884 -0.0147125 0.000185098
7 27.6751 -6.3036 0.593913 -0.02107 0.000280702
8 21.4894 -5.27875 0.51345 -0.0179963 0.000236368
9 22.3354 -5.63595 0.563386 -0.0205301 0.000279692
10 21.3602 -5.61803 0.542176 -0.0190562 0.000250704
11 22.0026 -5.76311 0.56527 -0.0201631 0.000268913
12 30.0609 -7.66463 0.706928 -0.0245299 0.000314281
13 32.2014 -7.87522 0.695804 -0.0234295 0.000294459
14 22.6566 -5.45728 0.530183 -0.0187714 0.000248751
15 19.0285 -4.8779 0.467583 -0.0158009 0.000199699
16 41.104 -9.98911 0.878189 -0.0297612 0.000372263
17 8.74817 -2.98927 0.338759 -0.012235 0.000168066
18 26.828 -7.15252 0.703326 -0.0258661 0.000350944
19 22.4285 -5.83205 0.560054 -0.0194598 0.000250985
20 24.3517 -6.60611 0.668828 -0.0251211 0.00034635
21 20.1751 -5.25338 0.5027 -0.0172005 0.000219494
22 17.1371 -4.69205 0.461518 -0.0160351 0.000210255
23 21.1809 -5.43979 0.53041 -0.0186509 0.000243912
24 6.31755 -2.37778 0.288948 -0.0105893 0.00014892
25 9.79877 -2.98095 0.319409 -0.0109571 0.00014345
26 0.914318 -1.30512 0.219757 -0.00868078 0.000129229
27 28.271 -6.44126 0.604648 -0.0213115 0.000279897
28 167.229 -35.0168 2.6629 -0.0844206 0.000976645
29 21.458 -5.29387 0.518857 -0.0183495 0.00024147
30 26.1061 -6.76245 0.643233 -0.0226193 0.000294287
31 -0.60488 -1.02446 0.18524 -0.00707363 0.000103935
32 13.7843 -3.86343 0.407256 -0.0146306 0.000198808
33 21.9981 -5.87319 0.54987 -0.0188671 0.000244433
34 1.02035 -1.33416 0.214619 -0.0083333 0.000124422
35 93.175 -19.0775 1.42142 -0.0436146 0.000500185
36 148.976 -31.0288 2.33858 -0.0725149 0.000813887
37 6.17539 -2.63019 0.296153 -0.0103538 0.000140358
38 10.0229 -2.84925 0.319658 -0.0113613 0.000152992
39 12.0746 -3.56412 0.359288 -0.0121497 0.000158643
40 3.10868 -1.56349 0.220509 -0.00828307 0.000123784
41 -1.81632 -1.00275 0.187972 -0.00728656 0.000107859
42 45.3624 -10.4242 0.86593 -0.0283461 0.000348685
43 46.1921 -10.5928 0.888002 -0.029215 0.00035841
44 39.0629 -9.15835 0.769697 -0.025007 0.000303661
45 17.8759 -4.85454 0.48085 -0.0169694 0.000225482
46 28.3104 -6.96841 0.605412 -0.0199817 0.000250977
47 -9.6423 0.97567 0.0181518 -0.00127848 3.23019e-05
48 8.24746 -2.67286 0.31629 -0.0117647 0.000166408
49 15.1657 -4.34813 0.452432 -0.0163274 0.000221023
50 1.7666 -1.34178 0.200895 -0.00732126 0.000102729
51 54.2794 -12.0001 0.961472 -0.0307699 0.000368386
52 6.40944 -2.23425 0.248602 -0.00835916 0.00011215
53 24.6314 -6.27455 0.569549 -0.0193921 0.000250679
54 24.6037 -6.45695 0.61126 -0.0214384 0.000280671
55 -6.33756 0.163434 0.102809 -0.00483351 8.42679e-05
56 17.3388 -4.54614 0.417645 -0.0135515 0.0001683
57 53.6943 -11.9015 0.951964 -0.0302013 0.000358109
58 26.0192 -6.4907 0.567261 -0.0184479 0.000227215
59 90.7778 -19.4065 1.50413 -0.0470933 0.000537913
60 10.2619 -3.32911 0.366402 -0.0132601 0.000181891
61 124.744 -25.5079 1.88733 -0.0578268 0.000652068
62 17.4534 -4.78626 0.483659 -0.0172649 0.000230389
63 20.2593 -5.34486 0.534861 -0.0191337 0.000251627
64 31.0844 -6.60947 0.602913 -0.0208959 0.000270226
65 31.6752 -6.75273 0.624957 -0.0223045 0.000298289
66 43.4913 -8.70503 0.770987 -0.027242 0.000361346
67 45.739 -8.68035 0.728713 -0.0243544 0.000305678
68 41.5632 -8.07894 0.691956 -0.0234133 0.000297889
69 40.2884 -7.77835 0.656366 -0.0217031 0.000270034
70 36.5317 -7.6149 0.677742 -0.023447 0.000304321
71 50.8808 -9.59152 0.789916 -0.025987 0.000320172
72 27.0005 -5.79629 0.528959 -0.0179773 0.000230008
73 44.6616 -8.48356 0.712072 -0.023775 0.000298769
74 32.5562 -6.814 0.616048 -0.02147 0.000282559
75 38.1216 -7.68349 0.669265 -0.022851 0.000293256
76 44.7197 -8.83472 0.760994 -0.0261017 0.000334886
77 49.8473 -9.57055 0.799247 -0.026868 0.000337542
78 39.3254 -8.13258 0.720738 -0.0250796 0.00032528
79 34.589 -7.28635 0.651551 -0.0224488 0.000290511
80 44.9139 -8.78437 0.750586 -0.0255859 0.000327965
81 49.2662 -9.16341 0.74735 -0.0243219 0.000297105
82 52.3012 -10.4123 0.902094 -0.0317163 0.000414929
83 41.8145 -7.9687 0.666126 -0.0218909 0.000271086
84 41.3898 -8.2892 0.713102 -0.024151 0.000305714
85 34.5232 -7.3995 0.670194 -0.0233969 0.000304134
86 43.4021 -8.31132 0.719742 -0.0248512 0.000320305
87 39.4262 -7.94212 0.689003 -0.0233814 0.000296714
88 37.9436 -8.08169 0.723486 -0.0251347 0.000324636
89 44.4148 -9.07646 0.797122 -0.0277528 0.00036028
90 38.7963 -7.88514 0.67759 -0.0226133 0.000281931
91 43.0765 -8.81812 0.772024 -0.0268639 0.000350084
92 37.0979 -7.86032 0.705263 -0.024698 0.000322291
93 47.0884 -9.02615 0.749476 -0.0246505 0.00030294
94 50.0511 -10.0745 0.879417 -0.0309756 0.000408873
95 46.2422 -9.65257 0.865405 -0.0311672 0.000418373
