0 19.1672 -4.16668 0.37157 -0.012354 0.000158999
1 23.6879 -5.8454 0.547607 -0.019992 0.000276208
2 20.4115 -4.60067 0.429377 -0.0155615 0.000221737
3 20.1125 -4.78432 0.435802 -0.0149875 0.000198047
4 77.6465 -17.5606 1.4516 -0.0499265 0.000637508
5 40.337 -9.87363 0.883959 -0.0317798 0.000424225
6 54.9287 -13.3364 1.18342 -0.0429661 0.000577226
7 16.9397 -3.63516 0.315361 -0.01001 0.000126464
8 24.9593 -5.10847 0.44605 -0.0151381 0.000198893
9 16.9143 -3.46309 0.289133 -0.00853745 9.84848e-05
10 16.5637 -3.74347 0.339491 -0.0111801 0.000142502
11 22.1811 -4.59375 0.400947 -0.0133605 0.000172679
12 24.065 -4.69438 0.392136 -0.0126084 0.000157354
13 20.3322 -3.9003 0.318323 -0.00959055 0.000112141
14 19.6463 -4.5499 0.399869 -0.0129941 0.000159801
15 16.804 -3.72465 0.328664 -0.0105907 0.000133442
16 21.6813 -4.32076 0.361949 -0.0113849 0.000139335
17 17.0845 -3.79885 0.334678 -0.0107999 0.00013798
18 17.314 -3.8365 0.327899 -0.0100647 0.00011907
19 16.2947 -3.5618 0.309924 -0.00957055 0.000114248
20 21.5509 -5.02547 0.441068 -0.014629 0.00018489
21 26.5059 -4.96982 0.396767 -0.0120406 0.000139174
22 23.6098 -5.61911 0.497761 -0.0170177 0.000221956
23 15.7227 -3.22588 0.259655 -0.00704939 7.29777e-05
24 82.0427 -18.0245 1.45732 -0.0493302 0.000622105
25 21.8232 -4.31634 0.35749 -0.0110252 0.000131288
26 16.2104 -3.50429 0.300213 -0.009094 0.000106011
27 17.0223 -3.70226 0.315208 -0.00966649 0.000114347
28 16.4536 -3.49744 0.295128 -0.00885655 0.000103536
29 20.611 -4.88968 0.442305 -0.0151606 0.000198602
30 73.8072 -15.7635 1.24354 -0.0409925 0.000506118
31 18.0181 -3.63806 0.299556 -0.00882295 0.000101135
32 37.5243 -7.46837 0.648971 -0.0229728 0.000309285
33 27.2009 -5.54601 0.481423 -0.0162912 0.000210489
34 23.4862 -5.02339 0.453328 -0.0157526 0.000208679
35 23.5572 -4.74843 0.401749 -0.0128601 0.000157382
36 17.4787 -3.86128 0.351559 -0.0118498 0.000154688
37 26.6062 -5.64519 0.51589 -0.0186433 0.000256283
38 27.6424 -5.62416 0.486752 -0.0166469 0.00021965
39 19.2756 -4.50128 0.422394 -0.0151128 0.000207865
40 34.7336 -6.73999 0.569514 -0.0193732 0.000250671
41 28.1393 -5.75499 0.502896 -0.0173593 0.000227811
42 30.2773 -6.1749 0.539968 -0.0187386 0.000247104
43 24.6796 -5.30447 0.481078 -0.0171314 0.000234224
44 61.2823 -14.0803 1.19377 -0.0417408 0.000541268
45 29.756 -5.78416 0.480011 -0.0156873 0.000195742
46 21.4221 -4.70788 0.431016 -0.0152479 0.000207875
47 26.5592 -5.28078 0.44484 -0.014572 0.000182164
48 20.9815 -4.97105 0.447126 -0.0152283 0.000197098
49 30.1218 -5.89801 0.498639 -0.0167433 0.000214601
50 18.3497 -4.17197 0.386054 -0.0134361 0.000179564
51 27.8821 -5.65079 0.489478 -0.0167745 0.000219324
52 20.0155 -4.18023 0.364301 -0.0119926 0.00015287
53 24.5112 -5.15031 0.454836 -0.0157458 0.000210832
54 29.5485 -5.85169 0.498176 -0.016869 0.000217256
55 24.8296 -5.1629 0.452366 -0.0154047 0.000199964
56 23.789 -4.62159 0.370682 -0.01099 0.000121046
57 22.7629 -4.73802 0.410099 -0.0136118 0.00017338
58 20.4274 -4.35952 0.384209 -0.0127319 0.00016078
59 25.9489 -5.3994 0.476205 -0.0164509 0.000216507
60 20.3239 -4.29072 0.377641 -0.0124322 0.000155443
61 33.3478 -8.31673 0.767341 -0.0282257 0.000385036
62 19.7875 -4.51152 0.41869 -0.0150203 0.000208624
63 22.9734 -5.12268 0.465957 -0.0164151 0.000219188
64 47.1277 -9.69565 0.713738 -0.0211537 0.000240316
65 33.0436 -8.22805 0.757417 -0.0276206 0.000374925
66 77.391 -17.7288 1.49079 -0.052087 0.000674683
67 78.365 -17.1193 1.3684 -0.0455014 0.000562894
68 73.5515 -16.9866 1.44316 -0.0509367 0.000667282
69 85.5815 -18.9542 1.5353 -0.0520392 0.000656551
70 21.2172 -5.06662 0.458199 -0.0155748 0.000201486
71 68.9972 -15.4336 1.27672 -0.0438531 0.000561222
72 76.514 -17.0656 1.39812 -0.0476292 0.000602742
73 68.9851 -15.1843 1.22945 -0.0413512 0.000520465
74 74.8639 -16.5643 1.35192 -0.0458804 0.000579368
75 20.2073 -4.70259 0.413565 -0.0135565 0.000169858
76 66.6237 -14.2114 1.09397 -0.0348005 0.000417773
77 60.0172 -13.5163 1.12107 -0.0382601 0.000486197
78 71.7478 -15.9549 1.31079 -0.0449246 0.00057537
79 68.9955 -14.6686 1.14287 -0.0371426 0.000455938
80 67.5948 -14.9599 1.20537 -0.0401604 0.00049825
81 72.6198 -16.1353 1.31828 -0.0448943 0.000571022
82 73.9422 -16.42 1.33318 -0.0450447 0.000566495
83 70.2323 -15.4444 1.24647 -0.0418337 0.000524801
84 77.245 -16.4919 1.27879 -0.0414792 0.000504826
85 62.0571 -14.753 1.27889 -0.0456096 0.000601287
86 72.5652 -16.4068 1.36215 -0.0470198 0.000603386
87 68.2341 -14.9915 1.21115 -0.0404286 0.000501825
88 69.1343 -15.0992 1.20896 -0.0403335 0.000504496
89 17.6943 -3.65585 0.30974 -0.00946161 0.00011482
90 14.5014 -2.9287 0.228849 -0.00559644 4.97329e-05
91 74.5968 -15.8618 1.22893 -0.0399169 0.000489471
92 55.4332 -11.4831 0.851674 -0.0255906 0.00029021
93 56.2822 -13.1201 1.1075 -0.0378717 0.000476232
94 72.5237 -15.8908 1.27487 -0.0424995 0.000527893
95 59.9633 -13.416 1.106 -0.0377472 0.000481892
