0 30.275 -6.54983 0.518853 -0.0165511 0.000197161
1 49.5893 -10.1505 0.757439 -0.0234347 0.00027073
2 36.0929 -7.70756 0.605808 -0.019333 0.000228721
3 53.1075 -10.7982 0.79846 -0.0245298 0.000280593
4 33.5446 -7.39387 0.593243 -0.0192262 0.000231349
5 36.5492 -7.7983 0.616672 -0.0198416 0.000236927
6 34.4001 -7.29395 0.562963 -0.0176639 0.000206779
7 29.462 -6.24127 0.486983 -0.0153068 0.000179962
8 34.8723 -7.54491 0.607104 -0.0197214 0.0002365
9 27.0775 -5.99642 0.49099 -0.0159842 0.00019257
10 31.0512 -6.78649 0.542211 -0.0174575 0.000209046
11 22.8085 -5.10888 0.43087 -0.0142467 0.000174364
12 33.1211 -7.12067 0.55251 -0.0173973 0.000204534
13 42.832 -8.74797 0.652272 -0.0200792 0.000232064
14 20.0101 -4.59925 0.402619 -0.0135874 0.000168608
15 37.7295 -7.86488 0.597537 -0.0185682 0.000215384
16 66.5324 -13.3517 0.977091 -0.0298805 0.000338971
17 35.579 -7.75889 0.619117 -0.0200517 0.000241038
18 33.7908 -7.21737 0.559443 -0.0176626 0.000208835
19 54.9097 -10.8475 0.782637 -0.0235293 0.00026433
20 24.7283 -5.73198 0.479372 -0.0158224 0.000193169
21 79.9592 -15.0824 1.03672 -0.0302022 0.000329623
22 23.662 -5.37688 0.455362 -0.0151597 0.000185984
23 23.3207 -5.27959 0.43994 -0.0144422 0.000175896
24 27.1902 -5.90708 0.476883 -0.0153911 0.000184658
25 19.4013 -4.37739 0.386328 -0.0131566 0.000165376
26 76.8401 -14.5179 1.00408 -0.0293914 0.000322196
27 25.5296 -5.6588 0.456465 -0.0146568 0.000175181
28 26.5874 -6.07609 0.509193 -0.0168741 0.000205753
29 55.7649 -10.8138 0.77179 -0.0230418 0.000257442
30 29.7523 -6.47851 0.522646 -0.0169434 0.000203629
31 21.318 -5.0236 0.428972 -0.014241 0.000174067
32 18.4154 -4.28327 0.387647 -0.0134775 0.000173181
33 22.4874 -4.69061 0.406894 -0.0139334 0.000177142
34 27.4059 -6.12368 0.514638 -0.0172691 0.000214909
35 18.2582 -4.13277 0.371354 -0.0128379 0.000164577
36 30.9731 -5.80378 0.472347 -0.0156819 0.000194439
37 25.1167 -5.6931 0.483252 -0.016312 0.000204798
38 19.6787 -4.2664 0.383171 -0.0133497 0.000172399
39 19.1919 -4.12961 0.361093 -0.0122534 0.000154485
40 23.2861 -4.92074 0.4283 -0.014754 0.000188961
41 22.3654 -4.59887 0.395694 -0.0134393 0.000169734
42 24.5308 -4.87463 0.416033 -0.0141857 0.000180693
43 26.0262 -5.11326 0.431404 -0.0145976 0.000184136
44 28.9648 -5.58095 0.461214 -0.0154389 0.000192604
45 29.2717 -6.47637 0.534005 -0.0176525 0.000216182
46 17.6529 -4.04156 0.36299 -0.0125055 0.000159146
47 20.9142 -4.90996 0.431185 -0.0147314 0.000185771
48 23.8174 -5.12826 0.445524 -0.0152799 0.000193699
49 21.6138 -4.69739 0.413759 -0.0142973 0.000182814
50 24.4655 -5.04863 0.431867 -0.0146939 0.000185409
51 24.2133 -4.98411 0.426372 -0.0144523 0.000181595
52 25.8661 -5.31861 0.448653 -0.0150691 0.000187581
53 23.2565 -4.80546 0.412856 -0.0140195 0.000176698
54 30.8153 -5.94309 0.482017 -0.0158413 0.00019377
55 21.4631 -5.09407 0.450099 -0.0154687 0.000195124
56 22.4942 -4.75732 0.411384 -0.0140111 0.000176813
57 32.4199 -7.09029 0.578796 -0.0191244 0.000234543
58 21.5582 -5.09107 0.450048 -0.0154655 0.000195209
59 21.0928 -4.6043 0.403435 -0.0137816 0.000173885
60 26.5985 -5.38336 0.446256 -0.0147726 0.000181308
61 19.6745 -4.5833 0.408037 -0.0140701 0.000178649
62 18.6259 -4.32205 0.383251 -0.0130525 0.000163664
63 22.4281 -4.96352 0.43364 -0.0148789 0.000188218
64 24.2591 -5.53432 0.473347 -0.015916 0.000197286
65 31.1248 -5.77502 0.465551 -0.0152895 0.000187349
66 33.4014 -6.10012 0.485777 -0.0158607 0.000192965
67 34.2477 -6.23871 0.492301 -0.0159133 0.000191853
68 21.9313 -4.50143 0.386202 -0.0130693 0.000164524
69 20.2078 -4.1878 0.360304 -0.0121018 0.000151373
70 19.3772 -4.06379 0.354932 -0.0120385 0.000152237
71 16.1014 -3.60769 0.327465 -0.0113004 0.0001444
72 28.1779 -5.36649 0.438467 -0.0144828 0.000178201
73 16.2278 -3.09809 0.25454 -0.00790573 9.3322e-05
74 25.8879 -4.93685 0.407174 -0.0134838 0.000166585
75 25.1696 -4.93322 0.413633 -0.0138939 0.000173821
76 25.0377 -4.96443 0.41613 -0.0138893 0.000172081
77 29.8644 -5.57641 0.447718 -0.0146033 0.000177924
78 15.9579 -3.5864 0.31956 -0.0108263 0.000136075
79 27.4802 -5.21524 0.423207 -0.0138231 0.000168048
80 25.3993 -4.93927 0.409844 -0.0136029 0.000168019
81 26.2159 -5.17048 0.426949 -0.0140998 0.000172933
82 19.1899 -4.07708 0.355883 -0.0120728 0.000152036
83 23.0624 -4.60409 0.387893 -0.0129425 0.000160053
84 27.9063 -5.45641 0.445354 -0.0145983 0.000177444
85 27.2019 -5.31469 0.440075 -0.0146118 0.000179964
86 33.3274 -6.12295 0.48635 -0.0157953 0.000190604
87 22.6529 -4.63799 0.397448 -0.0134047 0.000167138
88 26.9711 -5.33302 0.441244 -0.0146123 0.000179764
89 32.2104 -6.03071 0.49262 -0.0164493 0.000204111
90 27.4931 -5.3148 0.439702 -0.0146183 0.000180114
91 24.0126 -4.9067 0.415445 -0.0138861 0.000171154
92 22.9226 -4.69806 0.396738 -0.0132228 0.000163239
93 21.4207 -4.49779 0.388605 -0.0131415 0.000164741
94 17.5059 -3.91901 0.347277 -0.0117364 0.000146157
95 31.5225 -5.9881 0.485882 -0.0160398 0.000195994
