0 36.9906 -6.66451 0.526186 -0.0171798 0.000209221
1 33.5427 -6.01818 0.478501 -0.0157014 0.000192667
2 42.9744 -7.55256 0.583437 -0.0188948 0.000228611
3 27.9259 -5.31663 0.436308 -0.0144464 0.000178082
4 37.3216 -6.63795 0.52151 -0.0170108 0.000207232
5 32.3196 -5.97262 0.481835 -0.0158846 0.000195095
6 36.351 -6.60638 0.52492 -0.0172413 0.000211129
7 34.568 -6.22594 0.490209 -0.0158998 0.000192525
8 35.7629 -6.42877 0.507271 -0.0165443 0.000201574
9 32.2429 -5.95121 0.476825 -0.0156534 0.000191984
10 38.581 -6.80231 0.528081 -0.0170563 0.00020578
11 35.0882 -6.28107 0.497677 -0.0162855 0.000198815
12 36.4139 -6.5144 0.511294 -0.0166151 0.000201582
13 34.6971 -6.20418 0.486658 -0.0157439 0.000189957
14 41.5659 -7.20393 0.55258 -0.0177077 0.000211774
15 27.7543 -5.42627 0.448196 -0.0148957 0.000183925
16 27.1701 -5.38636 0.447539 -0.0148995 0.000183863
17 42.2525 -7.39654 0.5644 -0.0179764 0.000213602
18 45.0161 -7.79047 0.592158 -0.0189291 0.0002258
19 31.3548 -5.89507 0.477508 -0.0158085 0.000194664
20 36.5308 -6.48511 0.501745 -0.0160972 0.00019271
21 30.1621 -5.68334 0.459978 -0.0151526 0.000185995
22 39.4021 -6.95256 0.535323 -0.017114 0.000203901
23 23.4536 -4.76921 0.400936 -0.0133537 0.000164747
24 43.4161 -7.5153 0.567707 -0.0179318 0.000211536
25 35.3695 -6.3869 0.49949 -0.0160937 0.000193359
26 37.0679 -6.71691 0.525899 -0.0170025 0.000204267
27 33.8131 -6.10608 0.472942 -0.0150628 0.000179349
28 37.9974 -6.76592 0.519756 -0.0165395 0.000196563
29 31.5962 -5.92502 0.475603 -0.0155875 0.000190131
30 42.6309 -7.46106 0.56784 -0.0180679 0.000214682
31 19.6173 -4.16411 0.361162 -0.0122229 0.000153234
32 64.0647 -9.90873 0.71203 -0.0222906 0.000263574
33 57.7166 -9.62982 0.720895 -0.0231645 0.000279515
34 57.663 -9.55874 0.709635 -0.0225925 0.000269697
35 57.0517 -8.90942 0.643415 -0.0201345 0.000238546
36 66.2759 -10.3885 0.748791 -0.0234868 0.000277837
37 61.6492 -9.28118 0.656326 -0.0202931 0.000238314
38 62.6281 -9.73816 0.700676 -0.0219129 0.000259018
39 58.054 -9.37993 0.688589 -0.0217591 0.000258387
40 62.644 -9.75385 0.699881 -0.0218137 0.000256994
41 63.4716 -9.46309 0.658689 -0.0200444 0.000231565
42 61.4098 -9.67075 0.698002 -0.02186 0.000258539
43 59.6609 -9.18453 0.654526 -0.0202764 0.000237761
44 59.5189 -9.68485 0.713997 -0.0227303 0.000272693
45 58.5658 -9.4538 0.69168 -0.0218109 0.000258963
46 59.8062 -9.57481 0.695027 -0.0217952 0.000257233
47 56.3217 -8.72862 0.622708 -0.0192165 0.000224463
48 55.8611 -8.75003 0.627476 -0.0194591 0.000228521
49 59.5245 -8.79878 0.615779 -0.0189143 0.00022186
50 46.9418 -7.36795 0.532873 -0.0164852 0.00019433
51 58.3079 -9.04384 0.644625 -0.0199103 0.000232582
52 58.8167 -9.13432 0.653336 -0.0203571 0.000241125
53 49.8879 -7.38304 0.53483 -0.017113 0.000210798
54 49.3645 -8.07557 0.597546 -0.0189728 0.00022788
55 60.4347 -9.63607 0.699316 -0.022 0.000261319
56 60.9328 -9.17468 0.641184 -0.0195506 0.000226406
57 66.002 -10.1659 0.719317 -0.0222052 0.00025966
58 62.897 -9.73988 0.699517 -0.0219413 0.000261046
59 56.5013 -8.42863 0.594869 -0.0183773 0.000216671
60 62.0034 -9.77508 0.699919 -0.0217003 0.00025372
61 66.1961 -10.6201 0.765553 -0.0238826 0.000280155
62 55.7986 -9.1728 0.674585 -0.0212773 0.000251754
63 61.8299 -9.57462 0.679419 -0.0209356 0.000243039
64 34.0777 -6.22272 0.489615 -0.0157885 0.000190084
65 29.4699 -5.5594 0.450426 -0.0147954 0.000181299
66 22.1382 -4.42793 0.373671 -0.0124489 0.000154643
67 24.3083 -4.68816 0.385453 -0.0126124 0.000154028
68 24.1442 -4.7369 0.397463 -0.0133026 0.000166295
69 28.8541 -5.30387 0.425048 -0.0138189 0.000168042
70 21.3159 -4.80551 0.41231 -0.0137514 0.000169105
71 37.2089 -6.58877 0.514421 -0.0166185 0.000200056
72 24.3026 -5.46824 0.462713 -0.0153707 0.000188246
73 36.5399 -6.47621 0.507826 -0.0165053 0.000200906
74 23.8201 -4.63221 0.385588 -0.0127694 0.000157837
75 22.9959 -4.60734 0.384132 -0.0126596 0.000155436
76 26.4497 -5.1348 0.426576 -0.0142203 0.000176649
77 24.6216 -4.89354 0.404799 -0.0133353 0.000163584
78 23.6874 -4.77295 0.403078 -0.0135017 0.000168264
79 28.4202 -5.54041 0.457078 -0.015184 0.000187209
80 39.7674 -7.09786 0.550885 -0.0177347 0.000212505
81 26.8176 -5.15387 0.417565 -0.0135534 0.000163892
82 23.8801 -4.69119 0.387457 -0.0126913 0.0001551
83 36.8439 -6.50855 0.503277 -0.0160923 0.000191845
84 43.9412 -7.59333 0.571063 -0.0179562 0.000210998
85 20.169 -4.12432 0.351243 -0.0116855 0.000145
86 28.6309 -5.45959 0.446141 -0.0147307 0.000180937
87 17.7327 -3.87618 0.34578 -0.0118488 0.000150129
88 26.0055 -5.11864 0.422492 -0.0138991 0.000169941
89 21.3953 -4.96359 0.430631 -0.0144748 0.000178695
90 21.1096 -4.49165 0.387459 -0.0130997 0.000164087
91 26.0063 -5.04372 0.41212 -0.0134835 0.000164354
92 21.6845 -5.05031 0.436943 -0.0146776 0.000180898
93 29.805 -5.80285 0.478599 -0.015938 0.000196354
94 20.8392 -4.37243 0.376983 -0.012729 0.000159369
95 31.0184 -5.89557 0.473635 -0.0154269 0.000186672
