0 62.4941 -12.4609 0.911043 -0.0277225 0.000313196
1 45.6554 -9.51828 0.728762 -0.0228869 0.000266205
2 47.0536 -9.83716 0.754148 -0.0236962 0.000275306
3 75.8197 -14.5071 1.01211 -0.0297092 0.000325048
4 75.2597 -14.4767 1.01168 -0.0297444 0.000326079
5 48.0709 -9.89862 0.750626 -0.023411 0.000270427
6 45.2887 -9.26005 0.699896 -0.0216917 0.000249383
7 76.5284 -14.5722 1.01626 -0.029834 0.000326052
8 19.0455 -4.45294 0.408889 -0.0144847 0.000189309
9 24.6428 -5.45357 0.461028 -0.0153538 0.00018873
10 79.5405 -15.174 1.05938 -0.0312627 0.000344835
11 70.8858 -13.637 0.963394 -0.0285946 0.000316615
12 56.7345 -11.3204 0.829383 -0.0252479 0.000285916
13 27.468 -6.02115 0.498015 -0.0163565 0.000198503
14 40.9872 -8.53567 0.65882 -0.0206905 0.000240027
15 76.6865 -14.4334 0.990641 -0.0287226 0.000311567
16 74.1859 -14.2556 1.00796 -0.0298503 0.000327821
17 40.5326 -8.4588 0.651717 -0.0205247 0.000239862
18 55.1753 -11.0237 0.809349 -0.0246358 0.000278954
19 25.8693 -5.88425 0.498902 -0.0166396 0.000203911
20 34.2179 -7.39159 0.588489 -0.018922 0.00022529
21 46.5898 -9.71106 0.739544 -0.0230662 0.000265928
22 59.789 -11.7282 0.843141 -0.0252839 0.000282375
23 37.4221 -7.93623 0.621003 -0.0196266 0.000228058
24 64.3193 -12.6042 0.907219 -0.0272906 0.000305641
25 61.5216 -11.8791 0.842823 -0.0249721 0.000275663
26 73.3838 -14.1586 0.998704 -0.0295844 0.00032634
27 20.567 -4.66052 0.400785 -0.0133818 0.000164806
28 47.8827 -9.78212 0.733405 -0.0227141 0.000261969
29 63.1505 -12.3714 0.883024 -0.0262834 0.000291093
30 18.0112 -4.11123 0.368362 -0.0126966 0.000161926
31 85.0743 -15.6691 1.05992 -0.0304008 0.000326136
32 45.1281 -9.63779 0.756892 -0.0243014 0.000287684
33 27.2151 -6.14966 0.523856 -0.0176644 0.000218356
34 56.6137 -11.3306 0.838981 -0.0259436 0.0002986
35 43.2181 -8.97527 0.692395 -0.0219348 0.0002575
36 49.7889 -10.2376 0.776773 -0.0243107 0.000281298
37 51.0031 -10.4843 0.795076 -0.0248747 0.000287615
38 42.3439 -9.03354 0.711409 -0.0228028 0.000268848
39 60.2706 -11.8712 0.86216 -0.0260977 0.000293113
40 44.7839 -9.40161 0.727748 -0.0230431 0.000268837
41 47.2112 -9.80463 0.751511 -0.0236423 0.000274069
42 16.8553 -3.87435 0.360671 -0.012808 0.000166082
43 40.4192 -8.38026 0.644221 -0.0202279 0.000234843
44 21.7536 -4.71421 0.41643 -0.0144201 0.000183773
45 36.2404 -7.71399 0.613565 -0.019804 0.000236104
46 43.0471 -9.03905 0.700649 -0.0221509 0.000257764
47 47.7006 -9.93129 0.76327 -0.024069 0.000279612
48 35.8951 -7.65429 0.606291 -0.0194283 0.000229314
49 33.6549 -7.33067 0.595731 -0.0194359 0.00023251
50 70.5367 -13.6923 0.973089 -0.0290763 0.000323126
51 19.9994 -4.56812 0.40003 -0.0135873 0.000169678
52 31.3357 -6.94751 0.57144 -0.0187905 0.000226767
53 18.8051 -4.35723 0.398615 -0.0139942 0.000178979
54 19.059 -4.40807 0.395752 -0.0137348 0.000174731
55 52.5203 -10.752 0.811681 -0.0253633 0.000293291
56 19.5105 -4.3713 0.388437 -0.0134199 0.000170635
57 49.0841 -10.0955 0.766299 -0.0240022 0.000278353
58 53.6363 -10.8361 0.801981 -0.0244987 0.000276368
59 54.2198 -10.8008 0.794558 -0.0242996 0.000275978
60 35.472 -7.7035 0.61838 -0.0200536 0.000239328
61 38.7608 -8.13739 0.631674 -0.0199619 0.000232779
62 18.3494 -4.18034 0.378106 -0.0132145 0.000170148
63 32.0235 -7.11853 0.586264 -0.0193082 0.000232865
64 24.934 -4.97302 0.42178 -0.0143798 0.000182395
65 29.1809 -5.49178 0.452586 -0.0152466 0.000191601
66 33.3665 -6.25563 0.514497 -0.0174252 0.000219579
67 23.3541 -4.51867 0.379946 -0.0128203 0.000161649
68 32.6473 -6.08093 0.48801 -0.0160782 0.0001977
69 37.5941 -6.55446 0.509258 -0.0164794 0.000199195
70 35.1781 -6.11657 0.472741 -0.015155 0.00018222
71 27.4601 -5.0596 0.412164 -0.0136672 0.000169686
72 24.3657 -4.91192 0.414387 -0.0139581 0.000174681
73 29.8589 -5.43887 0.437095 -0.0143552 0.000175707
74 35.5601 -6.25578 0.489503 -0.0158861 0.000192296
75 30.6029 -5.65111 0.457624 -0.0151606 0.000187034
76 27.9832 -5.49147 0.45781 -0.0154094 0.000192033
77 29.1559 -5.49522 0.452077 -0.0150703 0.000185582
78 28.9375 -5.45237 0.448771 -0.0149913 0.000185777
79 37.3188 -6.53348 0.50746 -0.0164047 0.000198135
80 32.1548 -6.06705 0.488504 -0.0160479 0.000195508
81 35.6761 -6.48097 0.508841 -0.0164498 0.000197981
82 29.0831 -5.35787 0.43289 -0.0142613 0.000175192
83 36.981 -6.33096 0.48466 -0.0154773 0.000185335
84 34.8152 -6.28953 0.497234 -0.0162183 0.00019681
85 25.8321 -4.96382 0.409899 -0.013601 0.000167976
86 36.9757 -6.45858 0.501474 -0.0162054 0.000196075
87 29.2695 -5.32999 0.428281 -0.0141072 0.00017402
88 32.4546 -6.05093 0.481608 -0.0156711 0.000189944
89 33.8531 -6.18148 0.493534 -0.0162568 0.000200299
90 30.0965 -5.5939 0.452259 -0.0149446 0.000183817
91 33.7208 -5.98398 0.471648 -0.0154111 0.000188941
92 32.9744 -6.09683 0.487819 -0.0159992 0.000195031
93 36.4372 -6.51639 0.51518 -0.0169066 0.000207533
94 32.7417 -6.04497 0.48246 -0.0158468 0.000194423
95 18.4717 -4.01304 0.351557 -0.0120419 0.000153854
