0 14.7933 -3.785 0.375401 -0.0126743 0.000163488
1 18.6676 -4.22948 0.406588 -0.0138173 0.00017907
2 23.5199 -5.42239 0.533417 -0.0194838 0.000267093
3 23.1257 -6.1419 0.606162 -0.0222752 0.000305108
4 20.9253 -5.43874 0.533731 -0.0189426 0.000250729
5 10.3889 -3.05637 0.328371 -0.01151 0.000155205
6 22.1183 -5.8267 0.576502 -0.0208592 0.000281431
7 23.6989 -5.42839 0.518473 -0.018284 0.000242982
8 27.6207 -6.14261 0.577356 -0.0204209 0.000270804
9 24.7705 -5.83139 0.561157 -0.0201065 0.000269856
10 18.8149 -4.65134 0.462818 -0.0164066 0.000217979
11 20.0372 -4.95977 0.501603 -0.0184524 0.000253609
12 23.0334 -5.7779 0.56033 -0.0198769 0.000264197
13 0.287936 -0.595029 0.127863 -0.00477518 7.55071e-05
14 22.6239 -5.88876 0.570897 -0.0203527 0.000271176
15 15.7753 -3.8443 0.369154 -0.0120916 0.000150762
16 20.9545 -5.24817 0.515093 -0.0183094 0.000243893
17 -6.03524 0.186475 0.0932968 -0.00420952 7.31845e-05
18 20.0677 -5.18644 0.520935 -0.0189681 0.000257832
19 22.5002 -5.56448 0.553321 -0.020238 0.000275227
20 26.8347 -6.28985 0.597753 -0.0212776 0.000282737
21 18.7127 -4.6939 0.46158 -0.0161548 0.000211408
22 16.3925 -4.50463 0.458285 -0.0162752 0.000215677
23 18.881 -4.52208 0.433817 -0.0146545 0.000185782
24 24.0558 -5.61419 0.522528 -0.0178032 0.000226891
25 22.671 -5.98228 0.59045 -0.0212812 0.000283837
26 25.2076 -5.83449 0.559963 -0.0199159 0.000262165
27 -3.74991 -0.0431877 0.108768 -0.00477385 7.97159e-05
28 25.85 -6.0608 0.56499 -0.0193961 0.000246763
29 1.0833 -1.23909 0.186822 -0.00676538 9.6799e-05
30 31.2362 -6.82228 0.620184 -0.021278 0.000270143
31 -9.09685 0.787651 0.039156 -0.00225362 4.77004e-05
32 27.2596 -6.33199 0.609592 -0.0220573 0.000299637
33 32.0999 -6.47875 0.568502 -0.0190165 0.00024171
34 21.3828 -4.70688 0.437221 -0.0146509 0.000188314
35 29.5011 -6.24764 0.565844 -0.0194444 0.000252949
36 25.8195 -5.46623 0.489951 -0.0159655 0.000195769
37 21.555 -5.01154 0.481113 -0.0167636 0.000221642
38 21.1994 -4.92578 0.471021 -0.0162018 0.000210799
39 19.2998 -4.21046 0.392247 -0.0128578 0.000161617
40 26.9898 -5.61349 0.505198 -0.0170034 0.000218119
41 19.8018 -4.59852 0.43992 -0.0150583 0.000195645
42 30.7272 -6.57567 0.59944 -0.0208171 0.000271947
43 20.0982 -5.12179 0.510288 -0.0183836 0.000248084
44 20.8429 -5.10594 0.503195 -0.0179932 0.000241448
45 30.674 -6.51309 0.591129 -0.0205852 0.000271164
46 31.1382 -7.05992 0.661101 -0.0237732 0.000320424
47 22.4507 -5.28333 0.506371 -0.0178303 0.000235948
48 30.1329 -6.37591 0.57165 -0.0193762 0.000247736
49 39.2207 -8.26321 0.740309 -0.0259986 0.000343179
50 29.8685 -6.3649 0.573854 -0.019559 0.000251521
51 21.3692 -5.04856 0.473425 -0.0160255 0.000205534
52 24.1677 -5.98446 0.579151 -0.0207709 0.000279818
53 23.0802 -5.33869 0.501386 -0.0171999 0.000221426
54 29.4192 -6.52736 0.60109 -0.0208944 0.000270702
55 24.9645 -5.83244 0.55803 -0.0198839 0.000266403
56 21.8441 -5.13957 0.487622 -0.0168756 0.000220309
57 23.6683 -6.20152 0.601504 -0.0214284 0.000282571
58 27.5146 -6.68207 0.646037 -0.0236418 0.000323692
59 31.4723 -6.79331 0.611494 -0.020899 0.000265953
60 33.8103 -7.17406 0.638239 -0.021942 0.000283279
61 24.5129 -5.84746 0.559411 -0.019854 0.000264196
62 25.6956 -6.0944 0.575995 -0.0202697 0.000267514
63 22.3014 -5.7353 0.55375 -0.0194448 0.000253799
64 44.1315 -8.519 0.740471 -0.0258607 0.000340913
65 37.674 -7.18585 0.617023 -0.0207548 0.000264566
66 44.6815 -8.62023 0.748878 -0.0261984 0.000345784
67 51.5256 -9.55645 0.794109 -0.026766 0.000339208
68 61.1883 -10.7704 0.850818 -0.0273477 0.000329626
69 43.5393 -8.56779 0.737634 -0.0252208 0.000325384
70 45.0596 -8.92003 0.778721 -0.0271596 0.000355306
71 46.426 -8.92117 0.765751 -0.0262754 0.000338202
72 47.0312 -8.98774 0.752109 -0.0251469 0.000316335
73 41.4877 -7.65331 0.628302 -0.0201809 0.000245029
74 38.724 -7.49122 0.647633 -0.0220222 0.000284074
75 40.3612 -7.69403 0.648913 -0.0215444 0.000270131
76 48.0997 -8.95669 0.739639 -0.0243651 0.000301662
77 34.2333 -6.92538 0.610639 -0.0208983 0.000269796
78 34.4272 -6.46272 0.544907 -0.01758 0.000214712
79 39.1809 -7.62758 0.654147 -0.0220893 0.000281193
80 42.5035 -8.20483 0.685678 -0.022425 0.000275751
81 43.5907 -7.88474 0.630663 -0.0197678 0.000234758
82 49.1119 -9.92488 0.877227 -0.0314923 0.000422712
83 51.7005 -10.0811 0.865221 -0.0301224 0.000391905
84 54.2071 -10.2023 0.843448 -0.0282508 0.000354775
85 43.029 -8.43846 0.733502 -0.0253615 0.000329041
86 49.6294 -9.36223 0.779807 -0.0260399 0.000324988
87 39.4133 -7.37931 0.604112 -0.0192167 0.000230416
88 33.3536 -7.17916 0.659279 -0.0233128 0.000307667
89 49.107 -9.0026 0.725416 -0.0231668 0.000276855
90 51.581 -9.91578 0.840926 -0.0287799 0.0003667
91 51.7229 -10.0906 0.863032 -0.0298913 0.000386855
92 47.4463 -9.09515 0.766311 -0.0258068 0.000325281
93 48.9852 -9.68784 0.832817 -0.0287765 0.000371609
94 55.6468 -10.8835 0.943223 -0.0333499 0.000438977
95 46.953 -9.353 0.816082 -0.0285704 0.00037371
