0 39.4799 -7.06123 0.55992 -0.0185627 0.000230642
1 35.5896 -6.43272 0.51463 -0.0171387 0.000213973
2 27.6923 -5.26466 0.43182 -0.0143583 0.000178359
3 37.3167 -6.53569 0.5073 -0.0163794 0.000198048
4 42.5632 -7.4173 0.575562 -0.0187683 0.000229402
5 39.9506 -6.97466 0.537914 -0.0173722 0.000210224
6 35.1781 -6.28427 0.495174 -0.016143 0.000197072
7 34.8445 -6.11315 0.473352 -0.0151811 0.00018244
8 35.0594 -6.42118 0.512468 -0.016896 0.000208358
9 36.2499 -6.46182 0.505042 -0.0164025 0.000199393
10 28.8541 -5.63291 0.46128 -0.0153059 0.000189332
11 36.4063 -6.40124 0.495726 -0.0159551 0.000192479
12 37.9026 -6.83285 0.536246 -0.017474 0.000212701
13 48.9833 -8.29485 0.620691 -0.0196325 0.000232066
14 34.2766 -6.12878 0.479654 -0.0154969 0.000187053
15 39.0668 -6.86294 0.528161 -0.0169401 0.000203304
16 48.334 -8.24134 0.621401 -0.0198362 0.000236936
17 46.4373 -8.19043 0.632833 -0.0205751 0.000249688
18 38.6965 -6.97595 0.54748 -0.0178174 0.000216548
19 48.5669 -8.32389 0.634022 -0.0204231 0.000245666
20 39.7073 -7.09217 0.552883 -0.0179902 0.000218844
21 55.7726 -9.3721 0.694118 -0.0219309 0.000259247
22 41.3284 -7.29294 0.564193 -0.0182236 0.00021987
23 44.5639 -7.6598 0.579288 -0.0183937 0.000218287
24 36.8505 -6.7071 0.525478 -0.0169933 0.000204988
25 41.6423 -7.22787 0.552398 -0.017622 0.000209847
26 30.3858 -5.77876 0.466097 -0.0152436 0.000185281
27 34.6642 -6.27928 0.492648 -0.0159066 0.000191376
28 39.1481 -6.99407 0.539996 -0.017322 0.000207691
29 36.133 -6.70748 0.53317 -0.0174989 0.000214131
30 33.732 -6.1809 0.484422 -0.0155579 0.000186423
31 51.9553 -8.73938 0.647719 -0.0203544 0.000239183
32 33.4259 -6.80114 0.526808 -0.0166378 0.000198025
33 18.8626 -4.32947 0.387826 -0.013373 0.000170665
34 19.2368 -3.97803 0.345521 -0.0116737 0.000147521
35 48.7188 -9.88747 0.743334 -0.0231354 0.000268508
36 16.0981 -3.86553 0.357371 -0.0125939 0.000165262
37 18.0835 -4.23383 0.386005 -0.0135171 0.000175365
38 19.1074 -4.40727 0.400201 -0.0140016 0.000181222
39 18.9989 -4.35409 0.386793 -0.0132658 0.000168781
40 74.1007 -14.0743 0.991551 -0.0294958 0.000328579
41 18.8192 -4.23445 0.381564 -0.0132658 0.000171276
42 52.9792 -10.1854 0.72198 -0.021369 0.000238131
43 18.2997 -4.17273 0.370835 -0.0126878 0.000161448
44 39.6606 -8.07754 0.606851 -0.0187429 0.000217707
45 42.121 -8.5347 0.654434 -0.0207127 0.000245238
46 19.0408 -4.29339 0.373592 -0.0126004 0.000158958
47 17.5443 -3.9362 0.352496 -0.0120989 0.000153892
48 20.3231 -4.56388 0.391668 -0.0131395 0.000164746
49 22.6439 -4.65402 0.400378 -0.0135731 0.000171107
50 23.3985 -4.83358 0.417838 -0.0142464 0.00017998
51 15.0064 -3.60529 0.330184 -0.0113869 0.000145597
52 19.3569 -4.36004 0.388235 -0.0133103 0.000168022
53 32.4397 -6.79569 0.53964 -0.0173616 0.000208258
54 22.4655 -4.72397 0.412099 -0.0140921 0.000178764
55 19.6784 -4.63341 0.413095 -0.0141598 0.000178648
56 21.9077 -5.14462 0.455253 -0.0156756 0.000198719
57 19.5604 -4.57832 0.405586 -0.0138858 0.000176106
58 14.4032 -3.51438 0.329644 -0.0115913 0.000150386
59 19.6888 -4.2848 0.381632 -0.0131215 0.000166547
60 21.3295 -4.48531 0.38716 -0.0131127 0.000165019
61 46.3309 -9.05742 0.664008 -0.0202715 0.000233165
62 17.3909 -3.8676 0.349682 -0.0120988 0.000154906
63 17.4534 -3.95967 0.352817 -0.0120429 0.000152198
64 48.7422 -8.15347 0.603477 -0.018905 0.000221942
65 48.4824 -8.16519 0.611538 -0.019431 0.00023241
66 38.9368 -6.87395 0.529377 -0.0169942 0.000205191
67 43.6135 -7.4548 0.565107 -0.018 0.000215115
68 52.4409 -8.72058 0.64881 -0.0205565 0.000244358
69 40.3791 -6.87417 0.521333 -0.0165355 0.00019723
70 51.7658 -8.7284 0.654221 -0.0208035 0.000247902
71 48.8404 -8.30009 0.630655 -0.0203349 0.000246446
72 42.9807 -7.39435 0.563221 -0.0180497 0.000217582
73 46.296 -7.89892 0.599672 -0.019235 0.000231823
74 58.1023 -9.74691 0.72677 -0.0231517 0.000276025
75 44.313 -7.56844 0.577058 -0.0185634 0.000224719
76 50.8025 -8.59419 0.641229 -0.0202637 0.000239946
77 48.01 -8.13369 0.605826 -0.0190745 0.000225542
78 42.8539 -7.32146 0.552713 -0.0175001 0.000207934
79 47.3846 -8.11106 0.61029 -0.0193402 0.000229644
80 50.3749 -8.50936 0.637032 -0.0202437 0.000241101
81 55.8733 -9.22289 0.676845 -0.0212066 0.000249291
82 45.2736 -7.76008 0.584037 -0.0184772 0.000219152
83 37.6541 -6.76659 0.526837 -0.017006 0.000205737
84 36.9276 -6.63328 0.51515 -0.0165675 0.000199012
85 54.8493 -9.13565 0.674011 -0.0211591 0.000248606
86 43.3437 -7.52856 0.570947 -0.0181219 0.000215372
87 47.9782 -8.17732 0.615394 -0.019541 0.000232128
88 37.0071 -6.67457 0.519582 -0.0167105 0.000200887
89 46.1047 -8.00912 0.610925 -0.0195751 0.000234483
90 40.9826 -7.26191 0.560248 -0.0179883 0.000215733
91 44.2645 -7.723 0.591363 -0.0189612 0.000227596
92 40.9924 -7.27614 0.560522 -0.0179915 0.000216075
93 43.414 -7.62784 0.581323 -0.0185452 0.000221945
94 48.5146 -8.43792 0.646974 -0.0209932 0.000255058
95 51.6934 -8.78764 0.661629 -0.0211547 0.000253183
