0 41.2535 -7.40362 0.582048 -0.0190903 0.000234649
1 40.1665 -7.00788 0.54257 -0.0175884 0.000214156
2 44.7697 -7.46973 0.561819 -0.017862 0.000213547
3 42.9895 -7.5425 0.585541 -0.019057 0.000232647
4 35.3313 -6.54655 0.52419 -0.0173198 0.000214236
5 41.2825 -7.15613 0.547348 -0.0175154 0.000210907
6 33.5382 -6.31722 0.509915 -0.0168732 0.000208714
7 34.0715 -6.0965 0.475588 -0.0152891 0.000184378
8 40.7563 -7.05743 0.541622 -0.0173999 0.000209776
9 36.2814 -6.6918 0.534523 -0.0176688 0.000218344
10 37.2574 -6.75702 0.536213 -0.0176618 0.000217809
11 39.433 -6.86884 0.525996 -0.0167576 0.000200054
12 37.8703 -6.60957 0.508104 -0.0162633 0.000195317
13 38 -6.76722 0.526905 -0.0170748 0.000207474
14 48.0198 -8.30437 0.634124 -0.0204855 0.000248214
15 34.6181 -6.27051 0.496858 -0.0161929 0.000197102
16 40.0166 -7.12361 0.552789 -0.0178261 0.000215126
17 41.2044 -7.22817 0.554936 -0.0177844 0.000213254
18 49.3737 -8.27893 0.61616 -0.0194087 0.000229061
19 33.7361 -6.06067 0.475089 -0.0153111 0.0001847
20 37.4711 -6.6411 0.510471 -0.0162336 0.000193244
21 38.9792 -7.00276 0.547362 -0.0177703 0.000216203
22 42.9482 -7.48397 0.573855 -0.0184542 0.000222351
23 38.1844 -6.85731 0.533862 -0.0171937 0.000206814
24 34.7948 -6.52577 0.521562 -0.017106 0.000209557
25 39.6208 -7.05037 0.545927 -0.017562 0.000210878
26 40.1821 -7.26886 0.571817 -0.0187168 0.000229355
27 42.5832 -7.47877 0.571304 -0.0182286 0.00021729
28 31.2819 -6.06092 0.495885 -0.0165201 0.000205469
29 39.3852 -7.01813 0.546236 -0.0176926 0.000214365
30 39.8203 -7.19258 0.565427 -0.0184763 0.000225794
31 39.9864 -7.22895 0.564158 -0.0183317 0.000223005
32 51.1352 -8.6386 0.652518 -0.0209865 0.000252943
33 43.2463 -7.26432 0.550998 -0.0177284 0.000215175
34 38.2292 -6.68122 0.523099 -0.0171733 0.000211754
35 49.9769 -8.40087 0.6309 -0.0201634 0.000241487
36 37.8254 -6.63669 0.517158 -0.0168532 0.000206352
37 47.4981 -7.94949 0.602275 -0.0194736 0.000237519
38 57.8078 -9.55667 0.713224 -0.0228929 0.000275425
39 51.5236 -8.55341 0.636898 -0.020219 0.000240607
40 51.9896 -8.71541 0.653437 -0.0208859 0.000250527
41 43.6901 -7.45499 0.570944 -0.0185043 0.000225109
42 42.6321 -7.2907 0.559324 -0.0181185 0.000220427
43 45.1348 -7.66353 0.583033 -0.0187762 0.000226564
44 53.0423 -8.88953 0.66354 -0.0210807 0.000250863
45 50.2893 -8.53729 0.64375 -0.0206479 0.000248267
46 51.1096 -8.76157 0.664559 -0.0214279 0.000258595
47 44.0385 -7.59381 0.583689 -0.0189058 0.000229257
48 49.4996 -8.45457 0.64227 -0.0207098 0.000249769
49 59.9961 -9.97218 0.739477 -0.0235493 0.000280643
50 42.4445 -7.44214 0.575297 -0.0186625 0.000226339
51 54.9446 -9.16262 0.67859 -0.0214817 0.000254517
52 54.7453 -9.26464 0.695493 -0.0222578 0.000266531
53 49.5085 -8.3829 0.630379 -0.0201764 0.00024154
54 64.0449 -10.621 0.783321 -0.0248064 0.000293263
55 49.573 -8.46697 0.642651 -0.0207052 0.000249491
56 55.7708 -9.34314 0.693625 -0.0219957 0.000261007
57 46.402 -8.02139 0.613828 -0.0198386 0.000239715
58 40.6647 -7.24161 0.565961 -0.0184537 0.000224302
59 42.9259 -7.61465 0.590601 -0.0192377 0.000234325
60 44.8232 -7.86925 0.605103 -0.0195974 0.000237188
61 43.9738 -7.62005 0.578705 -0.0184846 0.00022081
62 49.1775 -8.53345 0.655205 -0.021288 0.000258223
63 52.84 -9.05097 0.681994 -0.0218682 0.000262039
64 21.5245 -4.94978 0.432514 -0.0147001 0.000184792
65 23.7639 -4.67685 0.390399 -0.012985 0.000162368
66 19.3883 -4.39563 0.387455 -0.0131988 0.000166895
67 19.253 -4.34222 0.380246 -0.0128901 0.000162123
68 22.1463 -4.62466 0.396096 -0.0133332 0.000167866
69 19.9913 -4.50045 0.390297 -0.0131536 0.000164682
70 21.8559 -4.50958 0.384759 -0.0128999 0.000161421
71 39.3687 -8.05791 0.619346 -0.0195359 0.000230288
72 23.8198 -4.91467 0.418887 -0.0141173 0.000176726
73 18.7347 -4.17672 0.369531 -0.0125876 0.000159472
74 25.8502 -5.19884 0.441498 -0.0150023 0.000190478
75 31.3773 -6.56016 0.515876 -0.0163629 0.000193564
76 19.8962 -4.53152 0.400209 -0.0136431 0.000171742
77 18.235 -4.00454 0.350819 -0.0118363 0.000148226
78 19.1508 -4.2805 0.376879 -0.0127943 0.000160819
79 26.9172 -5.34877 0.445834 -0.014868 0.000183991
80 24.4493 -5.10747 0.434628 -0.0146156 0.00018213
81 28.5232 -5.56051 0.454141 -0.0149112 0.00018214
82 28.1513 -5.62844 0.46661 -0.0155393 0.000192369
83 24.0413 -4.90917 0.414651 -0.0138663 0.000172666
84 28.3204 -5.65638 0.469143 -0.0156043 0.000192533
85 61.2569 -11.8009 0.851622 -0.0257305 0.000289876
86 23.8278 -5.06933 0.437199 -0.0148793 0.00018763
87 24.6134 -5.0823 0.432425 -0.014564 0.000181991
88 22.5623 -4.91212 0.426366 -0.0144662 0.000181869
89 22.1814 -4.81872 0.421742 -0.0144074 0.00018204
90 25.0551 -5.18035 0.440646 -0.0148209 0.000184741
91 20.0771 -4.57901 0.404077 -0.0137431 0.000172106
92 21.18 -4.91336 0.433489 -0.0148319 0.000186849
93 26.4029 -5.41678 0.455332 -0.0151948 0.000187483
94 29.1979 -5.69759 0.464026 -0.0152115 0.000185189
95 18.7873 -4.36826 0.386798 -0.0131881 0.000166326
