0 29.1694 -5.47117 0.445936 -0.0147343 0.000181941
1 20.515 -4.3567 0.379152 -0.0128907 0.000163088
2 29.4697 -5.42228 0.433835 -0.0141064 0.000171606
3 18.5109 -4.08242 0.360648 -0.0122998 0.00015559
4 19.6744 -4.41589 0.383496 -0.0129261 0.000161791
5 23.3357 -5.01692 0.41308 -0.0134398 0.000162882
6 22.8855 -4.58592 0.387054 -0.0129125 0.000160218
7 19.7361 -4.12774 0.359222 -0.0121838 0.000154039
8 47.864 -9.62196 0.724108 -0.0225691 0.00026235
9 27.125 -5.20259 0.42663 -0.0140915 0.000173691
10 27.6474 -5.79075 0.461752 -0.0147708 0.000176329
11 23.176 -4.51512 0.375145 -0.0123623 0.000152055
12 26.1709 -5.03576 0.410052 -0.0133613 0.000162537
13 23.6288 -4.70007 0.391891 -0.012954 0.000159436
14 16.9769 -3.7265 0.328438 -0.0110893 0.000139269
15 28.335 -5.57713 0.461086 -0.0153435 0.000189729
16 18.7395 -4.16664 0.364991 -0.0123573 0.000155008
17 24.6553 -4.7926 0.395238 -0.0129944 0.000159167
18 19.7088 -4.27622 0.372655 -0.012626 0.000158907
19 25.4514 -4.93489 0.409585 -0.0135554 0.0001667
20 30.3874 -5.79953 0.463075 -0.0149849 0.00018075
21 26.8172 -5.32144 0.438534 -0.0144941 0.000178379
22 26.8338 -5.31494 0.439763 -0.0145495 0.00017865
23 22.6812 -4.7979 0.410599 -0.0138287 0.000172443
24 28.0025 -6.15685 0.507053 -0.0166604 0.000202479
25 28.1833 -5.51072 0.452526 -0.0149269 0.000182953
26 22.2594 -4.81869 0.417639 -0.0141664 0.000177514
27 25.3758 -5.24474 0.441546 -0.014767 0.000182755
28 43.8816 -8.7982 0.664418 -0.0207445 0.000241946
29 17.8052 -4.26939 0.379395 -0.0129238 0.000162928
30 21.0504 -4.54275 0.375054 -0.0121564 0.000146957
31 61.5511 -11.7884 0.844918 -0.0254583 0.000286683
32 45.2603 -7.85766 0.606641 -0.0196552 0.000238757
33 34.8213 -6.38544 0.511497 -0.0168956 0.000209259
34 38.917 -6.97611 0.547883 -0.0178659 0.000217983
35 42.2046 -7.43762 0.577703 -0.0187635 0.000228122
36 43.6092 -7.59337 0.587094 -0.0190632 0.000232347
37 40.2615 -7.17187 0.564706 -0.0185503 0.000228763
38 40.0961 -7.12536 0.559987 -0.0183749 0.000226383
39 32.6191 -5.93162 0.471524 -0.0154 0.000188847
40 33.8555 -6.19723 0.496305 -0.0163345 0.000201736
41 40.7017 -7.23517 0.561224 -0.0181247 0.000219327
42 38.9715 -6.99246 0.549428 -0.0178918 0.000217992
43 47.1807 -8.09492 0.618115 -0.0199058 0.000240341
44 43.8984 -7.68667 0.589839 -0.0189706 0.000228624
45 41.6079 -7.53891 0.594994 -0.0195783 0.000241017
46 44.0699 -7.62148 0.582666 -0.0187209 0.000225621
47 48.1599 -8.34317 0.636464 -0.0204731 0.0002465
48 33.7163 -6.35196 0.506822 -0.0165229 0.000200982
49 44.3288 -7.64131 0.582886 -0.0186797 0.000224479
50 44.1825 -7.82889 0.607398 -0.0197057 0.000238929
51 48.2401 -8.34392 0.636339 -0.0204111 0.000244433
52 34.1256 -6.28286 0.497673 -0.0161882 0.000196817
53 41.7598 -7.41145 0.572573 -0.0184378 0.000222002
54 43.9701 -7.81401 0.6047 -0.0195831 0.000237021
55 37.7372 -6.84371 0.541516 -0.0177333 0.000217205
56 47.0402 -8.19166 0.623251 -0.0199457 0.00023937
57 54.121 -9.20321 0.687616 -0.0217781 0.000258113
58 43.2237 -7.59826 0.585779 -0.0188876 0.000228176
59 44.46 -7.86558 0.606697 -0.0196144 0.000237575
60 41.6719 -7.2759 0.557682 -0.0178609 0.000214315
61 49.6757 -8.49262 0.641136 -0.0204276 0.000243701
62 43.4096 -7.74938 0.604867 -0.0197702 0.000242109
63 34.2478 -6.37867 0.507774 -0.016553 0.000201289
64 52.4018 -8.73762 0.652106 -0.0207574 0.000247926
65 56.6044 -9.17338 0.667394 -0.020858 0.00024513
66 49.6737 -8.28383 0.617904 -0.0195868 0.000232591
67 54.1333 -9.10414 0.687827 -0.0221985 0.000268099
68 52.7906 -8.83128 0.662818 -0.0212689 0.000256588
69 51.0127 -8.51696 0.637897 -0.0203435 0.000242991
70 50.5241 -8.39461 0.625328 -0.0198212 0.000235459
71 57.587 -9.37192 0.690431 -0.0218825 0.000260124
72 47.2693 -7.97619 0.603301 -0.0193559 0.000233094
73 56.2169 -9.23084 0.677031 -0.021241 0.000249738
74 54.9516 -9.16765 0.681648 -0.0216174 0.000256815
75 56.66 -9.35944 0.690307 -0.0217759 0.000256825
76 59.3662 -9.70348 0.711198 -0.0224064 0.000264485
77 58.4817 -9.26977 0.671744 -0.0210639 0.000248648
78 57.4656 -9.29719 0.677622 -0.0212263 0.000250083
79 56.896 -9.42465 0.698083 -0.0221282 0.000262603
80 49.0936 -8.32485 0.625735 -0.0199114 0.000236913
81 55.5858 -9.27276 0.687589 -0.0217548 0.00025769
82 53.8589 -8.97921 0.666322 -0.0210706 0.000249261
83 56.3297 -9.14855 0.667175 -0.0208602 0.000244523
84 58.7576 -9.3395 0.673232 -0.0209388 0.000244692
85 56.4929 -9.48444 0.711492 -0.0228012 0.000273079
86 60.8615 -9.53281 0.685416 -0.0213384 0.000250149
87 56.5982 -9.45624 0.704737 -0.0224545 0.000267253
88 59.0333 -9.8204 0.727561 -0.0230609 0.000273187
89 47.8168 -8.14077 0.615059 -0.019628 0.000234034
90 54.678 -9.15275 0.683409 -0.0217248 0.000257607
91 57.3047 -9.60237 0.714362 -0.0226861 0.000268883
92 61.5142 -10.329 0.774062 -0.0249416 0.000300849
93 49.9129 -8.45598 0.635359 -0.0202537 0.000241727
94 55.158 -9.20402 0.683924 -0.0216937 0.000257256
95 60.4051 -9.99189 0.74179 -0.0236859 0.000282714
