0 34.4226 -7.68569 0.63185 -0.0208907 0.0002563
1 33.2226 -7.37758 0.59995 -0.0195902 0.000237383
2 27.653 -6.3277 0.539884 -0.0182801 0.000229268
3 34.7694 -7.61382 0.60567 -0.0195591 0.000236792
4 27.7106 -6.34526 0.544359 -0.0185463 0.000233804
5 16.3009 -3.71557 0.336428 -0.0115315 0.00014786
6 18.9949 -4.47338 0.405528 -0.0140784 0.000180733
7 53.146 -10.9152 0.816914 -0.0253015 0.000292195
8 24.5964 -5.7219 0.498597 -0.0169953 0.000213891
9 21.2033 -4.91157 0.43145 -0.0146848 0.000185303
10 21.6192 -4.54862 0.394963 -0.0133521 0.000168325
11 25.4555 -6.03769 0.534694 -0.01861 0.00023776
12 54.9188 -12.087 0.967176 -0.0316352 0.000378935
13 16.9944 -3.92508 0.354477 -0.0121725 0.000155235
14 34.026 -7.58975 0.624443 -0.0206294 0.000251682
15 41.4196 -8.95111 0.708827 -0.0228117 0.000271756
16 39.7337 -8.84184 0.716352 -0.0234567 0.000283903
17 20.9764 -4.89417 0.428963 -0.0145282 0.000181882
18 38.896 -8.56633 0.690372 -0.0225331 0.000271887
19 18.8709 -4.37851 0.383242 -0.0128566 0.000160098
20 83.9697 -16.6736 1.21366 -0.0370868 0.000419386
21 45.1777 -9.55569 0.735493 -0.0230707 0.000267234
22 26.0437 -5.92292 0.492772 -0.0161572 0.000196402
23 37.7861 -8.25587 0.655968 -0.0211138 0.000252111
24 54.5462 -11.3692 0.859233 -0.026782 0.000309677
25 40.9519 -8.74358 0.678564 -0.021414 0.000250856
26 18.557 -4.33279 0.392948 -0.0135952 0.000174135
27 21.3317 -5.06559 0.444899 -0.0151864 0.00019189
28 21.1483 -4.92055 0.428201 -0.0143364 0.000176578
29 34.6518 -7.54693 0.606377 -0.019625 0.000235591
30 35.7925 -7.58101 0.585597 -0.0183437 0.000214439
31 24.1548 -5.68691 0.489652 -0.0164377 0.000202937
32 25.4605 -5.79064 0.492435 -0.0164468 0.00020221
33 24.1901 -5.34735 0.437965 -0.0142104 0.000171753
34 20.6849 -4.78495 0.418595 -0.0141504 0.000176223
35 23.7858 -5.3726 0.454326 -0.0151192 0.000186314
36 15.5937 -3.36346 0.302625 -0.010324 0.000131546
37 32.8604 -7.12923 0.570371 -0.0183419 0.000217956
38 25.4718 -4.92807 0.411351 -0.0136688 0.000169159
39 19.0081 -4.35584 0.383952 -0.0130153 0.00016289
40 16.1537 -3.5271 0.317066 -0.0108228 0.000137758
41 24.6259 -5.34394 0.434359 -0.0140096 0.000169127
42 22.4626 -5.08301 0.432408 -0.0143706 0.000176594
43 17.0711 -3.89764 0.34031 -0.0113606 0.000141023
44 29.1392 -6.35824 0.512658 -0.0165571 0.000199076
45 23.0607 -5.18069 0.434657 -0.0143326 0.000175589
46 28.2088 -6.20254 0.505688 -0.0164675 0.000199027
47 19.4637 -4.12429 0.359024 -0.0120994 0.000151138
48 27.2854 -6.20993 0.523206 -0.0173963 0.000212425
49 20.6682 -4.42996 0.387548 -0.0131686 0.000165923
50 101.298 -18.2897 1.22313 -0.0346728 0.000365242
51 10.9853 -2.84006 0.276684 -0.00972436 0.000125719
52 18.0454 -4.03087 0.353694 -0.0118662 0.000147034
53 35.5685 -7.45632 0.578517 -0.0182459 0.000214439
54 20.0737 -4.67545 0.406159 -0.0137126 0.000171413
55 27.8536 -6.04113 0.482647 -0.0154427 0.000184519
56 34.7355 -7.58 0.607151 -0.0195486 0.000232041
57 18.1837 -4.07615 0.36233 -0.0123343 0.000155525
58 18.0658 -4.22381 0.381325 -0.0131576 0.000166982
59 30.0052 -6.54081 0.524918 -0.016878 0.000201123
60 18.8916 -4.34423 0.385312 -0.013134 0.000164859
61 21.8188 -4.61699 0.394558 -0.013149 0.000162146
62 27.9827 -6.22293 0.512808 -0.016794 0.000202834
63 21.6368 -5.08292 0.447482 -0.0153409 0.000193011
64 23.914 -4.72873 0.393048 -0.0130405 0.000162028
65 30.1091 -5.61997 0.449914 -0.0146675 0.000178752
66 31.6676 -5.75988 0.457162 -0.0148953 0.000181993
67 27.2053 -5.15634 0.419502 -0.0138019 0.000169753
68 33.4238 -6.10855 0.483815 -0.0157398 0.000191433
69 35.5872 -6.11476 0.466396 -0.0147942 0.000176307
70 23.6407 -4.60249 0.384849 -0.0128325 0.000160009
71 35.9635 -6.41441 0.503007 -0.0163586 0.00019928
72 32.5972 -6.04882 0.4797 -0.0155844 0.000189285
73 23.983 -4.60102 0.380922 -0.0126142 0.00015608
74 27.799 -5.30983 0.434312 -0.0143854 0.000178025
75 33.3138 -6.04993 0.478835 -0.0155963 0.000190135
76 34.0616 -6.13523 0.482232 -0.0156272 0.000189774
77 25.7575 -4.89818 0.398509 -0.0130701 0.000160572
78 41.6225 -7.19638 0.550341 -0.0176239 0.000211113
79 30.4009 -5.64753 0.45246 -0.0147672 0.00017958
80 37.7251 -6.69872 0.513002 -0.0162865 0.000193644
81 33.1152 -6.01257 0.46909 -0.0150041 0.000179734
82 43.4018 -7.48141 0.564759 -0.0178527 0.000210848
83 36.6952 -6.59228 0.514262 -0.0166011 0.000200447
84 28.8961 -5.56164 0.451885 -0.0148673 0.000182225
85 26.0071 -5.07071 0.419104 -0.0138757 0.000171099
86 25.7299 -5.051 0.417735 -0.0138296 0.00017078
87 44.9165 -7.90689 0.607396 -0.0195832 0.000235436
88 31.3924 -5.87398 0.470553 -0.0153641 0.000186987
89 29.8447 -5.65877 0.451444 -0.0145946 0.000176347
90 34.239 -6.35357 0.503114 -0.0163671 0.000198843
91 32.7339 -6.08631 0.485992 -0.0158686 0.000192926
92 27.3379 -5.34735 0.437736 -0.0144201 0.000176798
93 35.0091 -6.44316 0.508272 -0.0165136 0.000200516
94 28.8656 -5.57356 0.460327 -0.015435 0.000192702
95 33.9297 -6.35389 0.510382 -0.0168418 0.000206605
