0 19.1282 -4.59059 0.456297 -0.0171199 0.000246669
1 39.7276 -8.26144 0.758438 -0.0286691 0.000411669
2 54.1164 -10.9449 0.992262 -0.0380529 0.000550443
3 33.0551 -7.12885 0.677125 -0.0263283 0.000392109
4 47.2699 -9.12297 0.784203 -0.0280607 0.000383203
5 54.5885 -10.882 0.968734 -0.0364578 0.000519034
6 37.4372 -7.63566 0.687561 -0.0252625 0.000355542
7 48.5604 -9.57915 0.846751 -0.0314154 0.000442487
8 38.5024 -7.4968 0.647178 -0.0227102 0.000306717
9 36.7621 -7.8381 0.735737 -0.0284702 0.000420228
10 38.7056 -7.66802 0.671305 -0.0239076 0.00032634
11 53.2464 -10.5564 0.930424 -0.0344505 0.000481997
12 50.044 -9.68703 0.829545 -0.0296675 0.00040472
13 44.2056 -8.71112 0.757874 -0.0273509 0.000377509
14 31.3015 -6.32933 0.55274 -0.0191793 0.000256044
15 28.6242 -5.38368 0.432321 -0.0132383 0.000156299
16 35.2407 -7.01688 0.610784 -0.0214653 0.000289363
17 49.8067 -9.68271 0.831519 -0.0298219 0.000406186
18 31.2168 -6.12507 0.516698 -0.0172137 0.000221058
19 38.3319 -7.3351 0.610231 -0.02045 0.000262289
20 45.9831 -8.68335 0.717013 -0.0243991 0.000317892
21 44.5628 -8.40154 0.697956 -0.0238899 0.00031299
22 37.9548 -7.17883 0.589481 -0.0194389 0.000246422
23 39.6446 -7.48344 0.609555 -0.019943 0.000249137
24 58.9573 -11.1716 0.942612 -0.0336466 0.000454052
25 47.6215 -8.88904 0.724988 -0.0243876 0.000313454
26 40.0012 -7.80915 0.66875 -0.0233613 0.000311215
27 42.1786 -8.09696 0.682342 -0.0236009 0.000311478
28 53.4721 -10.2328 0.870255 -0.0311829 0.000423593
29 34.8406 -7.07526 0.626882 -0.0225382 0.000309767
30 47.3268 -9.28425 0.807406 -0.0293415 0.000405781
31 40.1762 -7.6662 0.638502 -0.0214861 0.000274409
32 76.688 -17.4756 1.45467 -0.05009 0.000639165
33 28.2919 -7.10687 0.66678 -0.0244234 0.000336071
34 39.5382 -9.99541 0.929741 -0.0346205 0.000477779
35 22.5028 -4.89202 0.446291 -0.0155283 0.000207314
36 20.4746 -4.89323 0.446994 -0.0153503 0.000201463
37 22.6838 -4.73467 0.408937 -0.0132558 0.000165829
38 16.4407 -3.70216 0.339674 -0.0112159 0.000144579
39 17.3757 -3.69139 0.323274 -0.0101665 0.000124928
40 22.0463 -4.82341 0.439648 -0.0153858 0.00020883
41 22.2334 -4.85705 0.446006 -0.0157034 0.000212291
42 28.6785 -7.26715 0.688572 -0.0255402 0.000354221
43 30.6607 -7.58916 0.696443 -0.0250694 0.000335847
44 27.3871 -5.65038 0.491819 -0.0166274 0.000216194
45 19.3636 -4.4608 0.416028 -0.0146553 0.000199913
46 33.2558 -8.2449 0.752011 -0.0271034 0.000364044
47 29.9469 -7.37577 0.677328 -0.0244501 0.000329461
48 59.9796 -14.0168 1.21266 -0.0434266 0.000580225
49 61.0584 -15.0097 1.3503 -0.0500495 0.000686354
50 21.8524 -4.67407 0.413208 -0.0137043 0.00017462
51 29.1796 -5.70004 0.475725 -0.0154455 0.000193286
52 78.7482 -17.4505 1.42125 -0.0484156 0.000616776
53 21.9458 -4.63024 0.408109 -0.0135303 0.000172406
54 21.3632 -4.38794 0.377287 -0.0120581 0.000148769
55 16.5514 -3.6773 0.329617 -0.0105009 0.000128368
56 67.5673 -15.7268 1.34076 -0.0472683 0.000617634
57 20.5363 -5.16197 0.507821 -0.0193149 0.000281531
58 19.4931 -4.4417 0.412018 -0.0145322 0.000200916
59 56.8699 -13.5581 1.1834 -0.042127 0.000553769
60 17.894 -3.85021 0.332515 -0.010277 0.000122545
61 18.581 -3.8723 0.326538 -0.00978119 0.000112577
62 22.8997 -3.90622 0.259139 -0.00443956 -2.55918e-06
63 51.7676 -12.6878 1.13234 -0.0411044 0.00055115
64 24.0658 -5.96741 0.558141 -0.0200358 0.000272972
65 21.0131 -5.16969 0.487552 -0.0175013 0.000241262
66 77.7431 -18.5356 1.62127 -0.0590818 0.000797455
67 26.4345 -6.51605 0.600568 -0.0215498 0.000292849
68 25.0258 -5.00116 0.431982 -0.0143841 0.000188184
69 20.5279 -4.20738 0.357083 -0.0109754 0.000129895
70 30.2511 -7.64019 0.7176 -0.0264446 0.000363768
71 24.679 -5.21146 0.46556 -0.0157821 0.000204531
72 85.6075 -19.7368 1.65894 -0.0584352 0.00076794
73 19.4019 -4.70882 0.440371 -0.0155211 0.000211303
74 82.5663 -19.1362 1.62281 -0.0573777 0.000753726
75 16.8626 -3.7943 0.3468 -0.0115454 0.00015083
76 40.1812 -10.107 0.935117 -0.0347736 0.000480971
77 21.573 -4.22354 0.348628 -0.0104706 0.000120955
78 27.4125 -5.36217 0.447698 -0.0145219 0.000185894
79 68.3217 -16.2652 1.42206 -0.0515172 0.000692833
80 20.5628 -4.2782 0.375962 -0.0122586 0.000154292
81 15.0216 -2.71149 0.182946 -0.00248247 -1.57973e-05
82 67.2371 -16.1001 1.40402 -0.0503995 0.000668411
83 26.3275 -5.20153 0.434842 -0.0138592 0.000169567
84 13.2842 -2.43519 0.16629 -0.0023081 -8.76431e-06
85 68.847 -16.8821 1.51034 -0.0559003 0.000764566
86 19.7892 -3.94875 0.323764 -0.00943449 0.000107292
87 15.7525 -3.33303 0.280528 -0.00792352 8.47865e-05
88 11.4354 -1.68366 0.0585073 0.00375359 -0.000120705
89 13.8287 -2.69573 0.196636 -0.00318013 -7.71311e-06
90 12.3428 -2.10875 0.119142 0.000358903 -5.76939e-05
91 55.5779 -13.625 1.21723 -0.0443131 0.00059605
92 15.8657 -3.51644 0.298969 -0.00854795 9.1785e-05
93 61.1556 -14.2643 1.21164 -0.0425061 0.000558213
94 12.8391 -2.26489 0.143368 -0.000929984 -3.71278e-05
95 43.9751 -11.0231 1.00922 -0.0371311 0.000504226
