0 9.7449 -2.98173 0.310499 -0.0103512 0.0001382
1 20.2186 -5.52387 0.583404 -0.0221345 0.000312005
2 17.1957 -4.71227 0.474706 -0.0167414 0.000224764
3 21.167 -5.60769 0.542243 -0.0189865 0.00025223
4 24.3799 -6.71612 0.689028 -0.0259938 0.000363925
5 41.3332 -10.46 0.961392 -0.0343859 0.000456761
6 10.8554 -3.02931 0.320602 -0.0107489 0.000139371
7 18.3067 -4.78926 0.47745 -0.0166222 0.000217172
8 18.9047 -5.48486 0.565572 -0.0208768 0.00029062
9 19.8 -4.85888 0.499402 -0.0181429 0.000249363
10 24.3889 -6.59628 0.663185 -0.0244905 0.000337031
11 6.88145 -2.22158 0.261849 -0.00894541 0.000120145
12 5.72027 -2.20509 0.305197 -0.0123943 0.000190977
13 20.2725 -5.00385 0.511672 -0.0186422 0.000254686
14 25.4951 -6.83193 0.678565 -0.0249007 0.000339954
15 19.9075 -5.43941 0.565802 -0.0211148 0.000292727
16 19.1743 -4.66158 0.477017 -0.0169815 0.000223628
17 23.1241 -6.00206 0.606615 -0.0221666 0.000300912
18 64.1382 -14.1148 1.11682 -0.0351766 0.000411631
19 24.4661 -6.57797 0.629161 -0.0221525 0.000293648
20 20.7686 -5.60727 0.590357 -0.0223417 0.000313005
21 18.9888 -5.34983 0.527724 -0.0186521 0.000248851
22 7.27908 -2.73538 0.330923 -0.0122825 0.000174608
23 19.2115 -5.06691 0.50768 -0.0178609 0.000235195
24 -8.15436 0.551866 0.0491795 -0.00192949 3.72046e-05
25 6.80239 -2.68723 0.332238 -0.0126102 0.000182795
26 21.7309 -5.83891 0.589066 -0.0213424 0.000287738
27 21.2303 -5.71247 0.580123 -0.0210746 0.00028284
28 1.96588 -1.5322 0.24476 -0.00986629 0.000150746
29 18.0861 -5.19402 0.538166 -0.0196695 0.000269251
30 18.9607 -5.23557 0.542221 -0.019897 0.000272132
31 22.6862 -6.0883 0.595634 -0.0212208 0.000282862
32 22.082 -5.53671 0.479305 -0.0150968 0.000184736
33 77.13 -15.7036 1.14767 -0.0344057 0.000391218
34 116.386 -23.7732 1.7678 -0.05485 0.000635541
35 44.0819 -9.67558 0.755312 -0.0230906 0.000267984
36 13.5192 -3.99608 0.365463 -0.0114349 0.000140527
37 144.363 -29.1108 2.14154 -0.0662695 0.000764739
38 39.6257 -9.05437 0.724988 -0.0225888 0.00026925
39 29.2162 -7.15559 0.619543 -0.0202462 0.000250193
40 69.2782 -13.303 0.927014 -0.0260784 0.000279862
41 37.407 -7.92043 0.596817 -0.0172864 0.000194538
42 58.3991 -12.4804 0.945895 -0.0286474 0.000327049
43 104.868 -21.4245 1.58629 -0.0484227 0.00054991
44 73.1505 -15.5994 1.19353 -0.0369336 0.000424612
45 98.1583 -20.8571 1.5959 -0.0504505 0.000593121
46 16.5879 -4.71287 0.433591 -0.014086 0.000177109
47 41.4946 -9.15525 0.713511 -0.0218194 0.000255313
48 34.9818 -8.41139 0.715987 -0.0234193 0.000288258
49 54.8075 -11.6969 0.885432 -0.0266666 0.000303151
50 -7.36402 -0.12808 0.146458 -0.00680597 0.000114054
51 10.1735 -3.18119 0.335579 -0.0116299 0.000155504
52 26.8613 -6.86757 0.616472 -0.0207721 0.000264165
53 75.4784 -15.3086 1.1282 -0.0339041 0.000382727
54 25.1236 -6.432 0.568013 -0.018731 0.000234691
55 21.7809 -5.64899 0.505784 -0.0166268 0.000209564
56 88.3399 -17.8562 1.31814 -0.0397573 0.000444325
57 62.1248 -13.8206 1.08977 -0.0346076 0.000411671
58 60.396 -12.2959 0.906203 -0.0267872 0.000300284
59 72.3318 -15.6557 1.21889 -0.0386936 0.000460223
60 64.7027 -13.3207 1.00267 -0.0304851 0.000349347
61 74.7601 -16.2457 1.27566 -0.0410249 0.000493864
62 93.6607 -18.8158 1.35615 -0.0397765 0.00043354
63 80.9579 -16.919 1.26757 -0.0388366 0.000445527
64 41.4593 -8.29858 0.72173 -0.0247768 0.000318089
65 36.7634 -7.25279 0.626745 -0.0210867 0.00026628
66 45.2793 -9.1494 0.814276 -0.029181 0.000389356
67 38.3466 -7.46324 0.627237 -0.0203584 0.000245487
68 29.5963 -6.33682 0.574098 -0.0196742 0.000251024
69 46.3539 -8.91682 0.752149 -0.0253411 0.000319
70 39.9134 -7.79135 0.668866 -0.0226721 0.000289553
71 46.8034 -8.83814 0.736187 -0.0245851 0.000308397
72 43.7454 -8.48815 0.718759 -0.0241269 0.000302846
73 41.4577 -7.98061 0.672433 -0.0221698 0.000272731
74 37.5387 -7.48237 0.655516 -0.0225432 0.000290879
75 32.4191 -6.39448 0.541933 -0.0175469 0.000215528
76 36.3993 -7.41382 0.652687 -0.0223527 0.000285983
77 34.8902 -7.07632 0.618093 -0.0210023 0.000267958
78 44.1771 -8.58389 0.726413 -0.0244763 0.000309523
79 41.9006 -7.99446 0.666747 -0.0219129 0.000269791
80 44.2672 -8.52528 0.713257 -0.0235686 0.000290542
81 32.1519 -6.83017 0.609816 -0.0209133 0.000268784
82 44.4449 -8.54943 0.717571 -0.0239847 0.000300576
83 50.7164 -9.77883 0.825265 -0.0281796 0.000360085
84 47.5736 -10.1234 0.802869 -0.0256004 0.00184305
85 41.2021 -8.31528 0.734484 -0.0257479 0.000337219
86 44.3545 -8.3451 0.680411 -0.0219038 0.000264581
87 36.2636 -7.25244 0.619899 -0.0204892 0.000254029
88 40.3587 -7.97691 0.676584 -0.0224551 0.000277945
89 35.6506 -7.17982 0.623695 -0.0208866 0.000262766
90 39.2986 -7.99612 0.689702 -0.0233005 0.000294591
91 40.2399 -8.07338 0.702709 -0.0240668 0.000306928
92 35.8147 -8.32642 0.806445 -0.0307765 0.000436632
93 40.4872 -8.36314 0.730105 -0.0250563 0.00031953
94 46.1306 -9.2356 0.804493 -0.0279824 0.000362458
95 49.2947 -9.59877 0.814266 -0.0277784 0.0003539
