0 36.4897 -6.68623 0.53409 -0.0175816 0.000216365
1 30.5341 -5.76245 0.467766 -0.0154305 0.000190112
2 28.1795 -5.34072 0.436679 -0.0144571 0.000178943
3 38.2218 -6.85833 0.538777 -0.017532 0.000212644
4 32.8991 -5.98692 0.472817 -0.0152981 0.000185388
5 30.7128 -5.68477 0.456103 -0.0149014 0.00018236
6 28.0045 -5.41191 0.443859 -0.0146753 0.000181373
7 38.7396 -6.8924 0.538768 -0.0174827 0.000211559
8 34.9009 -6.26114 0.491844 -0.0159119 0.000192513
9 30.6364 -5.67364 0.456767 -0.0149792 0.000184144
10 34.5185 -6.28687 0.49774 -0.0162275 0.000197931
11 23.335 -4.71054 0.400857 -0.0135201 0.000169542
12 22.6839 -4.47737 0.374686 -0.0123919 0.000152923
13 34.0517 -6.21 0.488795 -0.0157726 0.00018985
14 24.6257 -4.86772 0.404323 -0.0133669 0.000164693
15 28.3056 -5.47817 0.450541 -0.01493 0.000184087
16 40.8503 -7.29594 0.568226 -0.0184523 0.000223906
17 43.6748 -7.51542 0.565797 -0.0177933 0.000208982
18 30.8326 -5.88016 0.474172 -0.0155294 0.000189544
19 19.5045 -4.1017 0.353787 -0.0118401 0.000147245
20 22.8744 -4.62732 0.389705 -0.012961 0.000160773
21 30.7887 -5.80232 0.46729 -0.0152796 0.000186193
22 47.2702 -8.16199 0.616657 -0.0195735 0.000231908
23 34.9079 -6.46018 0.515769 -0.0169276 0.000207421
24 33.3109 -6.07915 0.476804 -0.0152864 0.000183097
25 39.207 -6.90032 0.526072 -0.0166338 0.000196679
26 34.8799 -6.31706 0.493032 -0.015781 0.000188578
27 32.4796 -6.01784 0.476454 -0.0153804 0.000185037
28 26.3111 -5.09611 0.415043 -0.0135467 0.000165183
29 37.6841 -6.73478 0.520258 -0.0166016 0.000197816
30 32.9603 -5.95055 0.4621 -0.0146857 0.000174175
31 32.6484 -6.09316 0.487366 -0.0159468 0.000194101
32 30.027 -5.67058 0.464219 -0.0154329 0.000191414
33 39.0828 -7.0442 0.554344 -0.0181144 0.000221337
34 32.8726 -6.05121 0.48754 -0.0161223 0.000198755
35 38.093 -6.77881 0.531801 -0.017352 0.000211804
36 34.1752 -6.20011 0.493588 -0.0161585 0.00019768
37 29.7588 -5.61249 0.457218 -0.0151278 0.000187141
38 32.5662 -5.996 0.485195 -0.0160957 0.000199254
39 23.0785 -4.51906 0.379268 -0.01266 0.000157747
40 39.1521 -6.81738 0.530629 -0.0172296 0.000209875
41 37.106 -6.6766 0.52669 -0.0172209 0.000210436
42 33.5308 -6.06887 0.485468 -0.0159929 0.000197185
43 35.9008 -6.57967 0.527973 -0.0174744 0.000215701
44 44.5644 -7.75683 0.599166 -0.0194608 0.00023629
45 27.2276 -5.28706 0.438975 -0.0146774 0.000182913
46 31.3877 -5.77972 0.46153 -0.0150498 0.00018323
47 26.2686 -5.10729 0.425036 -0.01424 0.000177928
48 35.2509 -6.39623 0.50471 -0.0163952 0.000198793
49 36.621 -6.58369 0.518086 -0.0168825 0.000205517
50 36.8428 -6.62609 0.520326 -0.0168873 0.000204273
51 36.1298 -6.48785 0.507753 -0.0164064 0.000197872
52 31.2592 -5.88371 0.473255 -0.0155116 0.000189681
53 31.4565 -5.93404 0.478647 -0.0157247 0.000192484
54 30.3461 -5.73087 0.463084 -0.015184 0.000185293
55 29.4838 -5.6559 0.463798 -0.0153674 0.000189125
56 46.358 -8.0332 0.610579 -0.0194902 0.000231898
57 25.95 -5.20044 0.433199 -0.0144397 0.000179389
58 32.4502 -6.11796 0.489632 -0.0159772 0.000194893
59 39.997 -7.08592 0.543888 -0.0173207 0.000205971
60 37.0801 -6.7412 0.524901 -0.0168644 0.000202074
61 33.7786 -6.20637 0.488101 -0.015711 0.000189107
62 31.4537 -5.92486 0.473079 -0.0153628 0.00018588
63 39.107 -7.07776 0.555763 -0.0181125 0.000219647
64 46.9908 -8.06349 0.615105 -0.0198417 0.000239979
65 37.4554 -6.68522 0.526775 -0.0172976 0.000213421
66 51.414 -8.67813 0.64917 -0.0206302 0.00024529
67 38.0691 -6.70913 0.520425 -0.0167869 0.000202657
68 52.1847 -8.86495 0.672026 -0.0216963 0.00026203
69 56.5407 -9.24469 0.681137 -0.0215516 0.000256087
70 21.8992 -4.44699 0.380356 -0.0128587 0.000162134
71 41.4228 -7.18113 0.556433 -0.0181007 0.00022051
72 55.3034 -9.09158 0.669248 -0.0210672 0.000249041
73 46.9542 -8.02619 0.61043 -0.0196561 0.000237412
74 40.8477 -7.22175 0.565716 -0.0185375 0.000227309
75 45.3251 -7.78869 0.595081 -0.0191928 0.00023183
76 43.8918 -7.63543 0.588037 -0.019039 0.000230636
77 39.649 -7.0117 0.543577 -0.0175755 0.000212455
78 39.5561 -7.0884 0.557195 -0.0182682 0.000223827
79 41.2717 -7.29196 0.567808 -0.0185032 0.000225332
80 43.3038 -7.61935 0.588544 -0.0190703 0.000231208
81 46.0632 -8.10927 0.628261 -0.0205495 0.000250893
82 40.5693 -7.24572 0.561768 -0.0181617 0.000219529
83 50.7008 -8.62541 0.649876 -0.0207506 0.00024724
84 49.9043 -8.47539 0.632498 -0.0200169 0.000237043
85 34.9054 -6.56436 0.529003 -0.0175385 0.000216496
86 42.3527 -7.46886 0.576658 -0.0186162 0.000224482
87 49.4079 -8.59948 0.658243 -0.021275 0.000256565
88 37.2995 -6.90117 0.550065 -0.0181192 0.000222449
89 56.346 -9.68481 0.730356 -0.0233856 0.000279062
90 35.4789 -6.59161 0.527282 -0.0173492 0.000212818
91 40.267 -7.29995 0.573688 -0.0187143 0.000227161
92 45.6261 -8.06407 0.623991 -0.0202866 0.000246042
93 39.7165 -7.22003 0.56604 -0.0184625 0.000224925
94 38.5009 -7.01727 0.555713 -0.0182813 0.000224302
95 44.5115 -7.84498 0.607107 -0.0197313 0.00023919
