0 40.0945 -7.26656 0.579904 -0.0192225 0.000238712
1 31.3576 -6.01991 0.498291 -0.0168029 0.00021104
2 37.0769 -6.87232 0.557422 -0.0187247 0.000234991
3 40.2839 -7.25047 0.573583 -0.0188862 0.000232635
4 30.0858 -5.75054 0.474415 -0.0159291 0.000200101
5 33.7512 -6.25864 0.506759 -0.0168578 0.000209809
6 53.8955 -9.18533 0.695811 -0.0223801 0.000269136
7 45.4516 -8.01177 0.623629 -0.0204239 0.000250044
8 39.7997 -7.13765 0.563492 -0.0185133 0.000227221
9 40.7715 -7.31531 0.57606 -0.0188824 0.000231104
10 43.0864 -7.5717 0.588702 -0.0191677 0.000233592
11 39.8277 -7.15411 0.566923 -0.0187151 0.000230945
12 37.7794 -6.73687 0.527622 -0.0171292 0.000208165
13 32.7184 -6.09958 0.493217 -0.0163265 0.000201849
14 45.5402 -8.01105 0.621078 -0.0202093 0.000245105
15 36.2435 -6.56492 0.521499 -0.0171254 0.000210154
16 35.6045 -6.60717 0.534008 -0.0178225 0.000221928
17 29.7854 -5.83043 0.485135 -0.0163759 0.000206087
18 33.1988 -6.25926 0.507136 -0.0168387 0.000208625
19 53.2263 -9.19172 0.705918 -0.0230237 0.000280153
20 41.1357 -7.36599 0.575609 -0.0187392 0.000228302
21 41.6568 -7.3565 0.566829 -0.0181745 0.000217506
22 32.1049 -6.12481 0.50077 -0.0166933 0.000207707
23 41.0637 -7.38828 0.579461 -0.0189212 0.000230357
24 37.9071 -6.87112 0.541236 -0.0176492 0.000215045
25 35.3439 -6.44462 0.509915 -0.0166551 0.000203755
26 30.7605 -5.9383 0.486937 -0.0162103 0.000201027
27 41.8508 -7.47383 0.581168 -0.0188458 0.000228121
28 36.2369 -6.65309 0.525784 -0.0171071 0.000207921
29 38.1032 -6.79687 0.524654 -0.0168063 0.000202415
30 36.7475 -6.85262 0.545202 -0.0178614 0.000217965
31 43.7481 -7.64115 0.584178 -0.0187037 0.000224194
32 51.7085 -10.442 0.77249 -0.0236462 0.000270327
33 52.9326 -10.8163 0.809327 -0.0249422 0.000284823
34 25.1013 -5.36535 0.429675 -0.0136544 0.000163696
35 18.5417 -4.38799 0.388526 -0.0131995 0.000166185
36 54.1354 -10.978 0.825928 -0.0256676 0.000295411
37 72.4906 -14.2269 1.02234 -0.0307539 0.000344159
38 17.5072 -4.09908 0.356342 -0.0118749 0.000148654
39 25.4813 -5.74411 0.483364 -0.0159914 0.000195732
40 30.9969 -6.59121 0.522261 -0.0165927 0.000196683
41 29.0328 -6.37649 0.520421 -0.0169051 0.000203423
42 17.7829 -4.15185 0.366352 -0.0123514 0.000154916
43 30.0837 -6.58067 0.536491 -0.0174594 0.000210705
44 17.4666 -3.96572 0.354686 -0.0120581 0.000152151
45 20.2041 -4.73235 0.415728 -0.0140055 0.000173678
46 16.7027 -3.77059 0.338091 -0.0114776 0.000144538
47 20.4963 -4.73548 0.405222 -0.0134492 0.000166088
48 30.308 -6.4572 0.515172 -0.0164452 0.00019555
49 28.4467 -6.28126 0.513891 -0.0167033 0.000201615
50 21.9789 -5.06978 0.437758 -0.0146554 0.000181376
51 35.7619 -7.54662 0.586317 -0.0184708 0.000216843
52 33.7646 -7.20464 0.561778 -0.0177049 0.000208033
53 25.7234 -5.10311 0.420055 -0.0137182 0.000166777
54 18.4418 -4.3743 0.388154 -0.0131504 0.000164539
55 69.0501 -13.4203 0.956864 -0.0285703 0.000317507
56 31.202 -6.75876 0.540316 -0.0172742 0.000204523
57 21.9325 -4.48051 0.372489 -0.012117 0.000148057
58 13.7418 -3.44543 0.321028 -0.0110631 0.000140802
59 26.298 -5.84453 0.482592 -0.0157477 0.000190717
60 22.7709 -4.74836 0.399313 -0.0131627 0.000161607
61 20.7092 -4.82784 0.416714 -0.0138382 0.000169438
62 29.7283 -6.63822 0.543567 -0.0177208 0.00021399
63 22.1523 -5.18717 0.445577 -0.0148834 0.000183297
64 31.0312 -5.7808 0.4686 -0.0154827 0.000191427
65 31.2146 -6.0541 0.50261 -0.0169418 0.000213385
66 44.4836 -7.904 0.624136 -0.0207066 0.000256956
67 26.7041 -5.33271 0.452068 -0.0153826 0.000195515
68 42.484 -7.60711 0.597664 -0.0195644 0.000239784
69 34.3336 -6.14706 0.485401 -0.0157787 0.000192089
70 37.6563 -6.75963 0.534127 -0.0174846 0.000214022
71 30.9993 -5.8492 0.479405 -0.0160031 0.000199865
72 33.7909 -6.46757 0.534323 -0.0180516 0.000228081
73 29.0933 -5.63644 0.470419 -0.0158568 0.000200016
74 35.9988 -6.62403 0.53904 -0.0181055 0.000227786
75 28.8601 -5.5239 0.45559 -0.0151515 0.00018786
76 34.4934 -6.3016 0.504199 -0.0165938 0.000204558
77 27.3567 -5.41411 0.451511 -0.0151078 0.000188834
78 28.2474 -5.47268 0.450783 -0.0149476 0.000184639
79 40.1462 -7.52795 0.612475 -0.0206769 0.00025962
80 40.246 -7.25468 0.568761 -0.0185011 0.000225223
81 30.0814 -5.55841 0.440339 -0.0140871 0.000169458
82 30.0814 -5.55841 0.440339 -0.0140871 0.000169458
83 47.4066 -8.43378 0.659314 -0.0216677 0.000265872
84 29.2203 -5.61397 0.460372 -0.0152275 0.00018741
85 28.4223 -5.90833 0.505786 -0.0173642 0.00022099
86 31.4896 -6.13595 0.506325 -0.0169347 0.000210289
87 31.5016 -6.08795 0.50759 -0.0172287 0.000217866
88 36.9968 -6.82561 0.545627 -0.0179453 0.000220106
89 42.1005 -7.66796 0.607743 -0.0200289 0.000246153
90 40.6653 -7.43173 0.585109 -0.0190574 0.000230977
91 30.0756 -5.79489 0.47998 -0.016081 0.000200226
92 25.8918 -5.31437 0.453154 -0.0153887 0.000194556
93 33.3408 -6.26217 0.505371 -0.0166545 0.000204476
94 32.0388 -6.25285 0.518266 -0.0174696 0.000219149
95 31.9924 -6.2771 0.523594 -0.0177752 0.000224202
