0 25.9058 -5.58158 0.52066 -0.0180991 0.000238366
1 18.183 -4.6699 0.470085 -0.0168707 0.000228613
2 19.5889 -4.43937 0.431299 -0.0149979 0.000198618
3 23.2709 -5.51757 0.540462 -0.01952 0.000263932
4 27.9285 -5.82427 0.525149 -0.0177411 0.000227415
5 21.4934 -4.5318 0.413064 -0.0134829 0.000169163
6 15.3214 -3.77317 0.365518 -0.0119669 0.000148651
7 32.2205 -6.52547 0.576193 -0.0193885 0.000245976
8 22.3173 -5.12085 0.484195 -0.0165987 0.000214537
9 32.4438 -6.91974 0.632324 -0.022219 0.000293065
10 21.8052 -5.14548 0.505953 -0.0182134 0.000246873
11 24.5669 -5.7803 0.565588 -0.0205842 0.000280601
12 25.1179 -5.74591 0.539255 -0.0187299 0.000244089
13 20.0629 -5.117 0.503929 -0.017891 0.000239105
14 19.1263 -4.72804 0.457183 -0.0156712 0.000202971
15 21.2855 -5.03265 0.487675 -0.0172339 0.000228877
16 32.1828 -7.0519 0.647024 -0.0227611 0.000299367
17 28.7156 -6.04571 0.53402 -0.017599 0.000218572
18 26.5689 -6.0052 0.557157 -0.0193106 0.000251521
19 37.9361 -7.91584 0.699882 -0.0241426 0.000312254
20 19.9368 -4.99836 0.486728 -0.0170169 0.000223427
21 34.3564 -6.92309 0.600502 -0.0199095 0.000246945
22 21.2588 -4.79114 0.441502 -0.0145951 0.000182962
23 22.5233 -5.22397 0.491901 -0.0168829 0.000217916
24 22.9825 -5.10028 0.471974 -0.0159053 0.00020371
25 28.4532 -6.17636 0.562032 -0.0192138 0.000246671
26 26.8002 -5.85358 0.531553 -0.0179556 0.000227331
27 31.6189 -6.59358 0.593179 -0.0205417 0.000268468
28 34.1941 -6.42523 0.522125 -0.0159584 0.000183779
29 25.2451 -5.60541 0.50493 -0.0166731 0.000206907
30 29.516 -6.17155 0.552402 -0.0186348 0.000237064
31 31.887 -6.88969 0.622458 -0.0214422 0.000274444
32 65.7857 -11.23 0.87457 -0.0281917 0.000343901
33 53.2691 -9.83692 0.804445 -0.0265757 0.000329556
34 52.4259 -9.37463 0.745903 -0.0238237 0.000286564
35 53.1756 -9.49058 0.757808 -0.0243985 0.000295701
36 63.4144 -10.6699 0.817787 -0.0257705 0.000307967
37 68.8494 -11.8108 0.925297 -0.0302569 0.000374622
38 51.7783 -9.39168 0.76595 -0.0251751 0.000310874
39 53.7061 -10.0982 0.842611 -0.0285348 0.000360266
40 57.9909 -10.3742 0.824982 -0.02668 0.000324755
41 63.0841 -11.6269 0.952767 -0.0322345 0.000409095
42 55.0918 -10.0646 0.826084 -0.0278229 0.000352985
43 57.8713 -10.3422 0.824434 -0.0267441 0.000325145
44 61.0558 -10.6977 0.841852 -0.0272173 0.000332676
45 55.1766 -9.6139 0.742199 -0.0230237 0.00026877
46 62.0244 -11.1029 0.889263 -0.0294163 0.000366288
47 58.7302 -10.9975 0.911276 -0.0309467 0.000391407
48 62.7641 -11.0662 0.865781 -0.0276344 0.000329165
49 65.6601 -11.6833 0.931256 -0.0307512 0.0003817
50 59.5178 -11.0703 0.908962 -0.0305633 0.00038573
51 60.5327 -11.063 0.892925 -0.0295539 0.000366049
52 59.8001 -10.9034 0.879146 -0.0290841 0.000361539
53 53.2199 -9.71881 0.789953 -0.0261748 0.000326796
54 62.032 -11.4895 0.937997 -0.0315467 0.000398381
55 54.1372 -10.0421 0.825205 -0.0275543 0.000344073
56 63.9386 -11.5997 0.932555 -0.0309134 0.00038465
57 64.8187 -12.185 1.01616 -0.0351806 0.00045591
58 60.0004 -11.3172 0.940386 -0.0321212 0.000410339
59 63.5358 -11.3999 0.90225 -0.0291981 0.000353525
60 55.0839 -10.0315 0.795325 -0.025469 0.000306916
61 57.1986 -10.1533 0.790384 -0.0248175 0.000291799
62 69.2281 -12.7142 1.03137 -0.0347163 0.000438028
63 56.0682 -10.4308 0.849335 -0.0281511 0.000351235
64 34.0592 -6.60485 0.562126 -0.0182583 0.000224307
65 27.4037 -5.7431 0.513931 -0.0170615 0.000213787
66 20.3059 -4.52949 0.427942 -0.0144505 0.000187019
67 34.8224 -6.86287 0.597774 -0.0201788 0.000257786
68 19.6961 -4.53034 0.432561 -0.0146926 0.000189086
69 23.8144 -5.14705 0.476625 -0.0161996 0.000209554
70 26.2043 -5.67084 0.522191 -0.0179333 0.00023291
71 32.6291 -6.96226 0.645465 -0.0231219 0.000309987
72 27.8924 -5.89383 0.530618 -0.0178365 0.000225803
73 17.8678 -4.05215 0.386704 -0.0129552 0.000167156
74 41.3522 -7.67136 0.639658 -0.0209872 0.000261198
75 18.0248 -4.5096 0.444639 -0.0156122 0.000208196
76 26.7098 -5.78492 0.531146 -0.0182412 0.000236862
77 31.8956 -6.80733 0.61863 -0.0217411 0.000287583
78 29.733 -6.06603 0.536674 -0.0178655 0.000223875
79 18.719 -4.75804 0.464883 -0.01617 0.000211785
80 32.6732 -6.89662 0.615669 -0.0209303 0.000266491
81 28.4821 -6.19569 0.563051 -0.0193159 0.000250575
82 30.7438 -6.46834 0.58181 -0.0199979 0.000258962
83 28.0525 -6.14354 0.571318 -0.0201197 0.000266531
84 39.7358 -8.0285 0.696347 -0.0236647 0.000302194
85 45.1733 -8.77955 0.742875 -0.0248506 0.000312094
86 23.8034 -5.41156 0.507931 -0.017481 0.000227099
87 23.3284 -5.14762 0.467204 -0.0152751 0.000187509
88 33.6173 -7.02255 0.612303 -0.020374 0.000254317
89 38.9423 -7.67656 0.65193 -0.0214294 0.000264724
90 38.4065 -7.70347 0.663025 -0.022115 0.000276474
91 32.743 -6.63922 0.580879 -0.019308 0.000240456
92 26.0626 -5.84664 0.541368 -0.0186529 0.000242106
93 31.8954 -7.03751 0.652751 -0.0231888 0.000308188
94 46.1091 -9.21187 0.795806 -0.0272418 0.000347991
95 44.7837 -8.36697 0.680418 -0.0215906 0.00025497
