0 64.2716 -11.8632 0.782947 -0.021835 0.000232385
1 68.0646 -12.6506 0.850384 -0.024169 0.000259826
2 83.9366 -15.4585 1.03481 -0.0294616 0.000315973
3 99.5411 -17.7189 1.14569 -0.0316385 0.00032929
4 74.2553 -13.5706 0.900216 -0.0253259 0.000269314
5 85.0189 -15.0096 0.964302 -0.0264453 0.000275209
6 77.4524 -13.8537 0.898076 -0.0247528 0.000259203
7 87.8846 -15.78 1.03476 -0.0288645 0.000302754
8 81.1603 -14.5385 0.944769 -0.0261907 0.000275794
9 79.882 -14.3972 0.945638 -0.0263689 0.000277336
10 73.2347 -13.6057 0.923962 -0.0265482 0.00028717
11 77.4924 -14.0488 0.924651 -0.0257996 0.000271702
12 74.2431 -13.7588 0.924933 -0.0263762 0.000284313
13 75.6527 -13.5292 0.877955 -0.0242271 0.000253769
14 80.03 -14.2165 0.917209 -0.0251584 0.000261444
15 87.3518 -15.8387 1.05466 -0.0298382 0.000316689
16 78.4912 -14.215 0.93253 -0.0259974 0.0002743
17 69.8141 -12.1406 0.765543 -0.0204944 0.000209454
18 79.0047 -14.3134 0.937156 -0.0261545 0.000277156
19 71.7357 -13.2527 0.885147 -0.0249626 0.000265302
20 70.1295 -12.8658 0.859036 -0.0242545 0.000258519
21 80.5105 -14.4977 0.936007 -0.0258099 0.000270689
22 71.3778 -12.8147 0.834524 -0.0230302 0.00024102
23 83.2864 -15.1075 0.992573 -0.0277656 0.000293513
24 70.471 -12.9429 0.86322 -0.0243586 0.000259465
25 71.9823 -13.0967 0.863427 -0.0241407 0.000255718
26 74.1936 -13.699 0.927594 -0.0265669 0.000285383
27 69.72 -12.6286 0.832372 -0.023217 0.000244674
28 93.8291 -17.1101 1.13455 -0.0320417 0.000339718
29 79.6388 -14.769 1.00271 -0.0288863 0.000312999
30 75.67 -14.1603 0.962415 -0.0276962 0.000299943
31 98.0524 -17.1386 1.09379 -0.0299353 0.000309968
32 29.7141 -5.61798 0.460293 -0.0152939 0.000189802
33 32.3044 -5.93613 0.478555 -0.0157773 0.000194799
34 19.0641 -4.07196 0.363649 -0.0126256 0.000163604
35 22.8053 -4.62251 0.398452 -0.0135863 0.000172285
36 30.0028 -5.62292 0.461629 -0.0154226 0.000193104
37 24.4298 -4.77814 0.402464 -0.0135131 0.000169763
38 36.6097 -6.29099 0.489428 -0.0158502 0.000193197
39 26.1435 -5.03626 0.419457 -0.0139823 0.000173951
40 30.5878 -5.68661 0.459791 -0.01511 0.000185591
41 29.9465 -5.61825 0.458931 -0.0152176 0.00018837
42 34.5709 -6.13069 0.483664 -0.0157542 0.000192625
43 31.4244 -5.64568 0.445263 -0.0143142 0.00017199
44 35.9914 -6.6181 0.526336 -0.01721 0.000210308
45 29.9066 -5.67663 0.467345 -0.015584 0.000193818
46 31.3028 -5.60737 0.442234 -0.0142676 0.000172564
47 27.5715 -5.26716 0.428158 -0.0139494 0.000169205
48 34.5106 -6.32619 0.503205 -0.0164291 0.000200058
49 29.8983 -5.65453 0.460467 -0.0151847 0.000187354
50 33.8714 -6.34392 0.513065 -0.0169633 0.000209549
51 38.8035 -7.01529 0.552184 -0.0180157 0.000219502
52 26.1019 -5.21038 0.439631 -0.0147643 0.000184103
53 33.4355 -6.16261 0.491761 -0.0160416 0.000194842
54 36.3224 -6.58286 0.516755 -0.0166904 0.000201105
55 38.5925 -6.97405 0.551533 -0.0180474 0.000220047
56 29.7687 -5.8297 0.48379 -0.0162327 0.000202764
57 26.0765 -5.23087 0.442511 -0.0149395 0.000187566
58 29.7001 -5.7841 0.475528 -0.0157443 0.000193654
59 19.919 -4.20701 0.363858 -0.0121986 0.000151854
60 24.1087 -4.86985 0.410177 -0.0137037 0.000170196
61 29.4722 -5.69209 0.464733 -0.015343 0.00018863
62 30.4356 -5.7316 0.462974 -0.0151736 0.000185268
63 37.048 -6.76599 0.529823 -0.0170817 0.000204944
64 22.4993 -4.5964 0.393267 -0.0132331 0.000165742
65 23.0474 -4.47394 0.373133 -0.0123063 0.000152021
66 21.3314 -4.26999 0.360851 -0.0119311 0.000147444
67 20.9132 -4.22057 0.361191 -0.0120856 0.000151505
68 33.7944 -6.07308 0.482159 -0.0157256 0.000193101
69 20.4513 -4.23061 0.3642 -0.0121954 0.000152994
70 16.281 -3.62582 0.326637 -0.0111775 0.000142605
71 30.7332 -5.84979 0.478783 -0.0158178 0.000195043
72 22.5832 -5.09387 0.434646 -0.0144838 0.000179265
73 21.9931 -4.4037 0.374386 -0.0125379 0.000157661
74 20.9545 -4.11497 0.345564 -0.0113487 0.000139539
75 23.4135 -4.64213 0.392161 -0.0130652 0.000163152
76 35.9096 -6.60808 0.527662 -0.0173007 0.000212143
77 22.4119 -4.64473 0.3942 -0.0131314 0.000163149
78 21.8253 -4.33088 0.36425 -0.0120507 0.000149166
79 18.0137 -4.09911 0.363141 -0.0122843 0.000154152
80 27.4673 -5.15194 0.412443 -0.013262 0.000159861
81 22.1027 -4.80971 0.418772 -0.0141997 0.000178451
82 30.1701 -5.63904 0.452913 -0.0147387 0.000179929
83 26.161 -5.18808 0.429619 -0.0141792 0.000174665
84 20.8413 -4.32598 0.369691 -0.0123235 0.000152875
85 29.5795 -5.6107 0.45407 -0.0147933 0.000179616
86 33.8837 -6.40905 0.520911 -0.0172779 0.00021386
87 19.1495 -4.35103 0.382569 -0.0128886 0.000160638
88 30.5502 -6.04613 0.501092 -0.0167059 0.000207223
89 26.6392 -5.5252 0.471866 -0.0159541 0.000199852
90 23.9125 -4.87804 0.411384 -0.0136811 0.000169527
91 22.5724 -4.65848 0.395375 -0.0131121 0.000161233
92 18.7826 -4.20263 0.378125 -0.0131139 0.00016933
93 24.5542 -4.89314 0.411164 -0.0136844 0.000169536
94 21.6597 -4.51844 0.388592 -0.0130499 0.000163307
95 23.8524 -5.07174 0.438678 -0.0149265 0.000188027
