0 21.8177 -4.40235 0.378252 -0.0128067 0.000161757
1 23.1019 -4.73782 0.405952 -0.013749 0.000173265
2 18.5801 -4.24843 0.374037 -0.0127504 0.000161656
3 17.0303 -3.96638 0.360941 -0.0126479 0.000164173
4 23.7987 -5.38258 0.456809 -0.0152596 0.000188166
5 30.2478 -5.68473 0.462009 -0.0152449 0.000187719
6 15.7382 -3.53164 0.319808 -0.0109751 0.000140252
7 18.7432 -4.02355 0.353141 -0.0120121 0.000152623
8 19.0986 -4.20766 0.369811 -0.0125867 0.000159249
9 32.2852 -5.96858 0.476746 -0.0155609 0.000189487
10 25.2098 -4.94814 0.411931 -0.013674 0.000169173
11 25.6359 -5.0049 0.415752 -0.0138292 0.000171099
12 23.3665 -4.75177 0.401737 -0.0134838 0.000168504
13 18.9055 -4.07138 0.355014 -0.0119941 0.00015091
14 34.3301 -6.25699 0.496362 -0.0161693 0.000196569
15 17.6284 -4.02327 0.362753 -0.012588 0.000161954
16 23.605 -4.79416 0.400569 -0.0132559 0.000163152
17 27.0564 -5.30332 0.437582 -0.0144911 0.00017857
18 32.5461 -6.04947 0.48105 -0.0156235 0.000189115
19 31.0089 -5.93484 0.485604 -0.0161494 0.000200209
20 20.0742 -4.35829 0.37224 -0.01239 0.000153501
21 24.2088 -4.91476 0.415658 -0.0139673 0.000174443
22 34.1521 -6.48647 0.525804 -0.0174538 0.000215113
23 17.0012 -3.84193 0.344821 -0.0118768 0.000151493
24 30.036 -5.78814 0.46781 -0.0153024 0.000186788
25 21.8836 -4.56986 0.389894 -0.0130726 0.000162502
26 26.8834 -5.29117 0.435541 -0.0143612 0.000176396
27 29.066 -5.6142 0.458064 -0.0150438 0.000183236
28 27.3916 -5.28641 0.431755 -0.0142106 0.000174666
29 25.1173 -4.90301 0.402984 -0.0132369 0.000162402
30 26.6138 -5.20946 0.427234 -0.01406 0.000172271
31 25.1547 -5.10852 0.42678 -0.014163 0.000174018
32 36.4299 -6.6821 0.528241 -0.0172132 0.000209392
33 41.7322 -7.27995 0.557073 -0.0178248 0.000213297
34 28.9541 -5.39591 0.434372 -0.0141786 0.000172937
35 34.2606 -6.17978 0.488632 -0.0159552 0.000194787
36 25.6681 -4.88264 0.403289 -0.0134338 0.000167762
37 28.6737 -5.3421 0.435266 -0.0144086 0.000178429
38 31.0218 -5.63698 0.449696 -0.0146635 0.000178841
39 33.4871 -6.03416 0.471752 -0.0151535 0.000182274
40 36.1161 -6.45908 0.506092 -0.0164418 0.000200083
41 36.1556 -6.37969 0.498022 -0.0161099 0.000195119
42 34.1815 -6.06688 0.474586 -0.0153329 0.00018566
43 34.5095 -6.14933 0.483589 -0.0156983 0.000190748
44 42.1137 -7.45958 0.579551 -0.0188224 0.000228339
45 33.101 -5.99075 0.471366 -0.0152315 0.000183992
46 39.4974 -6.99616 0.540815 -0.0173827 0.000208318
47 38.285 -6.77114 0.521541 -0.0167022 0.000200148
48 40.9496 -7.26499 0.563336 -0.0182378 0.000220444
49 41.7394 -7.37898 0.567349 -0.0181913 0.000217843
50 37.0269 -6.75618 0.532417 -0.0173526 0.000210933
51 43.4955 -7.52322 0.571452 -0.0181861 0.000216068
52 42.7318 -7.57271 0.580884 -0.0186193 0.000222908
53 36.063 -6.60125 0.523452 -0.0171891 0.000210411
54 37.1111 -6.61894 0.510274 -0.0162897 0.000194492
55 34.4048 -6.36725 0.506749 -0.0165671 0.000201416
56 35.6207 -6.53497 0.513775 -0.0166524 0.000201277
57 31.8675 -5.98377 0.479905 -0.0157066 0.000191625
58 47.324 -8.23852 0.625998 -0.0200091 0.000238617
59 37.3452 -6.74132 0.524633 -0.0168788 0.000202591
60 32.5433 -5.95287 0.470754 -0.0153255 0.000187349
61 40.7502 -7.16655 0.549979 -0.0175951 0.000209994
62 35.5892 -6.37123 0.493446 -0.0157432 0.000187601
63 38.304 -6.79992 0.522929 -0.0166748 0.000198413
64 28.2149 -5.50038 0.451984 -0.0149279 0.000183542
65 21.7354 -4.51882 0.387312 -0.0130491 0.00016352
66 41.3295 -7.34449 0.57327 -0.0186564 0.000226614
67 35.3036 -6.34219 0.502519 -0.0164789 0.000202038
68 30.3517 -5.73661 0.469596 -0.0156476 0.000194963
69 30.9821 -5.77014 0.467919 -0.0154706 0.000191209
70 23.5553 -4.71054 0.397323 -0.013293 0.000165613
71 34.3372 -6.47545 0.529817 -0.0177769 0.000221707
72 40.6597 -7.14154 0.548545 -0.017527 0.000208929
73 24.6458 -4.9754 0.422712 -0.0143335 0.000181005
74 38.9955 -6.9935 0.550017 -0.01795 0.000218357
75 36.9178 -6.70422 0.531288 -0.0174056 0.000212348
76 30.326 -5.69475 0.461109 -0.0151754 0.000185992
77 23.7262 -4.87898 0.412532 -0.0138371 0.000172431
78 36.5509 -6.58285 0.517928 -0.0168416 0.000203883
79 34.9067 -6.32625 0.503053 -0.0164709 0.000201304
80 36.2046 -6.69862 0.530608 -0.0172716 0.000209252
81 37.0659 -6.77407 0.53581 -0.0175006 0.000212851
82 38.2136 -6.90583 0.538728 -0.0173586 0.000208085
83 36.0995 -6.52675 0.513203 -0.0166095 0.000200007
84 35.9099 -6.64896 0.526222 -0.0170938 0.000206424
85 23.2067 -4.65603 0.395556 -0.0132847 0.000165517
86 37.5801 -6.85589 0.544684 -0.0178467 0.000217227
87 22.8403 -4.59611 0.385166 -0.0127313 0.000156125
88 33.3071 -6.30995 0.511508 -0.0169519 0.000208876
89 33.1249 -6.34199 0.517269 -0.0172076 0.000212352
90 34.1602 -6.40152 0.515843 -0.0170132 0.000208641
91 37.9451 -6.97368 0.555583 -0.0182937 0.000223485
92 38.33 -6.92312 0.545567 -0.01784 0.000217104
93 31.3258 -5.85826 0.473846 -0.0156432 0.0001921
94 39.5638 -7.12523 0.561076 -0.0183565 0.000223121
95 35.2567 -6.45449 0.506578 -0.0163325 0.000196021
