0 30.9965 -6.82864 0.559127 -0.0183481 0.000222444
1 17.9198 -3.86563 0.346022 -0.0119738 0.000153843
2 21.9023 -5.02638 0.443265 -0.0152302 0.000192387
3 29.2381 -6.35991 0.518462 -0.0168671 0.000202556
4 19.3983 -4.16774 0.367961 -0.0126651 0.000161915
5 22.6418 -5.15915 0.452384 -0.0155458 0.000196662
6 28.1759 -6.36321 0.542554 -0.018352 0.000227986
7 19.3871 -4.11622 0.3623 -0.0123838 0.000156158
8 27.2918 -6.04298 0.500952 -0.016501 0.00020057
9 25.2615 -5.53696 0.462779 -0.0152927 0.000186664
10 31.2171 -6.72905 0.544427 -0.0176846 0.000212336
11 22.188 -4.29619 0.365444 -0.0124019 0.000156892
12 19.2268 -4.25526 0.384698 -0.0134486 0.000173349
13 25.7757 -5.61485 0.465573 -0.0153029 0.000185891
14 22.7446 -5.06421 0.433294 -0.014545 0.00017969
15 30.2265 -6.54801 0.532261 -0.0173808 0.000209613
16 22.915 -5.18354 0.444427 -0.0149495 0.000185325
17 28.3387 -5.32267 0.434325 -0.0143391 0.000176011
18 35.5114 -7.56234 0.59831 -0.0191423 0.000226277
19 19.1138 -4.04756 0.357157 -0.0122939 0.000157038
20 23.221 -5.16483 0.435261 -0.0144513 0.000177466
21 24.1107 -4.87791 0.413783 -0.013916 0.000173122
22 37.3062 -7.79823 0.605272 -0.0191003 0.00022318
23 17.8709 -4.05059 0.359317 -0.0122764 0.000155095
24 22.3386 -5.15359 0.453429 -0.0155772 0.000196647
25 24.545 -4.97172 0.426516 -0.0145725 0.000184501
26 20.7896 -4.80067 0.425828 -0.0147013 0.000186702
27 28.52 -6.28941 0.518229 -0.0170313 0.000206393
28 25.494 -5.85246 0.504496 -0.0171818 0.000214829
29 22.2797 -4.48571 0.380703 -0.0127655 0.000159381
30 22.8774 -5.11079 0.433846 -0.0144293 0.000176661
31 32.2484 -6.98537 0.560481 -0.0180717 0.000214455
32 44.8045 -7.91014 0.622325 -0.0205321 0.000253751
33 48.3358 -8.16081 0.623886 -0.0201657 0.000244351
34 42.8853 -7.52768 0.594005 -0.0196525 0.000243546
35 56.7238 -9.6126 0.725755 -0.0232388 0.000277277
36 48.7821 -8.30371 0.632607 -0.0203015 0.00024298
37 53.164 -8.75953 0.656082 -0.0208773 0.000248835
38 45.6427 -7.73956 0.600075 -0.0196649 0.000242332
39 53.6098 -8.8838 0.663042 -0.0210255 0.000249367
40 48.3214 -8.24228 0.625623 -0.0200247 0.000240022
41 50.6299 -8.3866 0.628358 -0.0199236 0.000236665
42 51.8627 -8.65099 0.654004 -0.0209223 0.000249811
43 45.7386 -7.80128 0.6 -0.0193816 0.000233853
44 44.0931 -7.6985 0.596785 -0.0193443 0.000233968
45 46.9685 -8.11911 0.632686 -0.020772 0.000254844
46 62.1773 -10.0168 0.735909 -0.0231749 0.000273046
47 45.0797 -7.65685 0.584174 -0.0187421 0.00022513
48 59.6117 -10.1858 0.775511 -0.0251471 0.000304646
49 45.8749 -7.87303 0.611423 -0.0200661 0.000247481
50 48.1103 -8.40079 0.6576 -0.0216549 0.000266333
51 49.1079 -8.39849 0.642949 -0.0207947 0.000251753
52 47.9858 -8.61787 0.676201 -0.0222334 0.000272231
53 51.1201 -8.4922 0.635977 -0.020206 0.000241238
54 40.2965 -7.146 0.561953 -0.0183557 0.000223468
55 43.2362 -7.50221 0.57762 -0.0186303 0.000225039
56 56.9169 -9.67147 0.72965 -0.0234217 0.000281301
57 54.2568 -9.13688 0.689113 -0.0220689 0.000264366
58 39.8882 -7.19051 0.572521 -0.0189345 0.000234036
59 51.5638 -8.68422 0.651039 -0.0206471 0.000244837
60 40.634 -7.21467 0.561332 -0.0181628 0.00021952
61 37.829 -6.81439 0.533469 -0.017302 0.000210187
62 53.7162 -9.10964 0.685176 -0.0217903 0.000258794
63 46.9144 -8.01284 0.606175 -0.0193465 0.000231714
64 16.4734 -3.80186 0.347837 -0.0123158 0.00016302
65 20.5265 -4.68937 0.415357 -0.0143855 0.000184181
66 15.2264 -3.39691 0.313574 -0.0110288 0.000144359
67 26.999 -5.13322 0.429939 -0.0146267 0.000185861
68 26.6395 -5.3357 0.451627 -0.0153863 0.000195205
69 16.2788 -3.41817 0.309099 -0.0107574 0.000139009
70 26.1376 -5.81978 0.493255 -0.0165659 0.000205424
71 17.6311 -3.81636 0.343607 -0.0119609 0.000155201
72 20.4881 -4.42234 0.388328 -0.0133287 0.000169343
73 19.1543 -4.12259 0.370078 -0.0129829 0.00016866
74 20.6688 -4.18817 0.365718 -0.0125459 0.000159607
75 20.3876 -4.12393 0.362996 -0.0126503 0.000164765
76 27.1516 -5.13102 0.422338 -0.0140399 0.000173961
77 22.7413 -4.33912 0.363114 -0.0121407 0.000151622
78 25.2205 -4.74802 0.393888 -0.0131424 0.000163406
79 19.8626 -4.11415 0.361214 -0.0124008 0.000157947
80 44.9573 -9.15601 0.691837 -0.0215315 0.000249177
81 22.1008 -4.39007 0.376032 -0.0127647 0.000160778
82 21.5143 -4.41489 0.378528 -0.0127605 0.00015966
83 17.2773 -3.94845 0.352377 -0.012075 0.000153146
84 31.3336 -6.74274 0.541099 -0.0174573 0.000208349
85 21.9354 -4.57379 0.396 -0.0134506 0.000168674
86 18.2285 -4.13353 0.365383 -0.0124385 0.000156396
87 22.3886 -4.42082 0.375995 -0.0126769 0.000158955
88 21.728 -4.9868 0.43346 -0.0147158 0.000183841
89 17.9954 -4.06542 0.362785 -0.0124744 0.000158283
90 18.8831 -4.09169 0.358196 -0.012153 0.000152429
91 17.1129 -3.77917 0.334217 -0.0114267 0.000145685
92 19.7909 -4.24121 0.365742 -0.0123256 0.000154193
93 23.078 -4.68885 0.400173 -0.0135657 0.000171501
94 20.6179 -4.50821 0.401212 -0.013998 0.000180884
95 24.7382 -4.98577 0.413449 -0.0137345 0.000170327
