0 51.9921 0.207109
1 43.4617 0.200484
2 21.8108 0.200492
3 51.4473 0.203531
4 61.1628 0.206342
5 45.3895 0.203532
6 40.2128 0.205377
7 40.7479 0.203076
8 33.9159 0.203841
9 33.1791 0.199464
10 13.0873 0.204726
11 33.6109 0.201445
12 36.895 0.205886
13 62.2282 0.205956
14 27.3075 0.203886
15 40.8247 0.20327
16 62.7251 0.205331
17 44.2732 0.205619
18 35.6853 0.207752
19 63.573 0.204222
20 39.6754 0.2076
21 78.0126 0.208234
22 43.8207 0.207046
23 51.2893 0.205393
24 26.5565 0.208497
25 38.6884 0.208125
26 13.32 0.205858
27 20.6503 0.202829
28 26.8107 0.206918
29 18.4338 0.206141
30 17.7195 0.210011
31 65.7994 0.201685
32 -25.664 0.210976
33 -0.869345 0.209544
34 14.3569 0.205615
35 -31.6088 0.210484
36 -9.35904 0.210786
37 -10.6305 0.212044
38 1.24152 0.212508
39 -7.54393 0.209271
40 -37.5822 0.215299
41 -4.88532 0.21169
42 -44.314 0.208669
43 -12.5902 0.209177
44 -40.2644 0.207307
45 -20.8956 0.207948
46 -20.4271 0.214349
47 -5.35316 0.210531
48 -23.1365 0.213073
49 7.40871 0.209973
50 9.05981 0.21053
51 -19.6561 0.213618
52 -9.24448 0.211593
53 -29.7986 0.212304
54 4.55173 0.215987
55 -16.565 0.213326
56 -18.1626 0.214794
57 -28.6053 0.212602
58 -19.7054 0.207612
59 -1.09318 0.210131
60 -4.52982 0.208617
61 -42.1452 0.21294
62 -8.70312 0.21355
63 -14.3482 0.208576
64 73.3224 0.202584
65 78.4292 0.199967
66 49.2238 0.200517
67 70.4597 0.19886
68 88.1429 0.202811
69 56.4739 0.203069
70 79.5143 0.205062
71 78.3476 0.20331
72 64.8935 0.203058
73 72.2397 0.201061
74 100.419 0.203363
75 66.1703 0.204014
76 70.1437 0.203127
77 68.5261 0.205041
78 62.2267 0.200398
79 68.444 0.204346
80 67.9393 0.203015
81 88.1918 0.20235
82 63.0971 0.203668
83 34.9563 0.205973
84 36.0583 0.204328
85 85.0852 0.200831
86 55.0177 0.201986
87 66.1004 0.202066
88 32.5397 0.202342
89 57.4886 0.205944
90 42.6685 0.202637
91 51.9265 0.206453
92 43.1019 0.204807
93 37.7349 0.201991
94 61.8556 0.203514
95 75.8324 0.198695
