0 -39.0963 0.208488
1 -55.6587 0.212436
2 -28.109 0.208283
3 -50.7325 0.208909
4 -42.4353 0.212767
5 -23.1611 0.203958
6 -43.915 0.206027
7 -37.159 0.205499
8 -16.3357 0.20911
9 -31.1349 0.206269
10 -39.9129 0.208184
11 -17.5868 0.208146
12 -56.0748 0.209655
13 -48.7488 0.202248
14 -13.4672 0.208291
15 -48.3587 0.204387
16 -49.686 0.207525
17 -37.5591 0.210416
18 -54.7672 0.204921
19 -64.8902 0.210446
20 -40.959 0.209468
21 -78.8744 0.209229
22 -24.2816 0.208058
23 -40.0668 0.209455
24 -33.0166 0.206726
25 -9.12301 0.208387
26 -70.7188 0.213575
27 -48.7537 0.205511
28 -29.613 0.210319
29 -59.7939 0.206553
30 -37.2047 0.209696
31 -41.195 0.205373
32 -10.1517 0.211811
33 16.0323 0.206458
34 -6.61252 0.205249
35 0.567949 0.207714
36 32.428 0.209254
37 -19.9247 0.209156
38 3.75281 0.208981
39 -3.32523 0.205389
40 12.9744 0.2116
41 8.03775 0.209455
42 19.0914 0.212443
43 15.7805 0.210805
44 25.4773 0.205631
45 -25.5206 0.209885
46 -11.1441 0.207953
47 -15.5359 0.210425
48 3.4385 0.210266
49 1.22233 0.208823
50 6.63952 0.206315
51 7.80403 0.211592
52 10.999 0.212426
53 12.1415 0.210795
54 17.8889 0.21088
55 -17.1628 0.208682
56 3.31062 0.207657
57 -32.0817 0.208473
58 -19.4778 0.209867
59 -7.58079 0.208098
60 5.2841 0.209911
61 -17.3469 0.209054
62 -17.8687 0.210477
63 -4.66653 0.201419
64 -11.8747 0.204537
65 31.1468 0.20391
66 44.5135 0.204287
67 42.474 0.203981
68 13.2018 0.202248
69 5.60999 0.204408
70 7.34706 0.205688
71 -9.38803 0.202803
72 26.9581 0.202121
73 6.27149 0.198741
74 23.2806 0.205058
75 17.7619 0.202716
76 14.2265 0.203528
77 27.7143 0.205215
78 -7.60563 0.200458
79 24.3654 0.197714
80 13.1562 0.202505
81 12.2192 0.202452
82 5.63879 0.202426
83 11.7191 0.199981
84 21.9765 0.203084
85 15.9678 0.202672
86 36.9986 0.203848
87 -1.18363 0.203856
88 12.9181 0.205054
89 32.9934 0.203839
90 19.1381 0.202984
91 11.2986 0.201515
92 7.17623 0.200634
93 0.138322 0.204161
94 -12.1962 0.203418
95 31.5093 0.199739
