0 -32.7964 0.213712
1 -37.5814 0.21262
2 -24.9686 0.207589
3 -49.7504 0.210154
4 -18.9864 0.207691
5 -16.2352 0.211705
6 -15.6386 0.209621
7 -47.9976 0.208859
8 -20.4005 0.211462
9 -14.5377 0.206156
10 -0.823752 0.209255
11 -17.7153 0.208278
12 -24.9219 0.211302
13 -9.75692 0.207077
14 -33.0566 0.208738
15 -33.9143 0.206857
16 -36.6677 0.211686
17 -21.1749 0.208531
18 -38.3547 0.211852
19 -30.3038 0.208625
20 -47.2661 0.209628
21 -40.8705 0.208641
22 -40.4535 0.2086
23 -41.7051 0.210076
24 -53.2806 0.210215
25 -43.3948 0.208015
26 -14.3591 0.211791
27 -26.3117 0.209191
28 -18.8474 0.20878
29 -37.5648 0.209958
30 -48.904 0.208247
31 -29.9535 0.210424
32 -17.7119 0.208107
33 -34.3512 0.198671
34 -11.7008 0.205891
35 -23.7024 0.207294
36 -4.10027 0.206412
37 -28.9933 0.203343
38 8.43259 0.206904
39 -13.3291 0.204338
40 -4.64522 0.20501
41 -26.7415 0.201671
42 -30.4658 0.206343
43 -19.4379 0.20277
44 -38.9063 0.207296
45 -22.6533 0.204397
46 -37.2067 0.205124
47 -3.94419 0.20593
48 -18.7003 0.206742
49 1.62757 0.20676
50 -44.3818 0.207837
51 -20.3931 0.20506
52 -13.9655 0.204955
53 -48.8414 0.209305
54 -28.2457 0.206348
55 -46.4527 0.206819
56 -33.3568 0.210663
57 -11.6573 0.206254
58 -18.9006 0.210694
59 -34.929 0.204153
60 -11.1032 0.205996
61 -6.94441 0.205083
62 -33.0478 0.204652
63 -27.9918 0.201922
64 0.756515 0.21271
65 11.8127 0.211097
66 17.4522 0.205959
67 11.6134 0.208699
68 20.7959 0.20986
69 38.0213 0.206796
70 3.93731 0.208768
71 28.0266 0.206189
72 16.2016 0.208993
73 3.00609 0.206106
74 4.21961 0.213685
75 23.6892 0.210202
76 21.4072 0.210507
77 0.0976145 0.20775
78 43.5399 0.209541
79 17.1617 0.207969
80 25.5847 0.212234
81 14.0716 0.210673
82 45.9289 0.211439
83 27.09 0.212365
84 5.17037 0.213914
85 -0.290984 0.209877
86 -4.74135 0.20855
87 45.3519 0.210895
88 11.8304 0.207749
89 4.47036 0.209076
90 13.0312 0.211399
91 12.2574 0.212426
92 1.67552 0.209867
93 16.9791 0.209913
94 10.6783 0.208356
95 16.7332 0.202164
