0 50.9906 0.208881
1 23.2546 0.207676
2 31.8733 0.206395
3 48.1842 0.206708
4 15.8171 0.205774
5 27.0491 0.204422
6 77.1456 0.205953
7 57.2046 0.205761
8 41.0864 0.199655
9 45.5528 0.203689
10 51.989 0.207377
11 41.5599 0.203875
12 36.2373 0.207815
13 26.4551 0.20347
14 60.7448 0.206028
15 39.7094 0.205797
16 26.8441 0.206114
17 12.7889 0.205032
18 23.5288 0.203276
19 72.0127 0.206573
20 43.5187 0.207584
21 43.2689 0.205182
22 23.2807 0.20845
23 39.3753 0.204614
24 34.0015 0.206089
25 23.5437 0.203141
26 13.2856 0.204641
27 42.8226 0.202094
28 28.7831 0.20347
29 29.7376 0.203124
30 23.0672 0.204915
31 48.1107 0.206492
32 -41.1542 0.21196
33 -32.4563 0.211698
34 -29.48 0.211304
35 -16.8114 0.209073
36 -27.0144 0.21138
37 -39.893 0.213752
38 -26.4012 0.206921
39 -17.0329 0.213405
40 -21.7554 0.212186
41 -21.0993 0.209122
42 -12.0822 0.209562
43 -16.7988 0.210474
44 -2.05527 0.213121
45 -15.4538 0.212238
46 -5.46287 0.212317
47 -28.4434 0.210817
48 -32.042 0.213288
49 -30.7995 0.211273
50 -21.7573 0.214326
51 -35.1961 0.210375
52 -38.1957 0.2098
53 8.36646 0.210824
54 -20.5264 0.212676
55 -46.0807 0.211406
56 -30.8356 0.208949
57 2.64347 0.210891
58 -21.1261 0.208501
59 -32.764 0.210796
60 -3.55102 0.212681
61 -17.3552 0.210435
62 -34.4062 0.214052
63 -29.6705 0.207319
64 32.8495 0.205859
65 23.1559 0.208246
66 63.0095 0.206529
67 22.2683 0.203984
68 54.1461 0.207745
69 40.4946 0.205636
70 45.2307 0.206232
71 29.2231 0.20233
72 27.0863 0.208748
73 26.3238 0.20569
74 39.039 0.210585
75 20.4971 0.205908
76 33.5348 0.206042
77 17.1165 0.206532
78 15.0515 0.205526
79 42.1364 0.20481
80 45.3417 0.20645
81 24.9669 0.204632
82 24.9669 0.204632
83 58.2612 0.207633
84 20.3725 0.205184
85 5.35298 0.207894
86 14.0899 0.203723
87 25.9407 0.205898
88 34.7966 0.210458
89 46.6786 0.206592
90 40.4107 0.206375
91 23.8522 0.204276
92 6.74841 0.205844
93 20.3945 0.205243
94 17.4757 0.20634
95 18.7392 0.202258
