0 -9.40585 0.275001
1 10.5449 0.275277
2 18.7268 0.26674
3 -10.3353 0.272196
4 -3.14089 0.270084
5 -16.1135 0.272944
6 -2.86826 0.276709
7 16.7546 0.273459
8 26.4353 0.273579
9 13.1675 0.273657
10 9.12061 0.272359
11 8.06849 0.269376
12 3.31524 0.278505
13 -15.5951 0.271316
14 -14.0603 0.274942
15 -4.84884 0.272768
16 -2.46689 0.277454
17 -31.7387 0.27586
18 -2.62947 0.272542
19 2.29047 0.275492
20 8.55761 0.277244
21 -6.20565 0.27235
22 -18.5262 0.278677
23 -5.01887 0.275347
24 1.93924 0.276353
25 -12.7587 0.275447
26 13.2359 0.271352
27 -29.5393 0.275326
28 9.82292 0.279734
29 -44.0516 0.274822
30 19.2347 0.274138
31 -51.4822 0.271298
32 -0.783026 0.279516
33 22.9523 0.279607
34 0.214591 0.275122
35 10.3892 0.277412
36 12.4355 0.281564
37 1.11513 0.277902
38 7.04456 0.277722
39 -2.15268 0.273366
40 11.0469 0.27954
41 -4.23123 0.275171
42 15.6817 0.276699
43 -6.71499 0.275585
44 0.457329 0.276461
45 17.4108 0.274697
46 9.16248 0.275133
47 -6.10063 0.275217
48 11.719 0.278704
49 26.735 0.282493
50 17.723 0.280391
51 -8.03665 0.277423
52 -18.7328 0.279858
53 -6.63295 0.27581
54 4.89646 0.275968
55 -6.29308 0.277164
56 -12.4823 0.273586
57 -27.8162 0.273783
58 -10.838 0.279087
59 10.0793 0.276016
60 15.6451 0.273123
61 -12.6607 0.28246
62 -8.22923 0.276843
63 -20.897 0.276024
64 56.9636 0.267135
65 47.0702 0.26591
66 57.4662 0.26054
67 68.4936 0.263945
68 105.83 0.26517
69 49.6079 0.268482
70 55.9439 0.266043
71 55.3363 0.267637
72 54.9792 0.26447
73 49.4984 0.264617
74 32.7188 0.266992
75 42.8764 0.265368
76 67.2261 0.267943
77 30.3079 0.262672
78 32.4437 0.266884
79 43.4079 0.262667
80 28.2756 0.273483
81 48.9746 0.268257
82 48.1228 0.263916
83 52.1963 0.262952
84 70.8504 0.268522
85 42.0928 0.261295
86 57.0221 0.263724
87 35.4268 0.264443
88 13.6993 0.266971
89 53.3257 0.266954
90 60.903 0.2701
91 61.6501 0.265941
92 55.2732 0.26452
93 40.8871 0.269801
94 70.3835 0.265558
95 42.0748 0.264054
