0 -72.7216 0.286155
1 -26.2627 0.287375
2 -39.0503 0.292369
3 -50.0762 0.283267
4 -30.123 0.291119
5 -56.1468 0.292338
6 -39.7761 0.287179
7 -29.0822 0.283466
8 -55.0229 0.291014
9 -18.2417 0.295122
10 -30.7273 0.296162
11 -41.3309 0.284826
12 -36.8015 0.28664
13 -12.2992 0.287447
14 -32.4074 0.29113
15 -34.6646 0.290085
16 -14.4616 0.291427
17 -26.3795 0.290725
18 -88.9643 0.290699
19 -60.8869 0.292139
20 -25.8029 0.29177
21 -73.9091 0.288997
22 -61.4411 0.288142
23 -36.0251 0.292578
24 -87.3456 0.289759
25 -60.3785 0.289307
26 -34.3968 0.296682
27 -33.4474 0.288367
28 -51.5246 0.285695
29 -59.4467 0.290611
30 -39.7736 0.289164
31 -52.5455 0.288888
32 -70.0284 0.286193
33 -106.192 0.278622
34 -78.215 0.276828
35 -67.1778 0.280048
36 -80.0768 0.282936
37 -78.6562 0.283351
38 -82.5733 0.28281
39 -63.9064 0.280142
40 -89.8843 0.279645
41 -83.1472 0.281726
42 -86.5286 0.275902
43 -70.1613 0.282918
44 -73.2437 0.284051
45 -75.4701 0.280804
46 -78.3177 0.284993
47 -88.7146 0.277131
48 -66.6668 0.283397
49 -88.091 0.280799
50 -47.1707 0.285743
51 -49.6497 0.28272
52 -59.367 0.285043
53 -78.7149 0.27796
54 -65.9463 0.284221
55 -63.9867 0.286049
56 -67.5147 0.281232
57 -85.8638 0.279664
58 -94.0858 0.281461
59 -84.9877 0.282719
60 -78.7867 0.285187
61 -83.2895 0.285791
62 -79.9465 0.283272
63 -91.6504 0.275788
64 61.098 0.265648
65 61.4971 0.261761
66 67.9263 0.257933
67 63.2332 0.260837
68 32.9387 0.26036
69 77.6594 0.258837
70 62.7483 0.259774
71 69.9236 0.259963
72 63.9337 0.263219
73 61.2237 0.262145
74 59.4007 0.257663
75 44.0884 0.261455
76 55.8336 0.258804
77 44.4098 0.259113
78 61.2939 0.263659
79 68.267 0.257246
80 58.7909 0.264542
81 28.0226 0.260106
82 61.754 0.261322
83 80.1274 0.262655
85 57.9118 0.260219
86 64.8177 0.260789
87 43.2175 0.26047
88 51.5672 0.26123
89 45.9848 0.262725
90 47.8719 0.261584
91 60.8989 0.260078
92 34.5721 0.262606
93 31.3567 0.260039
94 61.5413 0.263985
95 71.0391 0.256497
