0 39.5011 0.210918
1 47.2675 0.206642
2 59.1654 0.207163
3 54.5523 0.208606
4 25.1072 0.210342
5 44.1126 0.210583
6 22.6575 0.209066
7 23.2161 0.208164
8 42.7795 0.209378
9 26.378 0.207028
10 32.0013 0.208727
11 37.5677 0.210582
12 37.0812 0.204718
13 37.0872 0.206312
14 52.0921 0.210805
15 22.8039 0.212432
16 34.6562 0.214057
17 40.4113 0.210142
18 58.1981 0.2086
19 17.9063 0.207422
20 29.3187 0.209842
21 28.378 0.211725
22 42.3739 0.209502
23 24.2338 0.210402
24 16.3633 0.211605
25 23.4577 0.20827
26 26.7562 0.212332
27 31.0474 0.207662
28 0.341603 0.208201
29 29.9078 0.206687
30 28.3649 0.214959
31 25.6051 0.20704
32 84.8437 0.203878
33 68.6372 0.197017
34 51.5907 0.196207
35 74.855 0.199318
36 44.9551 0.200008
37 73.4169 0.196764
38 92.5415 0.200529
39 79.822 0.19907
40 80.7749 0.198664
41 61.6056 0.196077
42 61.4311 0.200641
43 62.3648 0.198346
44 82.0658 0.200676
45 74.3466 0.201298
46 68.4495 0.200533
47 61.685 0.199251
48 64.8508 0.200558
49 89.1481 0.198881
50 50.1828 0.199121
51 81.2641 0.20001
52 81.6787 0.203297
53 62.3779 0.194957
54 108.865 0.196769
55 67.7138 0.199991
56 78.8117 0.200176
57 61.802 0.197807
58 46.0619 0.204411
59 43.5353 0.200539
60 48.5997 0.200283
61 48.5775 0.196903
62 60.9768 0.203028
63 67.2561 0.196713
64 -13.8536 0.215373
65 9.97858 0.211951
66 -12.8096 0.212245
67 -17.2584 0.213018
68 -1.81953 0.214343
69 -15.6736 0.210622
70 2.46096 0.210694
71 -30.6721 0.209359
72 1.34438 0.211154
73 -18.2005 0.213785
74 3.90003 0.214127
75 -33.5376 0.212968
76 -18.4377 0.214942
77 -14.6023 0.209878
78 -19.8659 0.213254
79 13.2176 0.212063
80 -3.9823 0.215845
81 10.3353 0.215431
82 4.71928 0.213081
83 -6.75916 0.217786
84 7.5512 0.217288
85 -45.9505 0.213313
86 -11.3289 0.213437
87 -3.10195 0.214606
88 -10.1956 0.214712
89 -12.2276 0.216127
90 -9.91865 0.217487
91 -16.2503 0.214009
92 -27.8756 0.212586
93 -5.50686 0.214938
94 4.40451 0.211178
95 -23.03 0.209554
