0 19.4761 0.212765
1 -7.39505 0.209556
2 23.7948 0.207152
3 -8.07392 0.207135
4 -18.5521 0.212273
5 -26.8772 0.210035
6 4.7231 0.207834
7 -1.27678 0.210895
8 -39.7295 0.214052
9 13.3596 0.208302
10 -30.3989 0.209002
11 1.00842 0.206775
12 3.28313 0.212692
13 -2.73278 0.211124
14 -14.777 0.209901
15 9.38992 0.209296
16 -15.379 0.205785
17 0.777974 0.208655
18 -17.5986 0.212688
19 9.40186 0.211194
20 3.97673 0.207805
21 -1.52457 0.210437
22 4.26736 0.212632
23 -16.7035 0.207688
24 -36.5173 0.20882
25 1.72679 0.214191
26 -17.459 0.214321
27 -4.77171 0.206697
28 -41.6091 0.211793
29 -35.9248 0.213011
30 -33.1721 0.205011
31 -52.9246 0.206174
32 74.3047 0.206258
33 31.8964 0.199805
34 47.9776 0.199079
35 55.7711 0.199482
36 59.7278 0.201709
37 49.325 0.201594
38 46.5924 0.198539
39 30.9413 0.198411
40 35.676 0.200889
41 48.0962 0.200466
42 42.2226 0.200462
43 67.3881 0.199459
44 53.4827 0.199528
45 49.9126 0.201499
46 57.9944 0.200465
47 65.4378 0.199356
48 12.2384 0.198789
49 54.7397 0.199585
50 49.8329 0.203016
51 60.0752 0.200799
52 26.6176 0.197965
53 44.0212 0.199994
54 45.3176 0.199459
55 37.6356 0.201115
56 50.724 0.204103
57 79.2388 0.201054
58 43.225 0.199255
59 40.3571 0.197969
60 45.0225 0.198778
61 63.8108 0.201937
62 46.3923 0.199313
63 26.2568 0.197481
64 82.4289 0.200585
65 91.7563 0.197002
66 71.2625 0.198456
67 82.4231 0.201927
68 88.3758 0.197248
69 79.4234 0.198994
70 78.408 0.198717
71 92.568 0.198499
72 64.8831 0.200616
73 89.063 0.196292
74 79.3028 0.19893
75 89.3045 0.198243
76 91.9209 0.198172
77 103.85 0.19626
78 94.3127 0.201605
79 86.3375 0.200632
80 63.6106 0.199747
81 79.572 0.202284
82 74.8757 0.199576
83 91.3399 0.197894
84 97.579 0.198389
85 82.9238 0.20106
86 110.256 0.200202
87 83.0668 0.200507
88 93.9439 0.198617
89 56.4241 0.199251
90 70.8297 0.200629
91 86.1912 0.202469
92 86.3598 0.201625
93 62.1831 0.200049
94 72.4751 0.200407
95 94.2338 0.192825
