0 7.10918 0.203115
1 0.524006 0.202452
2 -19.2857 0.202429
3 -16.2541 0.199756
4 -18.9341 0.202078
5 29.2546 0.205712
6 -6.40587 0.206425
7 -2.15242 0.207059
8 -6.09666 0.202131
9 24.1196 0.204184
10 11.3398 0.206848
11 16.559 0.202245
12 1.04354 0.200102
13 -9.84742 0.201008
14 25.9216 0.206358
15 -14.1844 0.202887
16 1.18314 0.203838
17 10.6456 0.205644
18 22.4991 0.204086
19 22.5356 0.205713
20 -18.6159 0.205982
21 -0.390493 0.203314
22 29.2587 0.206104
23 -15.5586 0.202286
24 10.0002 0.207427
25 -9.52942 0.199874
26 8.09604 0.205329
27 10.1053 0.204554
28 10.7163 0.200689
29 0.664265 0.201304
30 2.8065 0.202455
31 -2.8196 0.203393
32 35.9574 0.203003
33 53.6954 0.203011
34 20.9975 0.203839
35 36.5439 0.199497
36 13.7619 0.199791
37 24.54 0.19881
38 33.7049 0.201954
39 30.5624 0.202461
40 36.1451 0.20481
41 47.0591 0.203899
42 33.6774 0.202421
43 37.9158 0.20503
44 58.1007 0.203981
45 28.2963 0.204467
46 40.4776 0.202911
47 37.6618 0.204602
48 50.459 0.204193
49 48.1548 0.205049
50 38.8014 0.204114
51 50.7872 0.202478
52 45.1271 0.205142
53 28.1876 0.200199
54 36.1959 0.202387
55 25.8072 0.201832
56 28.0057 0.204607
57 21.1786 0.200115
58 63.2368 0.206004
59 33.2331 0.200082
60 20.7483 0.202246
61 44.2119 0.202033
62 30.9232 0.20353
63 33.1681 0.199689
64 25.5247 0.209011
65 17.6153 0.204314
66 55.1975 0.205093
67 50.6333 0.202094
68 35.5711 0.209923
69 42.8763 0.206993
70 14.4263 0.206316
71 37.7762 0.208256
72 50.6897 0.20719
73 14.274 0.204163
74 51.0644 0.204639
75 51.2922 0.205146
76 27.7225 0.203287
77 7.37426 0.205768
78 48.2091 0.206357
79 46.894 0.204792
80 37.427 0.208256
81 43.5698 0.203894
82 48.5497 0.206332
83 42.8674 0.206645
84 35.3666 0.207063
85 10.8794 0.206275
86 40.5569 0.208718
87 9.74271 0.201287
88 26.1454 0.205715
89 28.531 0.205268
90 38.3811 0.209229
91 40.946 0.205903
92 44.9293 0.20651
93 28.5271 0.203631
94 45.0209 0.203887
95 32.4196 0.201676
