0 51.4968 0.201546
1 51.0072 0.19848
2 65.3124 0.199267
3 32.6674 0.198591
4 55.2213 0.19991
5 46.2991 0.203385
6 46.2852 0.198074
7 45.6248 0.200436
8 49.6114 0.198785
9 38.7536 0.199546
10 55.1594 0.199232
11 47.3549 0.201233
12 45.0168 0.198226
13 48.5644 0.200738
14 60.3506 0.203407
15 17.8681 0.202406
16 16.7875 0.201279
17 53.4285 0.201271
18 66.2635 0.200094
19 31.9909 0.199363
20 45.7041 0.195654
21 24.6271 0.198493
22 52.1202 0.202031
23 10.0765 0.198019
24 63.359 0.204713
25 36.4713 0.199696
26 42.2718 0.199128
27 31.3393 0.199652
28 42.6881 0.199258
29 28.7685 0.201257
30 56.3401 0.201225
31 -0.657072 0.195226
32 137.405 0.197206
33 96.7562 0.201048
34 100.591 0.199343
35 115.663 0.194352
36 135.81 0.196762
37 133.369 0.193462
38 125.441 0.19594
39 102.205 0.196084
40 115.228 0.199715
41 135.207 0.193303
42 116.329 0.195244
43 114.935 0.196147
44 104.737 0.198982
45 101.589 0.196315
46 110.394 0.194042
47 109.435 0.199831
48 98.8482 0.195699
49 127.188 0.196429
50 78.5503 0.19674
51 104.941 0.197058
52 112.959 0.197846
53 147.526 0.174074
54 88.4877 0.193736
55 113.038 0.200176
56 116.148 0.200774
57 126.1 0.196786
58 126.004 0.195867
59 118.057 0.190636
60 112.63 0.197116
61 111.971 0.19907
62 85.1358 0.196245
63 115.887 0.191632
64 32.7843 0.206821
65 20.306 0.206809
66 9.77414 0.206312
67 12.8106 0.206763
68 10.2669 0.205924
69 28.5534 0.207825
70 -14.0644 0.207169
71 50.7069 0.20488
72 -21.1046 0.208597
73 49.3845 0.206137
74 8.63062 0.206975
75 4.22027 0.20651
76 17.7827 0.206142
77 6.87571 0.206915
78 2.08712 0.210336
79 12.8261 0.205893
80 40.6428 0.206549
81 10.1947 0.205607
82 8.12592 0.211025
83 41.5849 0.20944
84 48.7536 0.208124
85 -4.91623 0.206448
86 15.1073 0.209609
87 -3.51688 0.20701
88 6.59577 0.208675
89 -21.3997 0.20572
90 -7.35233 0.204648
91 0.997566 0.203516
92 -17.5307 0.206753
93 14.982 0.210529
94 -10.4525 0.207776
95 11.5343 0.20438
