0 -8.87776 0.23577
1 -24.2868 0.233024
2 -12.3616 0.232522
3 -28.0841 0.230953
4 -46.0204 0.236089
5 -32.3515 0.231628
6 -30.0332 0.232896
7 -18.0614 0.23449
8 1.80498 0.235092
9 -20.697 0.233148
10 -20.721 0.235895
11 0.274095 0.232946
12 0.748883 0.231446
13 -6.05122 0.230944
14 -25.1166 0.230519
15 -15.1656 0.230926
16 -5.67509 0.232093
17 -28.8375 0.230926
18 -31.5383 0.236344
19 -22.8877 0.23618
20 -32.5513 0.230852
21 4.22546 0.22593
22 -31.6332 0.232034
23 -31.9273 0.234799
24 -51.3366 0.233902
25 -7.86369 0.228409
26 -23.8932 0.234774
27 -28.2225 0.231752
28 -24.2771 0.233219
29 -27.9286 0.229746
30 -57.5556 0.233764
31 -19.8078 0.235482
32 48.9035 0.232415
33 19.1356 0.229322
34 14.9072 0.227885
35 15.4822 0.226047
36 1.6129 0.229276
37 18.3937 0.226454
38 20.1947 0.226188
39 -1.88194 0.226524
40 34.1033 0.230082
41 26.8965 0.227157
42 29.7162 0.231222
43 12.1317 0.229777
44 -20.6727 0.226704
45 20.9916 0.227054
46 0.589078 0.223222
47 15.6489 0.22566
48 -16.9783 0.229293
49 25.0767 0.223434
50 -2.42282 0.228894
51 16.7814 0.225318
52 -2.60999 0.223861
53 9.42047 0.226645
54 26.851 0.222978
55 14.1346 0.225794
56 5.80126 0.226515
57 -1.26404 0.226929
58 -0.927868 0.225401
59 15.2333 0.227823
60 2.65641 0.224918
61 -20.0054 0.222977
62 -11.348 0.229496
63 6.58316 0.225908
64 -57.0556 0.231279
65 -17.1788 0.233068
66 -24.1984 0.233422
67 -41.2883 0.233608
68 -28.4093 0.236017
69 -36.7371 0.234514
70 -20.773 0.229379
71 -30.014 0.234823
72 -36.2136 0.235524
73 -37.4333 0.231501
74 -29.4755 0.234371
75 -14.723 0.231848
76 -63.7059 0.23102
77 -30.1018 0.232085
78 -33.7751 0.231922
79 -60.3177 0.236439
80 -51.276 0.232799
81 -36.606 0.233324
82 -42.7658 0.235555
83 -47.9557 0.232042
84 -70.0183 0.235598
85 -35.9037 0.232018
86 -43.1615 0.232275
87 -39.2864 0.235191
88 -53.248 0.234529
89 -9.87047 0.234353
90 -24.6394 0.235045
91 -71.9311 0.237096
92 -60.1472 0.231599
93 -31.8122 0.231289
94 -46.2551 0.233258
95 -51.8423 0.233988
