0 15.9724 0.279806
1 -15.273 0.27929
2 16.1156 0.277879
3 8.85036 0.276637
4 18.1773 0.279115
5 9.91338 0.277247
6 -14.2445 0.27391
7 32.8423 0.276408
8 -0.145036 0.27846
9 26.8661 0.275663
10 -1.26026 0.280018
11 6.76099 0.27824
12 4.73535 0.27871
13 -10.4217 0.275886
14 -9.62944 0.282673
15 -1.19713 0.276246
16 13.9329 0.27583
17 6.75265 0.277271
18 -1.47089 0.279372
19 29.2841 0.280344
20 -16.8274 0.281905
21 28.8151 0.277806
22 -10.8507 0.280764
23 2.75306 0.277388
24 -0.668703 0.281026
25 12.5272 0.281099
26 2.73801 0.280513
27 15.6184 0.277026
28 32.1594 0.278394
29 -2.28982 0.278285
30 15.8449 0.282217
31 13.532 0.26719
32 106.018 0.265981
33 65.2011 0.267901
34 67.4779 0.26825
35 66.356 0.264029
36 103.214 0.266177
37 109.054 0.265972
38 65.0887 0.266756
39 65.3517 0.262012
40 70.3946 0.267369
41 76.1593 0.264454
42 57.7402 0.264323
43 82.4987 0.265418
44 79.9434 0.262968
45 65.5809 0.266332
46 80.7328 0.262845
47 71.6736 0.263554
48 82.6949 0.264734
49 87.3543 0.263292
50 75.8336 0.265512
51 78.2046 0.266053
52 66.6719 0.268833
53 56.7585 0.262599
54 66.2 0.270175
55 58.8616 0.260381
56 75.246 0.269277
57 77.8741 0.267725
58 65.0635 0.263817
59 76.6431 0.270014
60 47.9874 0.267851
61 68.913 0.267557
62 92.7382 0.264352
63 57.1714 0.264626
64 7.51545 0.289393
65 -5.37807 0.285442
66 -9.60353 0.284924
67 18.7913 0.285783
68 -16.5016 0.284263
69 -15.0909 0.283795
70 -2.3017 0.284417
71 10.6875 0.283671
72 -8.06902 0.28794
73 -33.1861 0.282489
74 34.7645 0.285676
75 -40.9457 0.284699
76 -5.97846 0.287163
77 -0.501491 0.28408
78 -0.875936 0.283122
79 -29.7939 0.282889
80 0.331104 0.289735
81 -15.1284 0.284623
82 -8.07339 0.283036
83 -9.74862 0.28376
84 10.8569 0.286853
85 20.2308 0.289786
86 -19.3204 0.285355
87 -25.601 0.288847
88 -9.62524 0.281033
89 14.0065 0.285658
90 8.46244 0.286044
91 -3.03845 0.283319
92 -18.0612 0.285193
93 -6.30049 0.279916
94 22.0363 0.29288
95 18.4021 0.277821
