0 1.90198 0.276888
1 23.538 0.273264
2 -11.4895 0.274445
3 -3.17631 0.271127
4 20.1989 0.277751
5 -0.779317 0.273337
6 -18.9793 0.2794
7 32.4734 0.271154
8 15.2039 0.273707
9 1.3935 0.279152
10 -8.79749 0.26949
11 -2.01804 0.279113
12 -19.0376 0.273987
13 -29.2545 0.272553
14 6.29366 0.273918
15 -4.39293 0.273128
16 -18.0123 0.282744
17 -21.1882 0.276375
18 -3.37396 0.276677
19 -0.525718 0.276705
20 1.45799 0.274684
21 -16.1391 0.277305
22 -24.5614 0.276017
23 1.50157 0.277522
24 -19.7224 0.278107
25 -20.5835 0.277151
26 -11.2446 0.278598
27 22.208 0.27494
28 -51.2915 0.272551
29 -1.02246 0.276894
30 -10.8307 0.278226
31 -27.7533 0.268851
32 -10.543 0.276516
33 -37.2384 0.271681
34 -17.6247 0.27334
35 -57.1694 0.276245
36 -23.4355 0.274809
37 -49.2835 0.269349
38 11.1384 0.272514
39 -40.2523 0.277533
40 -19.422 0.274631
41 -33.2481 0.272947
42 -46.2044 0.275779
43 -24.761 0.273062
44 -46.3228 0.274812
45 -16.4224 0.273102
46 -57.5295 0.27263
47 -37.2004 0.271856
48 -9.81446 0.278947
49 -16.7172 0.280137
50 -21.5187 0.274196
51 -58.3082 0.272638
52 -45.4819 0.274148
53 -45.3442 0.268638
54 -23.6849 0.274963
55 -20.4271 0.272307
56 -46.0609 0.271229
57 -57.2211 0.274956
58 -46.0594 0.273193
59 -19.3699 0.271753
60 -18.4464 0.276346
61 -64.323 0.273298
62 -15.3811 0.272071
63 -7.63463 0.268874
64 31.5277 0.274373
65 24.2192 0.269255
66 58.2724 0.275581
67 66.1817 0.266846
68 60.0283 0.269177
69 59.6313 0.274045
70 39.0384 0.276359
71 65.6603 0.270275
72 15.9993 0.270719
73 57.268 0.271663
74 30.3319 0.274574
75 33.2696 0.269665
76 63.7418 0.265746
77 63.9387 0.268115
78 44.3621 0.267537
79 18.3331 0.275897
80 46.6199 0.273803
81 63.2829 0.272906
82 68.0325 0.271051
83 46.9362 0.273422
84 31.5046 0.275577
85 20.5809 0.271691
86 54.9869 0.265082
87 35.1073 0.270281
88 20.6667 0.278522
89 41.0929 0.26991
90 29.5654 0.27078
91 35.3664 0.271078
92 25.1424 0.271498
93 50.2676 0.268662
94 47.618 0.275056
95 32.7236 0.272258
