0 -43.0557 0.209718
1 -30.9237 0.205967
2 -27.9775 0.209168
3 -55.388 0.209482
4 -66.8196 0.211132
5 -33.4602 0.209162
6 -32.1799 0.209767
7 -57.3527 0.206772
8 -5.20639 0.212935
9 -14.4939 0.207073
10 -71.9207 0.21239
11 -48.117 0.210605
12 -46.048 0.210325
13 -22.8054 0.210643
14 -24.6735 0.20974
15 -68.6773 0.210173
16 -46.3782 0.212556
17 -38.2524 0.207869
18 -44.0476 0.211854
19 -20.2941 0.212559
20 -32.0073 0.210618
21 -42.2841 0.209033
22 -55.2399 0.208348
23 -29.2053 0.209076
24 -55.0448 0.212073
25 -53.4345 0.210536
26 -64.5701 0.210683
27 -20.8738 0.2103
28 -46.6567 0.21095
29 -61.6728 0.211308
30 -21.3185 0.212202
31 -68.287 0.208293
32 -17.9466 0.207714
33 -7.15447 0.206956
34 -39.8718 0.206937
35 -16.633 0.209376
36 -22.7555 0.204609
37 -23.8611 0.208284
38 -21.7246 0.207239
39 -26.8885 0.204492
40 -15.7416 0.205586
41 -24.3353 0.205715
42 -0.0691316 0.204049
43 -22.36 0.205538
44 3.56135 0.207898
45 -22.1488 0.209468
46 -22.8249 0.209326
47 -22.5706 0.208105
48 -21.2479 0.204576
49 -14.1776 0.207438
50 -49.1425 0.204028
51 -10.5035 0.208158
52 -23.1783 0.212172
53 -5.03686 0.207566
54 -7.26823 0.20812
55 -32.8238 0.207491
56 -1.78212 0.207875
57 -31.559 0.207653
58 -34.5177 0.205867
59 -41.6547 0.20737
60 -23.2159 0.206605
61 -25.9344 0.20588
62 -8.0222 0.208852
63 -12.9175 0.201045
64 15.8978 0.210081
65 30.5597 0.208734
66 30.3021 0.20962
67 11.307 0.206873
68 34.0176 0.209288
69 50.4418 0.210533
70 42.9081 0.206089
71 20.5183 0.208759
72 7.98937 0.205015
73 28.0573 0.209388
74 46.8285 0.208106
75 28.3363 0.20641
76 22.1119 0.206476
77 27.4884 0.20609
78 28.7865 0.208108
79 48.7002 0.206252
80 25.8754 0.206071
81 31.1599 0.209158
82 20.278 0.207202
83 47.8855 0.209351
84 38.7252 0.210182
85 12.5374 0.208167
86 48.0722 0.209986
87 18.5816 0.205807
88 22.2682 0.208767
89 30.6632 0.206381
90 22.9041 0.208412
91 38.9425 0.209391
92 27.7867 0.210522
93 35.8364 0.209147
94 27.6435 0.207415
95 -11.3668 0.202678
