0 -13.6873 0.237492
1 18.6882 0.240222
2 60.9155 0.234668
3 12.0823 0.232334
4 40.021 0.236909
5 59.8091 0.237205
6 19.0539 0.235389
7 43.393 0.235203
8 29.1768 0.240028
9 23.2706 0.234466
10 28.162 0.238688
11 51.4568 0.234722
12 48.1112 0.237788
13 35.7158 0.233869
14 5.5954 0.238232
15 -1.59536 0.235943
16 3.60628 0.235548
17 44.7831 0.233011
18 4.0532 0.237978
19 12.8613 0.238869
20 36.3005 0.233903
21 36.393 0.236778
22 13.5846 0.238264
23 16.5874 0.235042
24 58.2487 0.236634
25 33.7615 0.235409
26 20.0363 0.235612
27 26.2309 0.235954
28 51.7423 0.232899
29 13.114 0.231769
30 34.1282 0.235603
31 29.1316 0.227472
32 -37.6224 0.238553
33 -22.5185 0.238691
34 -22.8974 0.234394
35 -0.919371 0.237836
36 -17.6033 0.236641
37 2.36033 0.237424
38 -13.548 0.238672
39 -7.63083 0.236653
40 -1.93517 0.234991
41 -3.67775 0.234367
42 -20.8246 0.236897
43 -22.6275 0.235491
44 8.03218 0.237104
45 -9.43854 0.23408
46 -30.8911 0.235265
47 -29.5554 0.234231
48 -32.2912 0.235135
49 -34.293 0.233747
50 -9.48111 0.235071
51 10.895 0.238045
52 -47.1773 0.23332
53 -4.65206 0.236991
54 -7.9018 0.234413
55 -15.1386 0.232034
56 -38.2318 0.232139
57 -25.6254 0.237603
58 -21.9834 0.237573
59 -31.7366 0.239553
60 -20.9129 0.236081
61 -15.5302 0.239044
62 5.79143 0.228761
63 -35.2849 0.23627
64 1.97074 0.233958
65 -5.75707 0.231949
66 -16.5744 0.226331
67 0.210966 0.225929
68 19.5425 0.230212
69 7.59496 0.228545
70 -13.5966 0.231505
71 23.8169 0.230764
72 -39.1202 0.229098
73 -9.34257 0.226666
74 -24.3426 0.231084
75 5.39922 0.226982
76 -10.5376 0.230842
77 18.4537 0.227085
78 20.5045 0.234479
79 -26.0255 0.224864
80 5.06785 0.230037
81 -4.81559 0.227165
82 -24.3706 0.228676
83 18.8011 0.23062
84 -0.534363 0.224577
85 -32.101 0.228274
86 -7.03512 0.229185
87 -5.83566 0.225737
88 -6.43208 0.232108
89 -9.36006 0.225149
90 -11.5207 0.231073
91 -17.0566 0.22472
92 -13.4905 0.231921
93 -40.7194 0.227344
94 -4.10185 0.229758
95 -23.3311 0.229008
