0 -11.7742 0.203101
1 9.38763 0.204495
2 -0.865748 0.201793
3 -5.85647 0.20501
4 7.92724 0.202091
5 -5.12703 0.20289
6 -7.66842 0.203065
7 9.36555 0.199941
8 -19.932 0.199773
9 -10.8283 0.199929
10 -23.4965 0.207278
11 18.138 0.199197
12 5.47865 0.203934
13 -3.91619 0.201426
14 -5.98678 0.20297
15 -19.1653 0.202209
16 -10.3464 0.202193
17 28.7582 0.203522
18 -16.5693 0.20301
19 -1.57238 0.201756
20 -13.0965 0.201442
21 7.83864 0.202365
22 -24.71 0.206234
23 -9.70436 0.201618
24 -10.378 0.204186
25 21.2251 0.202688
26 -10.4631 0.202304
27 -23.4633 0.203071
28 -24.042 0.204301
29 9.16143 0.203244
30 -15.7266 0.197979
31 -25.7509 0.196009
32 57.4833 0.201528
33 77.8728 0.200584
34 57.4061 0.199816
35 86.0209 0.202734
36 78.092 0.19809
37 85.6061 0.199128
38 62.4407 0.201307
39 87.714 0.198835
40 69.9955 0.199155
41 86.3654 0.199585
42 77.0285 0.20068
43 63.3157 0.202471
44 52.6535 0.202303
45 68.9185 0.201737
46 111.902 0.202114
47 60.5496 0.201802
48 85.9892 0.203954
49 63.6806 0.201096
50 61.4927 0.203653
51 65.8906 0.201449
52 60.0471 0.203598
53 72.8759 0.202305
54 43.2373 0.201783
55 54.266 0.199057
56 80.8658 0.202493
57 77.8687 0.201127
58 42.3926 0.203119
59 68.0745 0.201472
60 44.7362 0.20174
61 30.6167 0.198911
62 72.3822 0.203571
63 50.963 0.191831
64 -11.108 0.210178
65 -12.7847 0.210971
66 -4.2535 0.209076
67 27.939 0.208174
68 20.0618 0.210892
69 2.4806 0.206831
70 -8.96304 0.209782
71 -7.75482 0.211115
72 5.95862 0.210324
73 -2.66992 0.208964
74 2.06911 0.206876
75 1.48266 0.208696
76 26.8095 0.214018
77 15.6525 0.204329
78 19.7791 0.209576
79 0.171007 0.208908
80 -37.1096 0.209676
81 3.89667 0.209442
82 5.35241 0.211904
83 -11.0636 0.210502
84 -26.9136 0.211657
85 1.37102 0.208513
86 -13.9879 0.207156
87 10.2926 0.20924
88 -17.528 0.207953
89 -12.6012 0.206119
90 -6.72306 0.210638
91 -13.2125 0.209431
92 -6.7998 0.209142
93 0.132822 0.209829
94 -7.16774 0.209278
95 -0.150051 0.202388
