0 -87.5893 0.209651
1 -66.5226 0.205582
2 -67.3617 0.207395
3 -71.6438 0.208364
4 -60.1126 0.206541
5 -79.9272 0.209395
6 -76.6465 0.210776
7 -64.1714 0.209907
8 -79.12 0.209877
9 -73.3665 0.2078
10 -52.1757 0.213914
11 -66.5344 0.207408
12 -68.1696 0.209345
13 -81.2235 0.206963
14 -87.9426 0.21076
15 -59.9722 0.210867
16 -78.3592 0.212801
17 -87.304 0.210054
18 -98.9288 0.2145
19 -74.2016 0.209367
20 -69.9964 0.208335
21 -112.673 0.209986
22 -81.6223 0.215054
23 -85.486 0.209657
24 -79.2545 0.210019
25 -88.6378 0.20822
26 -58.4868 0.210846
27 -74.7914 0.208869
28 -75.6966 0.211806
29 -63.5199 0.212458
30 -73.2324 0.212069
31 -99.3772 0.206747
32 33.718 0.209193
33 32.0985 0.210084
34 6.10137 0.210428
35 12.6575 0.209033
36 31.7196 0.210536
37 14.4481 0.210579
38 48.8257 0.208705
39 14.9321 0.208822
40 19.312 0.212145
41 22.7767 0.207056
42 43.2141 0.209657
43 28.8873 0.20738
44 25.6892 0.212448
45 19.7789 0.209487
46 27.9334 0.209469
47 8.64619 0.213182
48 28.8198 0.211536
49 14.5471 0.209106
50 21.2619 0.213973
51 37.1254 0.209972
52 9.27216 0.212098
53 25.4676 0.213224
54 31.2602 0.209649
55 40.4304 0.211902
56 9.66538 0.213212
57 3.00115 0.20951
58 11.4555 0.21009
59 -10.0601 0.208879
60 -2.47165 0.211573
61 11.954 0.206331
62 12.8644 0.208299
63 28.6415 0.201535
64 8.34898 0.211697
65 16.0573 0.207999
66 8.30898 0.205701
67 11.9763 0.205844
68 42.5871 0.210374
69 7.16131 0.209765
70 -8.24551 0.209545
71 30.7345 0.21246
72 -18.3988 0.209534
73 2.45731 0.210875
74 7.41085 0.206408
75 12.5449 0.211484
76 33.354 0.21016
77 0.852513 0.20831
78 1.86629 0.208099
79 -18.0003 0.211301
80 6.25389 0.20919
81 -9.80868 0.212316
82 19.3647 0.208959
83 1.44954 0.211458
84 -6.43164 0.207631
85 20.1178 0.208471
86 20.8382 0.213077
87 -17.5375 0.209803
88 9.52004 0.211843
89 0.526997 0.210797
90 -1.62107 0.210013
91 -11.6129 0.209019
92 -8.8155 0.20841
93 -3.45421 0.21155
94 -6.98642 0.211204
95 -7.48471 0.200829
