0 42.8451 0.203404
1 30.0842 0.202102
2 29.0803 0.200281
3 50.0617 0.201528
4 32.1969 0.201672
5 35.7066 0.1995
6 26.0174 0.199384
7 53.9274 0.198803
8 43.193 0.201417
9 34.9054 0.200825
10 37.8002 0.202905
11 5.93288 0.200012
12 13.5656 0.202898
13 45.7967 0.199282
14 12.318 0.198977
15 21.3051 0.202654
16 53.5504 0.200604
17 60.0294 0.196715
18 25.8414 0.201531
19 -2.70316 0.201069
20 9.15835 0.202003
21 28.3388 0.197594
22 63.9481 0.202555
23 35.8014 0.203525
24 29.3026 0.203278
25 42.8264 0.200241
26 32.5886 0.201262
27 31.7393 0.200646
28 15.0194 0.199588
29 46.7566 0.199225
30 27.6392 0.196649
31 26.6713 0.195342
32 33.6433 0.203366
33 50.0012 0.202749
34 34.2728 0.200665
35 55.4203 0.201402
36 48.4218 0.201933
37 29.9307 0.202995
38 45.7851 0.201447
39 18.675 0.199252
40 55.8966 0.205157
41 48.4672 0.199826
42 46.7897 0.204385
43 47.6061 0.205196
44 70.8055 0.202655
45 23.2957 0.204299
46 36.126 0.201529
47 18.566 0.200722
48 41.6752 0.204611
49 43.4013 0.201945
50 51.0342 0.204214
51 40.092 0.203384
52 25.8689 0.204531
53 24.041 0.204505
54 23.3396 0.204441
55 25.1627 0.206141
56 64.9732 0.203038
57 9.91909 0.201511
58 19.5006 0.204588
59 42.9483 0.204109
60 38.8875 0.205882
61 22.4172 0.203847
62 20.7579 0.202369
63 41.1057 0.197579
64 64.9035 0.211543
65 42.4588 0.208728
66 76.7981 0.208487
67 43.081 0.207282
68 75.0742 0.207004
69 89.5102 0.203753
70 -0.952155 0.207644
71 52.158 0.209755
72 84.8169 0.207647
73 65.7791 0.206443
74 49.9897 0.205838
75 55.6297 0.208641
76 51.0681 0.207478
77 43.6996 0.207218
78 44.6604 0.209563
79 45.842 0.204427
80 46.5407 0.207745
81 54.8412 0.208438
82 34.7134 0.208649
83 68.5078 0.206185
84 61.8145 0.208264
85 19.27 0.207361
86 44.6512 0.208425
87 56.5497 0.207503
88 28.4776 0.208152
89 70.6147 0.206931
90 22.5174 0.210948
91 32.242 0.207978
92 51.5769 0.210325
93 27.1738 0.207574
94 30.5653 0.206544
95 45.6136 0.199829
