0 43.4324 0.112655
1 30.0184 0.111481
2 27.4187 0.110272
3 50.1344 0.110833
4 35.0179 0.110761
5 33.3784 0.111055
6 24.6916 0.110077
7 52.8224 0.110609
8 44.5054 0.110814
9 34.1966 0.110744
10 38.9853 0.112317
11 10.5868 0.110056
12 14.8091 0.111837
13 43.4501 0.110065
14 15.1647 0.109565
15 23.9988 0.111432
16 54.3969 0.110389
17 62.0963 0.109342
18 26.7385 0.111353
19 0.533174 0.111059
20 10.8361 0.111264
21 30.2482 0.109016
22 67.2963 0.112115
23 38.4895 0.111753
24 32.6748 0.112123
25 46.2884 0.110622
26 36.5989 0.111463
27 33.9277 0.109935
28 17.3776 0.10965
29 46.5364 0.110068
30 31.3859 0.10873
31 28.5299 0.108617
32 33.2735 0.112106
33 51.6844 0.111255
34 38.1362 0.109388
35 55.6976 0.109774
36 46.6873 0.110554
37 31.299 0.111228
38 44.542 0.110007
39 19.077 0.108811
40 57.9993 0.112577
41 49.6764 0.10932
42 46.0506 0.111911
43 49.3709 0.111804
44 71.1699 0.111189
45 25.5119 0.111507
46 37.0694 0.110307
47 22.1607 0.109674
48 44.7966 0.111866
49 47.4918 0.11
50 51.6571 0.111402
51 45.114 0.110957
52 29.5891 0.111567
53 28.7852 0.111867
54 28.4495 0.111597
55 28.958 0.112632
56 68.4246 0.111783
57 13.3712 0.110088
58 25.8382 0.11229
59 47.6137 0.112432
60 42.0951 0.112361
61 29.1333 0.1127
62 25.79 0.111299
63 45.729 0.108818
64 71.0172 0.116018
65 46.7997 0.114819
66 81.9652 0.114187
67 48.6814 0.113795
68 82.663 0.113523
69 96.5103 0.112015
70 6.6123 0.113761
71 58.5799 0.1151
72 91.8073 0.113884
73 72.5785 0.112528
74 56.0749 0.113122
75 63.2309 0.115773
76 59.8763 0.113897
77 51.0658 0.11371
78 51.4556 0.114598
79 54.8742 0.111978
80 54.263 0.114852
81 63.3267 0.114157
82 44.4183 0.115108
83 77.53 0.113517
84 69.9548 0.114516
85 28.9264 0.11416
86 53.3503 0.114749
87 66.6261 0.114443
88 36.182 0.115057
89 78.9464 0.114503
90 32.9699 0.115771
91 42.5644 0.114762
92 60.9588 0.114829
93 37.9446 0.114
94 40.6906 0.113136
95 54.8442 0.110406
