0 50.7612 0.11444
1 43.2072 0.110672
2 22.0005 0.109787
3 50.1513 0.111947
4 61.3047 0.114082
5 49.5678 0.111674
6 41.827 0.113245
7 42.4818 0.11144
8 36.6691 0.112556
9 37.5545 0.110283
10 16.7448 0.111983
11 38.3048 0.110999
12 41.4089 0.113417
13 70.0952 0.112965
14 35.0206 0.112113
15 46.2687 0.11188
16 69.7421 0.113005
17 55.3007 0.113393
18 42.9975 0.114647
19 70.719 0.112787
20 47.4145 0.113631
21 85.1152 0.113642
22 51.844 0.113838
23 59.699 0.112711
24 35.5226 0.114656
25 50.1123 0.114182
26 21.7357 0.112945
27 31.4493 0.111561
28 38.2888 0.11354
29 29.4658 0.112964
30 28.2054 0.114997
31 75.7793 0.110804
32 -27.4537 0.116763
33 -4.0545 0.115021
34 9.13035 0.113113
35 -34.2629 0.115712
36 -12.7118 0.116378
37 -10.7537 0.116741
38 -2.17955 0.117073
39 -9.32982 0.114869
40 -41.9815 0.118954
41 -3.88135 0.116338
42 -48.8851 0.115867
43 -12.4327 0.115371
44 -41.7774 0.114471
45 -21.3913 0.114052
46 -19.0088 0.117838
47 -4.12778 0.115461
48 -19.8622 0.116853
49 11.0913 0.115236
50 12.3229 0.115649
51 -15.7914 0.117271
52 -4.14044 0.116298
53 -24.3596 0.116452
54 8.82149 0.118731
55 -12.9523 0.117124
56 -13.3488 0.118122
57 -22.0225 0.117267
58 -14.7579 0.11381
59 3.64318 0.115349
60 1.67731 0.114832
61 -39.5412 0.117081
62 -2.73059 0.116784
63 -9.18718 0.114375
64 74.7155 0.111273
65 77.2659 0.109664
66 49.0177 0.110007
67 67.581 0.108636
68 88.0001 0.111312
69 57.7456 0.111131
70 82.0197 0.112223
71 77.2227 0.112301
72 64.4225 0.111213
73 72.3959 0.109916
74 100.279 0.11131
75 67.3437 0.112394
76 75.3369 0.110981
77 71.7217 0.112226
78 63.7898 0.109661
79 70.5875 0.112044
80 75.1067 0.111245
81 93.5656 0.110573
82 67.1006 0.111306
83 41.4432 0.112462
84 41.8276 0.111379
85 89.9026 0.109587
86 59.2393 0.110259
87 71.6272 0.110534
88 38.7176 0.110709
89 64.0108 0.112869
90 49.5832 0.111255
91 59.0165 0.112902
92 49.3283 0.111406
93 47.5211 0.110784
94 68.3045 0.11103
95 80.9396 0.108494
