0 23.2311 0.117353
1 -3.00685 0.115569
2 26.3634 0.113696
3 -5.96816 0.114704
4 -13.6121 0.117158
5 -22.2745 0.115534
6 8.41277 0.114202
7 1.386 0.116351
8 -32.7793 0.117728
9 17.1035 0.115239
10 -24.6586 0.114439
11 8.43182 0.113955
12 11.4321 0.116942
13 5.35483 0.11595
14 -8.28122 0.114978
15 15.9592 0.115893
16 -8.03571 0.112931
17 10.2118 0.114551
18 -8.12438 0.116866
19 16.4264 0.11595
20 12.0144 0.115219
21 7.37731 0.116249
22 11.9277 0.117493
23 -5.0974 0.114574
24 -26.0105 0.11516
25 11.704 0.118279
26 -6.03213 0.11804
27 4.28829 0.11396
28 -32.9733 0.117119
29 -24.913 0.116599
30 -23.572 0.112243
31 -43.8225 0.114856
32 70.323 0.113729
33 34.4655 0.10945
34 47.7271 0.109229
35 56.1812 0.10933
36 59.836 0.110638
37 50.6343 0.111163
38 49.2165 0.10884
39 32.5794 0.108785
40 36.3172 0.110218
41 49.4119 0.109816
42 45.41 0.11015
43 69.8725 0.109485
44 56.7945 0.109229
45 52.5144 0.110442
46 61.3471 0.110257
47 68.7185 0.109537
48 20.7712 0.10954
49 60.4897 0.109781
50 55.1141 0.111418
51 67.0231 0.110097
52 31.4612 0.108713
53 49.9734 0.109688
54 51.7541 0.109501
55 42.8948 0.110082
56 58.0327 0.112801
57 82.8955 0.110443
58 50.7008 0.109479
59 50.0592 0.108034
60 51.0571 0.109171
61 70.3177 0.111091
62 52.8591 0.109806
63 30.6273 0.108506
64 84.8967 0.110386
65 94.0022 0.10866
66 76.3965 0.108716
67 86.7192 0.111147
68 88.7573 0.108385
69 82.3166 0.109272
70 82.2594 0.108866
71 98.148 0.108915
72 70.3912 0.110017
73 92.3201 0.108155
74 84.944 0.109552
75 93.6303 0.109079
76 98.3592 0.108914
77 108.113 0.108231
78 99.2177 0.110767
79 93.4969 0.109771
80 70.698 0.110018
81 87.5261 0.111283
82 82.9148 0.110083
83 97.1103 0.108615
84 104.926 0.109428
85 90.5523 0.110632
86 116.538 0.110429
87 90.9088 0.109931
88 98.8601 0.109576
89 64.9 0.11018
90 81.5572 0.110929
91 92.2703 0.111671
92 94.855 0.111918
93 70.9755 0.110143
94 82.5733 0.110751
95 100.773 0.107
