0 -41.9757 0.116863
1 -30.1124 0.113133
2 -28.3053 0.114364
3 -57.921 0.11613
4 -64.4001 0.116676
5 -30.0624 0.1144
6 -28.2279 0.114791
7 -56.6044 0.114608
8 -1.43227 0.116676
9 -8.95866 0.112825
10 -66.0497 0.116193
11 -48.0669 0.11692
12 -42.9047 0.116172
13 -15.4353 0.11441
14 -19.2852 0.114263
15 -64.9131 0.115345
16 -41.568 0.117184
17 -33.3781 0.114602
18 -40.66 0.11697
19 -14.6308 0.116392
20 -27.8633 0.115331
21 -39.583 0.116557
22 -51.5793 0.115327
23 -24.4597 0.114112
24 -49.6905 0.117726
25 -49.2759 0.116696
26 -61.0898 0.117339
27 -15.9956 0.11503
28 -45.0686 0.117414
29 -58.7499 0.117866
30 -13.5552 0.116207
31 -64.8289 0.115359
32 -16.6693 0.114291
33 -3.96745 0.112683
34 -36.9254 0.113407
35 -15.6925 0.114417
36 -21.5797 0.112524
37 -21.3326 0.113196
38 -16.6927 0.113344
39 -24.3468 0.111583
40 -13.6113 0.112756
41 -19.18 0.112404
42 4.27338 0.111811
43 -17.3877 0.112042
44 9.8218 0.113576
45 -14.1948 0.114013
46 -16.7247 0.113992
47 -17.7467 0.11389
48 -14.8064 0.111944
49 -8.39039 0.112952
50 -46.8035 0.113342
51 -3.44348 0.113104
52 -14.9106 0.115287
53 1.95991 0.112833
54 -1.35473 0.113222
55 -26.4323 0.112945
56 3.58178 0.113445
57 -26.0457 0.113149
58 -29.429 0.112867
59 -35.2954 0.113917
60 -16.9669 0.112899
61 -20.1828 0.112228
62 -1.09823 0.114232
63 -9.67601 0.110494
64 20.1169 0.115477
65 34.6213 0.114403
66 38.0511 0.114733
67 17.8886 0.11315
68 38.0002 0.11437
69 56.8519 0.115119
70 49.8899 0.112744
71 28.0507 0.11446
72 14.5843 0.112947
73 35.5905 0.114884
74 53.8253 0.113253
75 34.595 0.113982
76 26.8845 0.113422
77 34.5719 0.112875
78 35.2023 0.113647
79 54.2231 0.113329
80 33.1708 0.113396
81 39.571 0.115028
82 30.1788 0.113559
83 54.3848 0.115047
84 44.8743 0.11544
85 20.8504 0.113682
86 54.6349 0.114446
87 29.332 0.112147
88 30.0896 0.11468
89 38.8867 0.113268
90 30.8673 0.1141
91 44.4654 0.115338
92 34.6205 0.115687
93 43.4176 0.115951
94 34.7987 0.113656
95 -5.47387 0.112346
