0 8.87585 0.112156
1 5.29947 0.111009
2 -16.4355 0.111744
3 -13.6171 0.110561
4 -16.9625 0.110999
5 30.6289 0.113193
6 -5.20185 0.113297
7 -1.75809 0.1149
8 -4.32824 0.111579
9 27.2487 0.113241
10 14.7153 0.113782
11 18.5297 0.111068
12 4.49402 0.111069
13 -5.23925 0.111006
14 33.2369 0.113569
15 -9.60973 0.112114
16 5.01862 0.112076
17 14.5221 0.11363
18 26.9561 0.113018
19 24.4169 0.113919
20 -12.2497 0.113572
21 5.56715 0.112331
22 32.7038 0.113385
23 -10.6027 0.111407
24 16.1539 0.114632
25 -2.02128 0.110102
26 10.726 0.114323
27 16.606 0.113122
28 14.7739 0.110609
29 7.45024 0.111077
30 9.20921 0.11138
31 4.48338 0.111375
32 38.9351 0.11305
33 56.7084 0.111606
34 25.2582 0.112135
35 39.4545 0.110121
36 18.8297 0.10996
37 27.8498 0.109652
38 35.4387 0.111863
39 35.4898 0.111583
40 41.3561 0.113042
41 49.5367 0.111754
42 39.0703 0.111976
43 43.1391 0.11252
44 60.4875 0.112089
45 34.0367 0.112471
46 47.2455 0.111657
47 43.4145 0.11274
48 54.2653 0.112144
49 52.5303 0.113077
50 43.0722 0.111962
51 58.4805 0.111572
52 50.7312 0.113343
53 35.1608 0.111056
54 41.2636 0.111414
55 33.2688 0.110934
56 34.454 0.113132
57 27.9834 0.109869
58 67.6373 0.113571
59 39.3421 0.110534
60 27.3994 0.112169
61 51.4986 0.110323
62 37.1953 0.112096
63 40.11 0.110845
64 27.4252 0.115443
65 15.8445 0.112769
66 58.6863 0.113035
67 49.8625 0.112521
68 35.4072 0.116107
69 41.2681 0.115058
70 17.1187 0.113858
71 40.7095 0.115984
72 55.6241 0.114257
73 16.8313 0.11378
74 54.406 0.113005
75 52.7047 0.113027
76 31.7067 0.112821
77 11.727 0.113826
78 50.8388 0.113787
79 48.2896 0.113629
80 42.0691 0.11505
81 47.3105 0.112958
82 51.4371 0.113703
83 47.0325 0.113946
84 40.6974 0.114319
85 15.3221 0.113539
86 46.6285 0.11555
87 13.5408 0.111206
88 32.1374 0.114435
89 34.078 0.113193
90 42.0834 0.115483
91 46.7953 0.113573
92 49.2384 0.114164
93 33.628 0.112437
94 51.8767 0.112229
95 36.7442 0.112062
