0 -90.4078 0.112484
1 -77.1698 0.113681
2 -76.89 0.115315
3 -82.3766 0.115369
4 -73.3055 0.11612
5 -83.9193 0.113168
6 -84.7811 0.115834
7 -72.2713 0.116966
8 -86.5142 0.115389
9 -76.4671 0.114418
10 -62.6409 0.120015
11 -75.2925 0.115332
12 -75.8512 0.116738
13 -82.7086 0.112677
14 -84.7035 0.113402
15 -64.1292 0.117971
16 -82.2458 0.11664
17 -84.5506 0.112662
18 -90.2752 0.112625
19 -77.3544 0.115175
20 -72.0712 0.114977
21 -94.1027 0.103392
22 -80.9444 0.117125
23 -83.0338 0.112581
24 -76.6613 0.114427
25 -82.7281 0.112011
26 -59.9768 0.116881
27 -74.0726 0.114092
28 -77.0111 0.117158
29 -63.0537 0.117334
30 -72.9221 0.116488
31 -84.6728 0.107579
32 29.891 0.114653
33 32.4808 0.114751
34 2.56588 0.116011
35 11.2966 0.114603
36 30.2015 0.115844
37 14.2978 0.115765
38 49.0071 0.115072
39 16.7897 0.114873
40 23.4746 0.116913
41 25.2694 0.114388
42 42.9776 0.115398
43 32.1788 0.113374
44 31.519 0.117448
45 23.9455 0.11525
46 31.9177 0.114949
47 15.1336 0.117133
48 35.0915 0.115854
49 20.3285 0.115609
50 28.1818 0.117834
51 43.5546 0.115007
52 14.4355 0.116732
53 31.1394 0.117021
54 37.5995 0.115083
55 46.3071 0.116047
56 17.4041 0.116897
57 9.99176 0.115161
58 17.5438 0.115671
59 -2.49725 0.114206
60 5.70163 0.115557
61 18.84 0.113035
62 21.6872 0.113963
63 34.9972 0.110764
64 8.09319 0.116352
65 14.4029 0.114174
66 8.28091 0.112574
67 8.71712 0.113935
68 40.0602 0.116645
69 5.68017 0.115405
70 -7.15373 0.115331
71 29.298 0.116903
72 -16.6365 0.115238
73 4.96677 0.115805
74 8.69399 0.113237
75 12.9992 0.116832
76 36.7709 0.115452
77 3.6131 0.114705
78 6.75573 0.114221
79 -12.7508 0.115913
80 14.2523 0.115096
81 -3.17562 0.116909
82 24.1792 0.115086
83 8.22689 0.116326
84 0.264542 0.114058
85 24.339 0.114267
86 28.0908 0.117478
87 -11.984 0.115252
88 16.2939 0.117016
89 6.32241 0.117196
90 4.78252 0.115131
91 -2.41982 0.115336
92 -4.37306 0.115096
93 5.32907 0.116145
94 -0.157904 0.116134
95 -0.759339 0.111596
