0 -5.98432 0.143089
1 -19.0353 0.139723
2 -8.53423 0.14212
3 -21.9649 0.139998
4 -39.6078 0.142677
5 -27.9934 0.14194
6 -26.5154 0.14224
7 -12.5673 0.141995
8 6.46219 0.143204
9 -13.2308 0.141825
10 -15.5152 0.144492
11 2.85787 0.142292
12 4.92814 0.142623
13 0.446 0.14045
14 -21.0344 0.141406
15 -13.4244 0.142383
16 -1.28332 0.142481
17 -23.4028 0.14328
18 -25.1392 0.145062
19 -18.3131 0.145155
20 -28.4365 0.142694
21 9.12788 0.13886
22 -26.8759 0.142578
23 -25.2294 0.144631
24 -43.9813 0.143139
25 -3.83052 0.141026
26 -18.5134 0.143798
27 -21.2847 0.141461
28 -19.7275 0.143804
29 -23.0397 0.141571
30 -51.8162 0.145048
31 -14.4992 0.145551
32 44.8036 0.141274
33 20.62 0.137212
34 13.1551 0.13824
35 13.2151 0.137418
36 0.997485 0.139297
37 17.939 0.138354
38 18.9189 0.13856
39 -2.99105 0.138899
40 34.7069 0.140894
41 24.5836 0.139569
42 27.504 0.14202
43 11.3531 0.140668
44 -20.1813 0.138206
45 21.9177 0.13902
46 2.8945 0.136098
47 16.3967 0.138413
48 -14.2811 0.139465
49 24.676 0.138108
50 -1.47217 0.13989
51 17.1407 0.13873
52 -0.839437 0.137798
53 9.83156 0.138296
54 24.7651 0.13762
55 13.966 0.138229
56 5.95222 0.140251
57 2.68938 0.138228
58 0.161551 0.138333
59 15.4443 0.138877
60 2.83868 0.138399
61 -19.6863 0.1377
62 -8.35832 0.140648
63 4.61548 0.139138
64 -60.6008 0.144906
65 -16.1117 0.142071
66 -24.6164 0.142182
67 -40.2004 0.14318
68 -26.9541 0.144167
69 -37.4801 0.14362
70 -17.4151 0.140572
71 -28.5269 0.143659
72 -33.1161 0.144385
73 -37.1026 0.142483
74 -27.6741 0.143397
75 -13.4612 0.142438
76 -65.3398 0.144564
77 -28.9836 0.142794
78 -32.791 0.14344
79 -57.0903 0.145181
80 -46.2194 0.142593
81 -33.2615 0.141946
82 -39.8036 0.143945
83 -43.0988 0.141779
84 -66.6186 0.145223
85 -30.6951 0.141362
86 -37.8756 0.142258
87 -34.373 0.143013
88 -51.4397 0.14404
89 -7.39694 0.144552
90 -21.7202 0.146442
91 -70.0293 0.146945
92 -63.725 0.145913
93 -30.7228 0.143628
94 -43.4958 0.143527
95 -47.7017 0.145185
