0 -8.93834 0.144079
1 28.2581 0.145259
2 64.8055 0.143055
3 18.0714 0.141941
4 47.9901 0.145042
5 63.5568 0.145768
6 27.4802 0.14375
7 52.6794 0.14246
8 34.9667 0.146879
9 26.6616 0.144297
10 34.3625 0.145831
11 59.801 0.142636
12 54.4426 0.145269
13 42.1588 0.143038
14 14.4152 0.144608
15 7.94916 0.143537
16 16.6189 0.1431
17 50.8197 0.143656
18 12.7404 0.145201
19 24.0922 0.145052
20 42.2533 0.143914
21 44.3625 0.143339
22 23.76 0.145312
23 24.7414 0.14395
24 67.7998 0.144403
25 40.8518 0.145012
26 27.8324 0.144496
27 34.7535 0.143885
28 58.6113 0.142289
29 18.4189 0.142371
30 41.6563 0.14449
31 32.1094 0.140993
32 -33.5315 0.14444
33 -19.3811 0.144557
34 -20.3093 0.14232
35 1.97056 0.144693
36 -14.9658 0.143575
37 2.88717 0.146304
38 -9.59554 0.145485
39 -4.32496 0.143367
40 0.68116 0.143901
41 0.312139 0.143679
42 -17.7212 0.145528
43 -19.5537 0.143814
44 11.0512 0.145215
45 -7.35994 0.143411
46 -26.0226 0.144208
47 -25.3332 0.144267
48 -28.9229 0.144231
49 -29.4307 0.143297
50 -4.23116 0.144567
51 15.2729 0.146455
52 -45.0345 0.143461
53 0.559799 0.144047
54 -1.66383 0.143484
55 -12.8512 0.143638
56 -36.7688 0.144469
57 -21.1029 0.146413
58 -15.0522 0.146009
59 -26.8597 0.146788
60 -15.7653 0.145851
61 -11.1414 0.146822
62 1.59473 0.146038
63 -30.5999 0.145276
64 -3.28697 0.143361
65 -8.27427 0.141256
66 -18.8682 0.138497
67 -5.57357 0.138241
68 19.6455 0.140669
69 6.0967 0.141253
70 -12.7834 0.141549
71 21.2531 0.141142
72 -38.8688 0.140087
73 -10.9867 0.138854
74 -25.1822 0.140962
75 2.7613 0.138968
76 -12.8328 0.141695
77 16.5598 0.139205
78 21.7235 0.143181
79 -23.2962 0.136612
80 7.25005 0.14053
81 -2.62401 0.138872
82 -22.2835 0.139753
83 19.7515 0.140374
84 -1.71773 0.137008
85 -27.6491 0.138578
86 -1.29358 0.139134
87 -3.61781 0.136555
88 -7.31712 0.142072
89 -8.15587 0.137635
90 -11.1865 0.14162
91 -16.3926 0.136617
92 -11.5892 0.140897
93 -39.8017 0.138849
94 -3.43356 0.139576
95 -19.2889 0.138544
