0 52.0723 0.117363
1 27.4044 0.115104
2 38.0768 0.114641
3 51.6475 0.114752
4 22.2828 0.113651
5 33.4614 0.11326
6 82.6953 0.114998
7 62.6325 0.113983
8 47.5191 0.110857
9 50.5795 0.113147
10 57.3553 0.114677
11 47.2966 0.113626
12 43.293 0.114781
13 31.2795 0.113001
14 65.1086 0.114033
15 43.388 0.113867
16 34.6397 0.114158
17 19.579 0.113437
18 29.0039 0.112276
19 79.1738 0.11424
20 48.966 0.114613
21 49.602 0.113504
22 28.4888 0.115092
23 45.5463 0.11378
24 40.2154 0.114383
25 31.7782 0.112255
26 19.697 0.113582
27 48.9371 0.111867
28 34.9527 0.112239
29 36.7314 0.112719
30 29.5833 0.113414
31 54.3486 0.113912
32 -44.4252 0.117725
33 -30.3598 0.115328
34 -30.5932 0.116567
35 -17.1282 0.115316
36 -25.3008 0.116117
37 -43.3583 0.118661
38 -27.1056 0.114606
39 -16.6209 0.118103
40 -23.7027 0.117278
41 -20.6857 0.115394
42 -12.8392 0.11526
43 -18.1942 0.116411
44 -2.86079 0.117255
45 -11.7646 0.1164
46 -4.2665 0.116712
47 -26.0046 0.11612
48 -27.6635 0.118038
49 -27.5186 0.116444
50 -17.4184 0.118089
51 -33.7969 0.115485
52 -38.3072 0.116147
53 11.9858 0.115758
54 -16.3837 0.116287
55 -45.7861 0.116677
56 -27.5089 0.115155
57 5.13203 0.115532
58 -17.5894 0.114492
59 -27.998 0.116225
60 0.0687115 0.117108
61 -14.7204 0.115659
62 -29.8562 0.117178
63 -25.2713 0.114
64 32.6721 0.113618
65 26.4356 0.114411
66 63.6869 0.11426
67 20.6835 0.112833
68 56.4818 0.114978
69 42.9574 0.113175
70 48.5863 0.113497
71 31.6199 0.111205
72 31.5233 0.115184
73 28.9654 0.113006
74 42.3395 0.116837
75 24.4082 0.113444
76 38.1688 0.113382
77 19.109 0.114369
78 19.0106 0.113731
79 46.3452 0.11289
80 49.0003 0.113968
81 24.028 0.116444
82 24.028 0.116444
83 62.9063 0.115238
84 24.3608 0.113036
85 9.8542 0.114852
86 19.1692 0.113106
87 29.5638 0.113542
88 38.8686 0.116385
89 50.8787 0.113888
90 43.7632 0.11437
91 27.5932 0.11215
92 11.3894 0.113218
93 26.4209 0.113638
94 22.8578 0.113398
95 23.8995 0.111479
