0 30.9863 -6.08687 0.520999 -0.0175791 0.00022109
1 22.0748 -4.94256 0.454022 -0.0158321 0.000205045
2 31.2687 -6.0359 0.50869 -0.0169623 0.000211075
3 18.3474 -4.20702 0.39423 -0.0137282 0.000177719
4 20.1796 -4.80895 0.444707 -0.015415 0.000197544
5 19.1587 -4.666 0.429516 -0.0147204 0.000186302
6 24.3541 -5.12549 0.455521 -0.0155278 0.000196413
7 21.6855 -4.82398 0.444494 -0.0155012 0.000200316
8 33.8231 -7.90913 0.675546 -0.0226154 0.000278867
9 28.6946 -5.78669 0.499316 -0.0168504 0.000211504
10 24.9448 -5.93659 0.525661 -0.0178086 0.000222139
11 25.25 -5.23353 0.461423 -0.0156885 0.000197908
12 27.9933 -5.72287 0.495829 -0.0166894 0.000208237
13 25.3222 -5.31967 0.467931 -0.015832 0.000198653
14 18.7934 -4.39837 0.411116 -0.0142919 0.000183764
15 28.6122 -5.84378 0.509504 -0.0173635 0.000219855
16 19.3175 -4.4645 0.411642 -0.0141466 0.000179889
17 26.494 -5.46119 0.477822 -0.0161789 0.000202805
18 21.5334 -4.97403 0.459093 -0.0159806 0.000205343
19 26.75 -5.40894 0.473684 -0.0160808 0.000202631
20 32.0591 -6.42364 0.535789 -0.0175884 0.000214697
21 28.443 -5.96009 0.517619 -0.0175007 0.000219262
22 28.4801 -5.93977 0.517944 -0.0175583 0.000220237
23 23.5972 -5.30609 0.487239 -0.0171189 0.000221639
24 27.0975 -6.46677 0.570149 -0.0193194 0.000240544
25 29.9669 -6.19788 0.537908 -0.0182216 0.000228229
26 22.681 -5.15055 0.473435 -0.0164718 0.00021126
27 25.3468 -5.44485 0.483739 -0.0165287 0.000208994
28 23.7257 -5.71928 0.511277 -0.0174625 0.000220603
29 21.3107 -5.32221 0.494311 -0.0172824 0.0002223
30 19.3192 -4.65693 0.424296 -0.0144394 0.000181224
31 24.5006 -6.03358 0.536849 -0.0183006 0.000230005
32 47.5801 -8.6499 0.701849 -0.0233579 0.000290482
33 36.4266 -7.00356 0.591221 -0.0200278 0.000253635
34 41.3314 -7.82585 0.649332 -0.0218141 0.00027286
35 43.6216 -8.01924 0.655678 -0.0218872 0.000272795
36 46.0514 -8.45499 0.689561 -0.0230328 0.000287283
37 41.9036 -7.78839 0.644997 -0.0217569 0.0002749
38 42.4827 -7.95137 0.659671 -0.0223234 0.000282665
39 34.3849 -6.58553 0.553284 -0.018573 0.000232968
40 35.3826 -6.80126 0.57626 -0.019542 0.00024798
41 42.9378 -8.04747 0.659816 -0.0220034 0.000273853
42 40.3815 -7.56776 0.626663 -0.0209862 0.000262332
43 49.3213 -8.84532 0.711226 -0.0235992 0.000292664
44 45.4265 -8.26949 0.664703 -0.0218849 0.000269596
45 43.0977 -8.14324 0.675484 -0.0228205 0.000287884
46 46.1467 -8.34745 0.670651 -0.0221251 0.000272901
47 50.2584 -9.12602 0.73229 -0.0242129 0.000298469
48 34.3202 -6.72917 0.565458 -0.0188845 0.000235069
49 46.2375 -8.32264 0.667839 -0.0220135 0.000271414
50 46.1576 -8.55492 0.697998 -0.0232549 0.000288562
51 49.867 -8.96759 0.717606 -0.0236487 0.000290541
52 35.5911 -6.87715 0.575875 -0.0192913 0.000240657
53 43.4128 -8.05161 0.654268 -0.0216412 0.000266865
54 45.5078 -8.4289 0.684262 -0.0227177 0.000281355
55 39.5526 -7.55064 0.632295 -0.0213616 0.000268629
56 49.7897 -9.12538 0.728847 -0.0239073 0.000292653
57 56.6286 -10.1167 0.796222 -0.0259967 0.000316152
58 45.1128 -8.32231 0.67693 -0.0224886 0.000278939
59 46.1035 -8.54451 0.693518 -0.0230207 0.000285198
60 43.4799 -7.96542 0.644388 -0.0212702 0.000262176
61 52.2228 -9.3668 0.745242 -0.0245118 0.000300802
62 44.8646 -8.34804 0.684213 -0.0229314 0.000287198
63 35.9255 -7.04859 0.593926 -0.0199437 0.00024864
64 54.4088 -9.41379 0.734642 -0.0239636 0.00029264
65 59.1919 -10.031 0.766581 -0.0246836 0.00029781
66 51.7143 -8.94425 0.697154 -0.0226185 0.000274364
67 56.8752 -9.95244 0.785549 -0.0260032 0.000321541
68 55.4075 -9.72164 0.770133 -0.0255873 0.000318174
69 52.9282 -9.15896 0.718338 -0.0235392 0.000288394
70 53.2511 -9.25528 0.724793 -0.0236629 0.000288394
71 59.8597 -10.0542 0.771171 -0.0250131 0.000304245
72 49.3107 -8.66426 0.687573 -0.0226798 0.000280225
73 58.1179 -9.91605 0.761861 -0.0245831 0.000296747
74 57.3376 -9.9715 0.777856 -0.0254034 0.00030998
75 58.2818 -9.93062 0.763589 -0.0247115 0.000299188
76 60.6683 -10.1756 0.775789 -0.0249848 0.000301474
77 59.4826 -9.59021 0.716764 -0.0227637 0.000272669
78 59.5071 -10.0165 0.765985 -0.0246932 0.000298432
79 58.4687 -9.97909 0.771746 -0.0251091 0.000305606
80 51.216 -9.06137 0.717326 -0.0235756 0.000288805
81 57.8243 -10.045 0.78089 -0.0254337 0.000309357
82 55.6745 -9.6453 0.751443 -0.0244834 0.000297706
83 58.4508 -9.85287 0.751139 -0.0241028 0.000289452
84 58.9514 -9.58828 0.720541 -0.0229564 0.000275024
85 57.5994 -9.88709 0.7713 -0.0252732 0.000309669
86 63.4752 -10.3398 0.779018 -0.0249458 0.000299799
87 58.1675 -9.9644 0.769419 -0.0249401 0.000302027
88 61.2087 -10.5674 0.818608 -0.0266318 0.000323013
89 50.0614 -8.91856 0.710045 -0.0233664 0.00028605
90 56.4354 -9.75928 0.762159 -0.0249018 0.000303176
91 59.9026 -10.4912 0.81985 -0.0268622 0.000327565
92 63.7226 -11.1218 0.8722 -0.0288833 0.000357088
93 51.6136 -9.10614 0.720611 -0.0237229 0.000291473
94 56.9626 -9.90246 0.776117 -0.0255105 0.000312645
95 62.2572 -10.6838 0.831859 -0.0273744 0.000335777
