0 25.8141 -5.43274 0.510852 -0.0169398 0.00021424
1 19.479 -5.23333 0.55533 -0.0204114 0.000281872
2 22.6499 -5.37597 0.544324 -0.0194646 0.000263981
3 25.0215 -6.07284 0.614344 -0.0223476 0.000305271
4 30.2069 -6.55729 0.621741 -0.0216832 0.000286929
5 24.7271 -5.54662 0.539473 -0.0187268 0.000248725
6 19.066 -5.07817 0.526175 -0.0187137 0.000249942
7 32.9948 -6.7551 0.617743 -0.0209459 0.000269575
8 23.7425 -5.54949 0.545532 -0.018947 0.000249294
9 32.8331 -7.01755 0.658623 -0.0230416 0.000304665
10 22.514 -5.28263 0.530009 -0.0187593 0.000252864
11 23.2232 -5.22003 0.509014 -0.0173616 0.000225761
12 25.9448 -6.01674 0.584725 -0.0203597 0.0002669
13 20.2902 -5.30701 0.551497 -0.0200309 0.000275558
14 20.3986 -5.20672 0.533389 -0.0189876 0.000256651
15 22.0652 -5.30534 0.538982 -0.0194153 0.00026414
16 32.0404 -6.92045 0.638918 -0.0216645 0.000275944
17 30.3252 -6.57783 0.609689 -0.0206537 0.000265026
18 28.8674 -6.79615 0.664315 -0.0238387 0.000320992
19 36.5429 -7.40947 0.65285 -0.0214502 0.00026701
20 20.853 -5.39009 0.557498 -0.0202239 0.000276426
21 37.3102 -7.9103 0.731671 -0.0256396 0.000337286
22 22.9372 -5.38494 0.53144 -0.0185327 0.000245343
23 21.8156 -4.94935 0.476749 -0.0158462 0.000200662
24 24.213 -5.43131 0.521821 -0.0176856 0.000228998
25 28.615 -6.22457 0.587163 -0.0201109 0.00026078
26 27.7717 -6.16963 0.584388 -0.0200468 0.000259459
27 31.9949 -6.65451 0.613355 -0.0210092 0.000273377
28 38.1924 -7.78122 0.69593 -0.0235477 0.000300526
29 26.5916 -6.05711 0.569761 -0.0191443 0.000242912
30 29.9711 -6.2724 0.579791 -0.0194995 0.000248867
31 33.5825 -7.51985 0.717042 -0.0256228 0.000341108
32 66.4071 -11.3943 0.890786 -0.0278626 0.000329215
33 52.6213 -9.79869 0.820835 -0.0270204 0.000335467
34 54.6253 -10.3661 0.88775 -0.0302934 0.000391238
35 54.5013 -10.0943 0.84556 -0.0280858 0.0003532
36 64.1019 -10.9795 0.8623 -0.0271595 0.000325614
37 68.634 -11.8174 0.93718 -0.0302126 0.000370146
38 53.8989 -10.3068 0.895265 -0.0309794 0.000404302
39 53.5771 -10.2293 0.875141 -0.0296177 0.000374964
40 60.0458 -11.2841 0.951486 -0.0321869 0.000410655
41 62.6714 -11.5855 0.955422 -0.0315113 0.000389488
42 53.5978 -9.62758 0.785894 -0.0253599 0.000309616
43 56.3789 -10.0022 0.806117 -0.0256477 0.000307678
44 61.3246 -10.8678 0.872833 -0.0279741 0.000338349
45 57.2473 -10.5691 0.879751 -0.0292666 0.000368878
46 62.9122 -11.5416 0.956551 -0.0321149 0.000406898
47 59.4695 -11.5075 0.994739 -0.0346416 0.000451187
48 65.5053 -12.1834 1.01681 -0.0343924 0.00043694
49 64.2347 -11.255 0.891504 -0.0282753 0.000338097
50 60.4635 -11.6603 1.0048 -0.0348202 0.000452997
51 58.9015 -10.6278 0.853989 -0.0270917 0.000321204
52 60.3394 -11.3088 0.949883 -0.0321283 0.000409337
53 50.5832 -8.94983 0.720114 -0.0226653 0.000270917
54 62.6405 -11.9428 1.01517 -0.0348705 0.000449957
55 51.9738 -9.41269 0.766305 -0.0242595 0.000286808
56 62.581 -11.2613 0.910261 -0.0295399 0.000362848
57 61.4588 -11.1201 0.904049 -0.0293512 0.000358415
58 58.3657 -10.9509 0.918632 -0.0307665 0.000387264
59 65.1101 -12.175 1.01754 -0.0343418 0.000435278
60 56.9779 -10.9205 0.918656 -0.0307464 0.000387344
61 57.5455 -10.4645 0.845107 -0.0268956 0.000320924
62 68.1003 -12.5688 1.03684 -0.0346512 0.000436018
63 53.4892 -9.70553 0.778556 -0.0242665 0.000285321
64 34.9966 -6.98974 0.625457 -0.0208998 0.000266174
65 27.6312 -5.91107 0.550295 -0.0182874 0.000230206
66 21.8676 -5.16166 0.521638 -0.0184759 0.000250087
67 35.1116 -7.01793 0.631855 -0.0213254 0.000273434
68 19.2531 -4.46107 0.441819 -0.0147118 0.000187178
69 24.9395 -5.57532 0.540138 -0.0186842 0.000247121
70 26.2308 -5.72898 0.542203 -0.0183467 0.000236334
71 30.6451 -6.32122 0.585178 -0.0198001 0.000253319
72 29.1286 -6.45528 0.616064 -0.021495 0.000283694
73 16.1751 -3.53376 0.344883 -0.0107924 0.000135075
74 42.0314 -7.91954 0.681724 -0.0224184 0.000281011
75 18.5244 -4.82855 0.503008 -0.0180643 0.000247064
76 26.2695 -5.69603 0.536891 -0.0181251 0.000234363
77 31.5226 -6.73209 0.62282 -0.021358 0.000276717
78 32.4079 -7.10507 0.682873 -0.0246373 0.000335681
79 19.1762 -5.16732 0.541503 -0.0196592 0.000269036
80 32.5553 -7.02353 0.658246 -0.0228839 0.000300618
81 29.1494 -6.55147 0.624089 -0.0217706 0.000287693
82 29.5533 -6.12805 0.561535 -0.0187839 0.000239692
83 27.6043 -6.08945 0.58976 -0.0208963 0.000280992
84 40.2001 -8.35271 0.759531 -0.0264411 0.000347007
85 46.4445 -9.38668 0.841355 -0.0293211 0.000384593
86 23.4339 -5.41361 0.532393 -0.0183926 0.000241611
87 24.3931 -5.73766 0.570227 -0.0201792 0.000269553
88 31.423 -6.35221 0.548109 -0.0168719 0.000196256
89 37.9635 -7.47234 0.651549 -0.0211667 0.000260164
90 38.1231 -7.76732 0.696177 -0.0235101 0.000299961
91 33.8981 -7.17964 0.669037 -0.0232703 0.000304983
92 24.5177 -5.40678 0.508621 -0.0167617 0.000210841
93 29.6122 -6.34334 0.590503 -0.0198041 0.000250143
94 45.2637 -9.05128 0.799797 -0.0271133 0.000344756
95 47.1135 -9.42903 0.838364 -0.0290519 0.000377246
