0 24.0909 -6.80587 0.711069 -0.0267191 0.000372672
1 21.5864 -5.30836 0.544908 -0.0195528 0.000263725
2 24.8543 -5.93699 0.605936 -0.0222204 0.000305149
3 22.5221 -6.18018 0.630213 -0.0229 0.000310447
4 18.7511 -4.98385 0.507657 -0.0174937 0.000226267
5 9.76797 -3.28806 0.387455 -0.0141009 0.000195705
6 20.6789 -5.5611 0.568402 -0.0202031 0.000270842
7 24.6896 -5.85546 0.585947 -0.0210405 0.000285
8 28.9178 -6.71488 0.665859 -0.0243219 0.000334072
9 24.6284 -5.87208 0.580888 -0.0205137 0.000272553
10 19.3579 -4.95215 0.514671 -0.0183427 0.000245437
11 20.4509 -5.21392 0.549467 -0.0202627 0.000279243
12 21.7182 -5.46946 0.540378 -0.0183906 0.000236206
13 21.9992 -6.07124 0.626067 -0.0230114 0.000316439
14 23.8909 -6.53537 0.666502 -0.0244049 0.000333301
15 21.3501 -5.79756 0.603164 -0.0221808 0.000305125
16 20.6673 -5.28452 0.539813 -0.019069 0.000253301
17 27.2077 -7.45175 0.73346 -0.0263072 0.000351676
18 19.8754 -5.25217 0.550699 -0.020159 0.000277945
19 22.2631 -5.64073 0.588111 -0.0217498 0.000300801
20 26.6011 -6.33626 0.622496 -0.0220261 0.000291811
21 20.2471 -5.33291 0.556799 -0.0203335 0.000278391
22 20.5516 -5.64371 0.580197 -0.0207347 0.000276644
23 21.2225 -5.48499 0.570934 -0.0209205 0.000287945
24 24.3927 -5.85735 0.569485 -0.0195534 0.000251787
25 21.6658 -5.97497 0.62895 -0.0233468 0.000322896
26 25.8181 -6.21386 0.633896 -0.0234463 0.000323355
27 18.077 -5.16056 0.550892 -0.0201948 0.000275619
28 25.8681 -6.27252 0.616715 -0.0216495 0.000282771
29 17.6504 -4.87756 0.4796 -0.0159318 0.00020108
30 33.3494 -7.72831 0.744564 -0.0265862 0.000351285
31 5.17603 -2.56713 0.332712 -0.0123844 0.000176181
32 25.5438 -5.78859 0.561176 -0.0192587 0.000250806
33 34.1652 -7.25313 0.673721 -0.0234318 0.000309887
34 22.3912 -5.05464 0.487301 -0.0163519 0.000211586
35 30.6676 -6.72147 0.634892 -0.0221003 0.000291502
36 25.9297 -5.57658 0.516854 -0.0166817 0.000203925
37 22.7838 -5.49671 0.552404 -0.0195829 0.000264019
38 23.6203 -5.83844 0.594003 -0.0215083 0.000294027
39 21.9921 -5.19375 0.522977 -0.0185073 0.000249668
40 28.626 -6.18251 0.58095 -0.0199028 0.000260769
41 20.3789 -4.80629 0.474945 -0.0161692 0.000211752
42 29.7731 -6.27586 0.573797 -0.0189396 0.00023673
43 21.4395 -5.70419 0.595886 -0.0220089 0.000305297
44 22.2661 -5.6894 0.590108 -0.0218045 0.000304242
45 30.8345 -6.59601 0.612493 -0.0210106 0.000274424
46 31.6834 -7.34278 0.708079 -0.0254079 0.000342866
47 22.9907 -5.55395 0.554066 -0.019677 0.000264406
48 30.4028 -6.52324 0.603841 -0.0203541 0.00026005
49 39.9994 -8.66652 0.808852 -0.0288815 0.000388833
50 29.9024 -6.45606 0.601774 -0.0204369 0.000263509
51 23.1682 -5.81012 0.584067 -0.0208974 0.000282897
52 23.6828 -5.96854 0.598528 -0.0212948 0.000285824
53 24.3337 -5.90488 0.591196 -0.0212125 0.000286659
54 29.4726 -6.6827 0.641986 -0.0225792 0.000297925
55 25.0463 -5.98587 0.598991 -0.0216229 0.000295846
56 21.9808 -5.24158 0.516397 -0.017809 0.000233162
57 21.6342 -5.84086 0.594539 -0.0211749 0.000281683
58 27.9069 -6.99279 0.70633 -0.0262087 0.00036467
59 33.2162 -7.59045 0.732289 -0.0264869 0.000358125
60 34.5477 -7.52309 0.695399 -0.0241245 0.000314524
61 23.3051 -5.56325 0.548069 -0.0190308 0.000250148
62 25.8915 -6.34512 0.630486 -0.0225957 0.000304635
63 22.5058 -6.17198 0.641 -0.023615 0.000324217
64 44.9859 -8.74862 0.774786 -0.026796 0.000351207
65 39.081 -7.6612 0.687175 -0.0236771 0.000311493
66 42.9366 -7.93184 0.672298 -0.0218214 0.000269538
67 51.914 -9.71333 0.826281 -0.02774 0.00035049
68 63.9749 -11.731 0.977249 -0.0328324 0.000416587
69 43.5358 -8.60464 0.754542 -0.0254269 0.000324582
70 46.2505 -9.41193 0.854491 -0.0302921 0.000403108
71 47.628 -9.39509 0.839281 -0.0293165 0.000385069
72 49.6557 -9.96267 0.879029 -0.0304669 0.00039679
73 44.6929 -8.80784 0.779366 -0.026802 0.000348807
74 39.5826 -7.79974 0.698894 -0.0239536 0.000312423
75 39.8741 -7.54297 0.645382 -0.0209547 0.000259409
76 49.4561 -9.4871 0.819843 -0.0277571 0.000355195
77 34.8094 -7.11202 0.643704 -0.0218888 0.000282636
78 36.7154 -7.27308 0.658922 -0.0226694 0.000297031
79 39.8863 -7.90395 0.701754 -0.0238486 0.00030666
80 43.7279 -8.72636 0.765019 -0.0257181 0.000326192
81 45.954 -8.75031 0.750413 -0.0250097 0.000317514
82 47.3614 -9.33586 0.818713 -0.0280186 0.000358921
83 49.3494 -9.29609 0.78821 -0.026048 0.000323634
84 54.1458 -10.2282 0.863088 -0.0287536 0.000360764
85 41.4351 -7.92615 0.698066 -0.0235635 0.000300886
86 50.1631 -9.62948 0.835609 -0.0285186 0.000366178
87 41.4745 -8.20971 0.72572 -0.0246879 0.000317424
88 31.3112 -6.49843 0.598187 -0.0200812 0.000253916
89 50.9265 -9.80067 0.849539 -0.028973 0.000372267
90 51.3867 -9.92257 0.867698 -0.0300703 0.000392122
91 52.2023 -10.3572 0.914945 -0.0319716 0.000418498
92 46.6516 -8.86397 0.758738 -0.0252068 0.000315943
93 50.289 -10.279 0.92461 -0.0327056 0.000431696
94 55.3147 -10.9121 0.978014 -0.0351115 0.000472649
95 45.7022 -9.00476 0.792612 -0.0268864 0.000340464
