0 23.879 -5.10696 0.465328 -0.0162651 0.000210924
1 25.4361 -5.66821 0.526759 -0.0188833 0.000249212
2 18.3913 -4.47807 0.420771 -0.0146902 0.000190038
3 18.1159 -4.37088 0.412588 -0.0144449 0.000186765
4 24.0439 -5.83572 0.528229 -0.0181916 0.000229841
5 31.948 -6.30552 0.541631 -0.018407 0.000232722
6 18.0581 -4.38482 0.425953 -0.0153274 0.000203495
7 20.7989 -4.80389 0.451476 -0.0160292 0.000210897
8 20.3152 -4.77507 0.449584 -0.0159172 0.0002083
9 33.8724 -6.58309 0.55606 -0.0187062 0.000234066
10 26.4948 -5.48533 0.484457 -0.0165597 0.000209982
11 26.8922 -5.49838 0.483092 -0.016528 0.000209714
12 24.978 -5.40321 0.48511 -0.0167917 0.000215205
13 20.6832 -4.74069 0.439618 -0.0153512 0.000198313
14 35.6838 -6.79319 0.567339 -0.0189618 0.000235973
15 17.0389 -3.99605 0.380302 -0.01333 0.000173817
16 24.8296 -5.33686 0.474601 -0.016238 0.000205738
17 28.2971 -5.82319 0.507909 -0.0172955 0.000218602
18 34.5408 -6.75026 0.563554 -0.0186941 0.000230007
19 32.4212 -6.49924 0.560026 -0.0190787 0.000241454
20 20.2095 -4.65955 0.425005 -0.01455 0.000184683
21 24.8481 -5.25251 0.468629 -0.0160993 0.000205322
22 35.0282 -6.89472 0.586137 -0.0198665 0.000249427
23 17.7793 -4.17657 0.394377 -0.0137868 0.000178358
24 31.478 -6.40859 0.549748 -0.0185838 0.000233396
25 22.2557 -4.8332 0.43507 -0.014876 0.000188599
26 29.6558 -6.26117 0.545409 -0.0185181 0.000232347
27 30.5286 -6.1824 0.532097 -0.0179465 0.000223951
28 30.2616 -6.30427 0.547606 -0.0186345 0.000234476
29 27.5773 -5.75779 0.502202 -0.0170234 0.000213847
30 27.7111 -5.74977 0.502036 -0.0170712 0.000215021
31 25.955 -5.55436 0.493086 -0.0168646 0.000212868
32 38.8997 -7.48202 0.622185 -0.0208703 0.000260531
33 44.3395 -8.08741 0.648655 -0.0212804 0.000260257
34 31.8231 -6.28252 0.534332 -0.0179921 0.000225193
35 35.8803 -6.74492 0.562108 -0.0189348 0.000238538
36 27.5885 -5.49581 0.479342 -0.0164315 0.000210443
37 30.3858 -5.88308 0.503807 -0.0170929 0.000216709
38 33.3179 -6.31657 0.528105 -0.0176019 0.000218843
39 35.7845 -6.79503 0.561467 -0.0186144 0.000230141
40 38.3397 -7.16658 0.589902 -0.0196672 0.000244815
41 38.4629 -7.10508 0.584007 -0.0194599 0.00024229
42 36.2019 -6.66086 0.543545 -0.0178731 0.000220095
43 36.728 -6.84103 0.565868 -0.0188934 0.000235566
44 44.378 -8.21039 0.671396 -0.022498 0.000280863
45 35.0117 -6.60043 0.545546 -0.0180704 0.000223116
46 41.8411 -7.75064 0.629881 -0.0208382 0.000256454
47 41.0742 -7.70166 0.628899 -0.0208752 0.000257876
48 42.8285 -7.89764 0.64128 -0.0212749 0.000263137
49 44.1635 -8.17084 0.660185 -0.0217635 0.000266976
50 38.9669 -7.40989 0.612405 -0.0204166 0.000252803
51 46.2997 -8.41523 0.673821 -0.0221478 0.000270684
52 45.1781 -8.41002 0.680441 -0.0225013 0.000276565
53 37.9343 -7.22354 0.600256 -0.0201925 0.000252875
54 39.4552 -7.41838 0.605519 -0.0200014 0.000245825
55 36.341 -7.00845 0.584935 -0.0195773 0.000243089
56 38.0732 -7.36364 0.611313 -0.0204386 0.000253625
57 34.0473 -6.74547 0.574533 -0.0194972 0.000245347
58 50.1552 -9.1466 0.72885 -0.0239223 0.000291961
59 40.3538 -7.7335 0.638492 -0.0213038 0.000263468
60 35.123 -6.7826 0.565449 -0.0189046 0.000235845
61 42.9646 -7.91745 0.63979 -0.0210758 0.000258087
62 38.2538 -7.24452 0.593983 -0.0196154 0.000240958
63 41.4154 -7.80853 0.636498 -0.0210339 0.000257721
64 30.1042 -6.16111 0.533217 -0.0180893 0.000227737
65 23.1761 -5.05233 0.456803 -0.015795 0.000202807
66 43.4515 -8.06106 0.659232 -0.0219819 0.000273003
67 37.6237 -7.11069 0.594489 -0.0201284 0.000254068
68 32.2323 -6.40038 0.553064 -0.0189763 0.000242872
69 32.9128 -6.4203 0.548365 -0.0186456 0.000236425
70 24.6262 -5.09818 0.449521 -0.0152562 0.000193031
71 36.3198 -7.1062 0.603462 -0.0204664 0.000257436
72 42.8829 -7.90723 0.638842 -0.0209823 0.000256225
73 25.7138 -5.37235 0.477291 -0.0164216 0.000210178
74 40.7515 -7.59197 0.623317 -0.0207279 0.000256348
75 38.7615 -7.307 0.600985 -0.0198982 0.000244556
76 31.9059 -6.24733 0.532182 -0.017953 0.000224951
77 25.1228 -5.41741 0.483001 -0.0166198 0.000211983
78 38.892 -7.38943 0.615793 -0.020755 0.000259496
79 36.8527 -6.97195 0.582081 -0.0195324 0.000243983
80 38.0088 -7.37684 0.615497 -0.0206182 0.000256541
81 38.8232 -7.39874 0.613709 -0.0205369 0.000255511
82 40.2048 -7.59367 0.621384 -0.0205265 0.000251694
83 37.6938 -7.0675 0.578899 -0.0190167 0.000231962
84 37.6538 -7.26466 0.601817 -0.0199698 0.000245797
85 24.3576 -5.08695 0.457078 -0.0157852 0.000202135
86 39.1639 -7.3977 0.613958 -0.0205071 0.000254037
87 24.1549 -5.11174 0.454102 -0.015462 0.00019479
88 35.0111 -6.93148 0.589004 -0.019954 0.000250702
89 34.4034 -6.82891 0.581304 -0.0196499 0.000246164
90 36.0631 -7.06837 0.598744 -0.0202488 0.00025363
91 39.852 -7.63884 0.637146 -0.0214486 0.000267293
92 39.8574 -7.47124 0.617079 -0.02067 0.000257357
93 32.8726 -6.39963 0.541781 -0.0181975 0.000226806
94 41.2251 -7.71887 0.636353 -0.0212873 0.000263862
95 38.9407 -7.69267 0.645367 -0.021785 0.000271862
