0 39.1622 -7.59639 0.639508 -0.0216231 0.000271721
1 32.6809 -6.57661 0.567659 -0.0193725 0.000245216
2 29.5602 -5.87978 0.505133 -0.0170366 0.000214188
3 40.2594 -7.57403 0.623882 -0.0207568 0.000256641
4 35.0555 -6.74903 0.563161 -0.0187652 0.000233241
5 31.4474 -6.03938 0.510508 -0.0170901 0.0002142
6 28.194 -5.6924 0.495899 -0.0168924 0.000214757
7 40.6784 -7.57057 0.620472 -0.0205871 0.000253812
8 37.0865 -7.01821 0.582554 -0.0194218 0.000241033
9 32.2265 -6.27268 0.533927 -0.0180129 0.000226972
10 36.7077 -7.10668 0.597537 -0.0201741 0.000253384
11 24.4436 -5.19434 0.468517 -0.0162405 0.000208581
12 24.2595 -5.06046 0.450687 -0.0154148 0.000195827
13 35.8873 -6.90167 0.574715 -0.0191438 0.000237055
14 26.0049 -5.42664 0.479101 -0.0163325 0.000206337
15 28.6764 -5.76538 0.501359 -0.0170679 0.000216061
16 42.1033 -7.80834 0.635639 -0.0210183 0.000258866
17 46.3925 -8.46062 0.677229 -0.0221929 0.000270205
18 32.2577 -6.49658 0.554399 -0.0186826 0.000233591
19 20.3734 -4.52185 0.415545 -0.0143188 0.000182707
20 24.6729 -5.30053 0.474045 -0.0162591 0.000206795
21 32.1476 -6.36539 0.54419 -0.0183851 0.000230437
22 49.1701 -8.86352 0.70178 -0.0228145 0.000275971
23 36.4986 -7.10775 0.600643 -0.0203283 0.000255735
24 34.7527 -6.65821 0.551929 -0.0182116 0.000223851
25 41.658 -7.77613 0.628284 -0.0205386 0.000249454
26 37.3095 -7.19312 0.596256 -0.0197443 0.000242329
27 34.5856 -6.79616 0.569934 -0.0189777 0.000234095
28 28.341 -5.84364 0.505129 -0.0169926 0.00021201
29 40.0836 -7.59939 0.622604 -0.0205565 0.00025176
30 34.859 -6.70074 0.554877 -0.0183106 0.000223905
31 34.9419 -6.95758 0.592843 -0.0201596 0.000253486
32 31.7659 -6.24892 0.537628 -0.0183283 0.000232825
33 41.6836 -7.90911 0.656299 -0.0221262 0.000277883
34 34.7417 -6.66405 0.562952 -0.0190513 0.000240091
35 40.4886 -7.5603 0.623031 -0.0208629 0.000260567
36 35.8505 -6.76844 0.565808 -0.0189915 0.000237931
37 31.4486 -6.22082 0.535335 -0.0182236 0.000231121
38 34.6958 -6.69221 0.569563 -0.0193664 0.000244719
39 24.6915 -5.06465 0.448971 -0.0153941 0.00019652
40 41.8644 -7.66031 0.628614 -0.0210155 0.000262159
41 38.8386 -7.26199 0.598925 -0.0199741 0.000248634
42 35.6115 -6.77404 0.571857 -0.0193834 0.000245008
43 37.6002 -7.17321 0.603352 -0.0204298 0.000257646
44 46.0519 -8.27073 0.665879 -0.022052 0.000272859
45 28.2069 -5.68229 0.496209 -0.0169585 0.000215967
46 32.8448 -6.30583 0.530691 -0.0177886 0.000222358
47 27.8961 -5.67586 0.497433 -0.0170646 0.000217732
48 37.1874 -7.07211 0.589617 -0.0197597 0.000246228
49 38.157 -7.14059 0.590488 -0.0197463 0.000246434
50 38.2975 -7.15814 0.590564 -0.0196828 0.000244295
51 37.7075 -7.05742 0.581744 -0.0193374 0.000239537
52 33.1681 -6.55458 0.553865 -0.0185516 0.000231024
53 33.1947 -6.55648 0.555973 -0.018696 0.000233683
54 31.8672 -6.27063 0.534118 -0.0179881 0.000224953
55 30.8809 -6.18283 0.536653 -0.0183446 0.000232287
56 48.2901 -8.70984 0.693273 -0.0226724 0.000275669
57 28.3688 -6.07485 0.536747 -0.0184454 0.000234641
58 34.9973 -7.04968 0.601946 -0.0204362 0.000257503
59 43.1747 -8.14977 0.664135 -0.0219241 0.000268335
60 39.5332 -7.59238 0.624722 -0.0207087 0.000254738
61 36.272 -7.0957 0.594661 -0.0198953 0.000247114
62 33.4403 -6.66799 0.565836 -0.0190311 0.000237112
63 41.4778 -7.89608 0.652821 -0.0218698 0.000271474
64 49.3557 -8.84336 0.705388 -0.0233104 0.000288344
65 39.643 -7.43619 0.616344 -0.0208032 0.000263156
66 53.5514 -9.41225 0.736512 -0.0240142 0.000292455
67 39.7883 -7.33964 0.599095 -0.0198657 0.000246007
68 53.7071 -9.39996 0.738231 -0.0241961 0.000296617
69 59.0581 -10.0712 0.776578 -0.0252513 0.000307871
70 23.6451 -5.08558 0.460467 -0.0160245 0.000207163
71 43.4021 -7.83398 0.635073 -0.0211299 0.000262857
72 58.3097 -10.0934 0.782605 -0.0254361 0.000309145
73 49.8362 -9.00346 0.72403 -0.0241618 0.000301184
74 42.7905 -7.92973 0.653876 -0.0220655 0.000278128
75 47.5372 -8.56204 0.686889 -0.0227666 0.000281761
76 45.4117 -8.21237 0.663819 -0.0220849 0.00027458
77 41.3215 -7.62402 0.618883 -0.0204664 0.000252674
78 41.214 -7.7024 0.634658 -0.0213136 0.000267044
79 43.2499 -7.9927 0.653842 -0.0218982 0.000273435
80 45.6524 -8.42741 0.684007 -0.0227817 0.000282943
81 47.3144 -8.57593 0.686343 -0.0226422 0.00027865
82 43.4351 -8.29057 0.686244 -0.0232156 0.000291978
83 52.2214 -9.19361 0.722256 -0.0235671 0.000286702
84 52.4431 -9.33932 0.728257 -0.023539 0.000283611
85 35.7948 -6.99196 0.592263 -0.0201403 0.000254661
86 44.3141 -8.1876 0.666072 -0.0221644 0.000274666
87 51.4919 -9.3778 0.755175 -0.0251827 0.000312586
88 39.4492 -7.70031 0.648675 -0.0220738 0.000278941
89 59.105 -10.6753 0.846922 -0.0279714 0.000343011
90 37.1518 -7.25876 0.613841 -0.0208354 0.000262782
91 41.9628 -7.9598 0.657713 -0.022043 0.000274212
92 47.4043 -8.72922 0.706608 -0.0234965 0.00029087
93 41.6156 -7.97487 0.659715 -0.0221618 0.000276785
94 39.9343 -7.58643 0.629818 -0.0212101 0.000265921
95 46.1766 -8.50562 0.693634 -0.0232602 0.000290233
