0 23.1315 -5.48395 0.521816 -0.0183071 0.00024619
1 21.1709 -5.29159 0.499267 -0.0170971 0.000224844
2 23.0799 -5.40011 0.506398 -0.0173112 0.000226539
3 21.4726 -5.51034 0.537355 -0.0191436 0.000259971
4 72.6475 -17.9906 1.61377 -0.0591011 0.000800689
5 31.2329 -8.13184 0.774719 -0.0283113 0.00038764
6 41.1273 -10.8052 1.03122 -0.0386581 0.000537715
7 19.5257 -4.48479 0.40798 -0.013 0.000160034
8 28.1627 -6.12953 0.556735 -0.0189628 0.000247345
9 20.0452 -4.49237 0.403372 -0.0126576 0.000153614
10 20.2228 -5.08435 0.504213 -0.0182202 0.000252169
11 26.2 -5.96728 0.561206 -0.0199445 0.000273294
12 28.0985 -5.99696 0.537278 -0.0182218 0.000237516
13 24.4687 -5.27024 0.475407 -0.0159437 0.000206454
14 22.7854 -5.94049 0.586007 -0.0215037 0.000298268
15 20.5664 -5.08686 0.492053 -0.0173126 0.000232539
16 25.2032 -5.47302 0.489216 -0.0160346 0.000201175
17 20.2308 -4.93882 0.468837 -0.015953 0.000208531
18 19.715 -4.72298 0.428809 -0.013649 0.000166888
19 18.5435 -4.36087 0.401708 -0.0127118 0.000153859
20 24.0049 -6.1117 0.579581 -0.0203813 0.000271672
21 30.6393 -6.3991 0.565186 -0.0189769 0.000242247
22 22.338 -5.58609 0.523691 -0.0181004 0.000239671
23 19.4781 -4.5936 0.422998 -0.0137319 0.000171491
24 73.2339 -17.8015 1.56447 -0.0559443 0.00073765
25 26.3094 -5.86415 0.538244 -0.0184463 0.000241421
26 18.7121 -4.43283 0.411701 -0.0133107 0.000164271
27 19.2123 -4.47562 0.401403 -0.0125649 0.000151138
28 18.2354 -4.08349 0.355149 -0.0102947 0.00011296
29 21.5218 -5.46304 0.525971 -0.0184725 0.000246492
30 76.5193 -17.9196 1.53912 -0.0544106 0.000715439
31 21.8837 -4.96032 0.450085 -0.0146584 0.000183392
32 41.5397 -8.84649 0.811666 -0.0296748 0.000410787
33 30.8436 -6.82896 0.635462 -0.0226067 0.000304545
34 26.6237 -6.09549 0.580134 -0.020772 0.00028231
35 28.5977 -6.4613 0.600854 -0.0212214 0.0002851
36 20.0001 -4.69046 0.44682 -0.0153285 0.000203197
37 29.5914 -6.65713 0.637303 -0.0235122 0.000328781
38 31.3475 -6.86103 0.623839 -0.0217108 0.000286985
39 22.4958 -5.64841 0.558814 -0.0204924 0.000283856
40 38.0845 -7.84789 0.696116 -0.0242591 0.000320828
41 33.0002 -7.47146 0.711434 -0.0266313 0.000377396
42 34.2573 -7.53754 0.70201 -0.0254747 0.000348914
43 26.3435 -5.80841 0.531033 -0.0180672 0.000234085
44 49.3165 -12.5599 1.1694 -0.0435086 0.000599398
45 33.7289 -7.13539 0.634465 -0.0218499 0.000286187
46 23.4586 -5.36448 0.502303 -0.0173595 0.000229161
47 30.9183 -6.80086 0.623743 -0.0220506 0.000295126
48 21.823 -5.61318 0.546477 -0.0196265 0.000267947
49 33.822 -7.14769 0.64325 -0.0224857 0.000297569
50 20.8371 -5.04907 0.491109 -0.0174423 0.000235501
51 31.2853 -6.80478 0.622898 -0.0220655 0.000296825
52 24.4382 -5.73828 0.552654 -0.0201591 0.000280845
53 28.1637 -6.37436 0.592127 -0.0208231 0.000276946
54 33.3737 -7.17726 0.65639 -0.0234916 0.00031816
55 28.0933 -6.35107 0.600144 -0.0216689 0.000296054
56 29 -6.48181 0.595499 -0.0208809 0.000277154
57 25.8529 -5.82431 0.53876 -0.0186624 0.000245403
58 25.077 -5.97667 0.574426 -0.0207104 0.000281748
59 29.9391 -6.8144 0.64783 -0.0237392 0.000327994
60 24.7868 -5.86993 0.570035 -0.0208215 0.000287352
61 29.1368 -7.74922 0.761861 -0.0286966 0.00040146
62 21.6732 -5.06456 0.467947 -0.0156296 0.000198338
63 26.9073 -6.5072 0.631119 -0.0232601 0.000321201
64 57.8661 -12.7339 1.00768 -0.0320259 0.000386588
65 29.448 -7.94274 0.791298 -0.030135 0.000427628
66 59.7769 -15.1351 1.39111 -0.0514237 0.000702501
67 80.0866 -18.7782 1.60277 -0.0560421 0.000725937
68 50.1893 -12.7827 1.18388 -0.0436033 0.000595347
69 66.6357 -15.4719 1.30677 -0.0447431 0.000571513
70 22.9887 -5.89565 0.566536 -0.0198637 0.000263989
71 53.9508 -13.464 1.22421 -0.0445464 0.000600365
72 60.9667 -15.1186 1.35734 -0.0490722 0.000656122
73 72.8761 -17.3288 1.50228 -0.0532147 0.000700838
74 51.0542 -12.5661 1.12564 -0.0400817 0.000529911
75 19.3143 -4.66504 0.426581 -0.0137293 0.000171136
76 76.9825 -17.4866 1.44178 -0.0489254 0.000625068
77 62.4488 -15.5593 1.42169 -0.0528698 0.000730131
78 64.5524 -15.2964 1.33029 -0.0469627 0.000617195
79 78.0006 -18.0345 1.51228 -0.0520662 0.000669384
80 58.1518 -14.0162 1.21395 -0.0421884 0.000544326
81 69.8916 -16.5496 1.43158 -0.0504338 0.000659259
82 65.1332 -15.8029 1.38403 -0.0491731 0.000648499
83 73.7194 -17.584 1.52373 -0.0539022 0.000706808
84 81.0805 -18.5091 1.51973 -0.0511891 0.000641363
85 45.9918 -11.6352 1.06818 -0.038697 0.000518803
86 66.8846 -16.508 1.47786 -0.0536202 0.000717968
87 65.509 -16.1144 1.43963 -0.0520319 0.000693609
88 71.8836 -16.9572 1.44569 -0.0501893 0.000647028
89 19.4721 -4.08048 0.335561 -0.00852919 7.33758e-05
90 16.2296 -3.47721 0.282862 -0.00683577 5.99144e-05
91 78.9391 -18.2319 1.51833 -0.0519608 0.000663555
92 64.4344 -15.1326 1.28461 -0.0446331 0.000584382
93 46.7809 -11.8935 1.09116 -0.0393818 0.00052357
94 62.0825 -14.2441 1.18049 -0.0394684 0.000493488
95 73.5614 -18.5209 1.68268 -0.0623324 0.000848641
