0 28.7528 -6.79771 0.59637 -0.0203193 0.000255398
1 19.4041 -4.41706 0.417006 -0.0147642 0.000193556
2 21.317 -5.17124 0.487132 -0.0172922 0.000225754
3 24.9177 -5.88739 0.524772 -0.0179209 0.000225219
4 21.0562 -4.81892 0.452895 -0.0161101 0.0002113
5 20.3101 -4.93976 0.468795 -0.0167182 0.000219462
6 23.9545 -5.84041 0.543953 -0.0192951 0.000250869
7 19.8876 -4.3975 0.410568 -0.0144331 0.000187278
8 24.4532 -5.80596 0.518238 -0.0177127 0.000223603
9 23.2638 -5.58333 0.509808 -0.0176331 0.000223299
10 25.1037 -5.94765 0.531286 -0.0181974 0.000229637
11 23.7946 -4.86117 0.438312 -0.0152869 0.00019779
12 20.2273 -4.67065 0.445263 -0.0159502 0.000210837
13 24.5683 -5.82783 0.525287 -0.0180593 0.000227539
14 21.5556 -5.18452 0.481653 -0.016857 0.000215851
15 31.1046 -7.16967 0.616206 -0.0206798 0.00025516
16 23.4222 -5.63539 0.513859 -0.0177981 0.000226096
17 29.7026 -5.83607 0.501096 -0.0169564 0.000213103
18 30.7766 -7.10927 0.611111 -0.0204864 0.000252829
19 20.5647 -4.56403 0.425888 -0.0150372 0.000196292
20 25.2395 -6.02281 0.537085 -0.0183353 0.000229698
21 25.0445 -5.29479 0.473948 -0.0163319 0.000207925
22 35.5614 -8.03056 0.66694 -0.0218149 0.000262695
23 19.6418 -4.74361 0.447555 -0.0157908 0.000204205
24 20.9484 -5.0948 0.478214 -0.0169247 0.000220727
25 25.7195 -5.48062 0.498712 -0.0175627 0.000228305
26 20.486 -5.01926 0.475657 -0.016945 0.000221758
27 29.4212 -6.95882 0.610331 -0.0207479 0.000258383
28 28.5004 -6.83411 0.6072 -0.0208605 0.000263144
29 25.0106 -5.3994 0.48539 -0.016754 0.000213199
30 22.0406 -5.3306 0.490719 -0.0170236 0.000215748
31 33.417 -7.64462 0.645847 -0.0214249 0.000260947
32 45.9432 -8.42609 0.698095 -0.0237139 0.000301379
33 49.707 -8.704 0.69905 -0.0232271 0.000289043
34 44.0032 -8.03756 0.668131 -0.0227209 0.00028877
35 58.0615 -10.183 0.803731 -0.0263878 0.000322609
36 49.8379 -8.79743 0.704677 -0.0232987 0.00028699
37 54.3672 -9.3146 0.735576 -0.0241914 0.00029756
38 46.9387 -8.29535 0.678818 -0.0229508 0.000291142
39 54.8181 -9.39973 0.736337 -0.024071 0.000294276
40 50.1278 -8.94261 0.715991 -0.0236856 0.000292521
41 51.7981 -8.91722 0.704002 -0.0230288 0.000281729
42 52.8263 -9.10123 0.720533 -0.0236902 0.000290869
43 46.6573 -8.26062 0.670523 -0.022372 0.000278415
44 44.9785 -8.11755 0.659036 -0.0219059 0.00027221
45 48.2636 -8.70011 0.714639 -0.0241658 0.000304566
46 64.0267 -10.6946 0.823029 -0.0266884 0.000323617
47 46.1587 -8.15977 0.65624 -0.0216966 0.000268109
48 61.4413 -10.9285 0.873173 -0.0291164 0.000361642
49 47.1233 -8.4184 0.688694 -0.0232715 0.000294827
50 48.8822 -8.80771 0.721756 -0.0243869 0.000308281
51 50.2592 -8.933 0.7207 -0.0240465 0.000299724
52 49.331 -9.20289 0.757002 -0.0255827 0.000321724
53 53.3026 -9.33401 0.743871 -0.0245303 0.000301414
54 40.9612 -7.51104 0.621767 -0.0209325 0.000262883
55 44.4511 -8.03459 0.651238 -0.0216141 0.000268285
56 58.6624 -10.3681 0.820139 -0.0270849 0.000334045
57 55.9806 -9.84258 0.783563 -0.0259491 0.000320188
58 41.1256 -7.7659 0.655124 -0.0223852 0.000284656
59 52.8298 -9.22667 0.72537 -0.0236272 0.00028767
60 42.0229 -7.80344 0.639469 -0.0212782 0.000263894
61 39.6135 -7.55099 0.626563 -0.0209737 0.00026148
62 55.2561 -9.77019 0.773181 -0.0253473 0.000309599
63 48.8415 -8.79267 0.706996 -0.0234234 0.000289311
64 17.0717 -4.09659 0.389537 -0.013916 0.00018803
65 18.7019 -4.61604 0.444227 -0.0159975 0.000212568
66 17.1414 -4.09006 0.400067 -0.0144313 0.000191936
67 29.1857 -5.87261 0.51905 -0.0181248 0.000235241
68 28.6025 -6.02824 0.536461 -0.0187273 0.000242768
69 17.9664 -3.99868 0.383581 -0.0137803 0.000182796
70 22.7988 -5.53835 0.515688 -0.018235 0.000236968
71 19.3754 -4.4474 0.422803 -0.0150775 0.000199367
72 22.4659 -5.12252 0.47318 -0.0166364 0.000215633
73 21.3777 -4.8976 0.463554 -0.0166071 0.0002187
74 21.8116 -4.62633 0.426191 -0.0149798 0.000195277
75 22.1811 -4.77003 0.443504 -0.0158428 0.000210457
76 28.6363 -5.64594 0.4891 -0.016658 0.000211247
77 24.0046 -4.7942 0.42385 -0.0145399 0.000185985
78 27.196 -5.39336 0.472059 -0.0161622 0.000205303
79 21.252 -4.63344 0.430121 -0.0151508 0.000197286
80 46.6033 -10.3401 0.835313 -0.0270212 0.000321218
81 23.2399 -4.77971 0.42824 -0.014779 0.000189877
82 22.9739 -4.95299 0.448003 -0.0154816 0.000198046
83 19.5038 -4.65205 0.433472 -0.0151566 0.000195794
84 30.4833 -7.13632 0.616738 -0.0207046 0.000254799
85 23.3133 -5.05427 0.459094 -0.0159329 0.000204249
86 19.3373 -4.59775 0.430379 -0.0150669 0.000194416
87 23.4933 -4.84844 0.435717 -0.0150672 0.000193579
88 22.4457 -5.42602 0.496479 -0.0172382 0.000220285
89 18.8926 -4.49267 0.426703 -0.0151304 0.00019721
90 20.4592 -4.6639 0.429259 -0.0148757 0.000190107
91 19.5129 -4.6007 0.428187 -0.0149945 0.000194405
92 21.8741 -4.92819 0.447471 -0.0154606 0.000197215
93 24.6004 -5.29154 0.480889 -0.0168469 0.000218539
94 21.7225 -4.95337 0.462976 -0.0164704 0.000217015
95 26.6305 -5.67966 0.496864 -0.0169146 0.00021381
