0 24.6694 -6.11199 0.54564 -0.0187202 0.000237688
1 45.5026 -10.1604 0.819163 -0.0265721 0.000319082
2 21.3645 -5.07206 0.446885 -0.0148802 0.000184347
3 57.6229 -12.3758 0.958864 -0.0302106 0.000351178
4 57.1673 -12.5684 1.00354 -0.032489 0.000386954
5 28.1897 -6.73784 0.595438 -0.020491 0.000260576
6 40.1701 -8.8823 0.714436 -0.02293 0.000272199
7 32.9254 -7.53189 0.62708 -0.0205097 0.000247959
8 23.3654 -5.70578 0.519682 -0.0179659 0.000228309
9 27.5899 -6.53803 0.57189 -0.0193069 0.000239649
10 29.9255 -6.99483 0.595692 -0.019766 0.000242561
11 22.7174 -5.47582 0.496826 -0.0170566 0.000215208
12 47.2202 -10.3813 0.82153 -0.0261596 0.000307658
13 36.2556 -8.256 0.679064 -0.0222158 0.000270488
14 18.5579 -4.49148 0.424141 -0.0148 0.00018975
15 97.3135 -19.895 1.47491 -0.0454284 0.000514077
16 48.4116 -10.7805 0.866644 -0.0280951 0.000336632
17 34.7484 -8.03527 0.678891 -0.0226101 0.00027814
18 34.7574 -8.01879 0.666855 -0.0219889 0.000269139
19 53.2287 -11.3465 0.878848 -0.0276792 0.000323172
20 34.4826 -7.97914 0.672066 -0.0222393 0.000271085
21 60.6117 -12.6825 0.955635 -0.0296042 0.000341897
22 20.3701 -4.99151 0.460512 -0.0159223 0.000202396
23 41.6946 -9.28878 0.761348 -0.0248746 0.000298946
24 25.9191 -6.17405 0.540488 -0.0181912 0.000225577
25 19.9484 -4.72215 0.444486 -0.0156188 0.00020201
26 107.168 -20.7816 1.4759 -0.0440802 0.000488825
27 36.2071 -8.29743 0.69258 -0.0228956 0.000278727
28 27.7351 -6.74962 0.599746 -0.0204804 0.000255838
29 35.4965 -8.06006 0.659548 -0.0213996 0.000257138
30 26.8479 -6.47285 0.570443 -0.0193621 0.00024148
31 59.4536 -12.8992 1.02077 -0.0327331 0.000383873
32 19.087 -4.71189 0.453617 -0.0162231 0.000213689
33 23.437 -5.10596 0.466033 -0.0162942 0.000211426
34 24.5371 -5.99161 0.54795 -0.019209 0.000248504
35 19.4977 -4.69902 0.450013 -0.0160716 0.000211664
36 32.0704 -6.26748 0.538112 -0.0183626 0.000233617
37 28.4923 -6.8867 0.615454 -0.0213577 0.000273238
38 20.5841 -4.64149 0.439232 -0.0156099 0.000205536
39 19.5745 -4.43912 0.41222 -0.0142987 0.000183648
40 23.6894 -5.20051 0.47603 -0.0167282 0.000218942
41 23.1535 -4.9602 0.448016 -0.015456 0.000198195
42 26.3245 -5.50733 0.494536 -0.017247 0.000223996
43 26.772 -5.44467 0.48252 -0.0166466 0.000214099
44 30.5384 -6.18704 0.53954 -0.0185571 0.000237102
45 30.1675 -7.21684 0.633797 -0.0216528 0.000271822
46 17.4457 -4.2415 0.409519 -0.0145836 0.000191356
47 27.9831 -6.74238 0.603909 -0.0208827 0.000265086
48 23.7163 -5.2962 0.486146 -0.0170696 0.000221668
49 21.5539 -4.83708 0.447829 -0.0157193 0.000204853
50 25.2989 -5.49264 0.498028 -0.0174199 0.000225121
51 25.4563 -5.5073 0.498554 -0.0173983 0.000224609
52 26.6901 -5.73979 0.511584 -0.0176358 0.000224752
53 24.3538 -5.26495 0.478944 -0.016714 0.000215801
54 32.2836 -6.58544 0.567872 -0.0193328 0.000243788
55 25.2106 -6.166 0.562287 -0.019588 0.000249943
56 23.2554 -5.1638 0.473353 -0.016574 0.000214611
57 32.0732 -7.63003 0.668183 -0.0229177 0.000289269
58 21.8937 -5.51512 0.519991 -0.0184463 0.000239398
59 22.6663 -5.24006 0.485792 -0.0170567 0.000220193
60 28.8975 -6.21944 0.544207 -0.018528 0.000232678
61 18.4403 -4.52225 0.431345 -0.0152904 0.000199731
62 19.0992 -4.72614 0.445802 -0.0155544 0.000198797
63 23.1273 -5.36361 0.493759 -0.0172969 0.000222963
64 21.3201 -5.23426 0.485001 -0.0169026 0.000216602
65 32.9359 -6.42333 0.546085 -0.018439 0.000231573
66 35.2862 -6.7665 0.568453 -0.0190938 0.000238084
67 36.3599 -7.0009 0.586055 -0.0196238 0.000243823
68 22.7132 -4.8631 0.440681 -0.0152644 0.000196559
69 21.9573 -4.79793 0.434418 -0.0148986 0.000189409
70 21.1032 -4.68251 0.432508 -0.0150565 0.000194412
71 16.7058 -3.89328 0.372578 -0.0130497 0.000169323
72 29.7784 -5.95524 0.513 -0.0173948 0.000218939
73 17.0639 -3.42468 0.305396 -0.010057 0.000126392
74 27.2218 -5.42097 0.470783 -0.0159619 0.000201536
75 26.437 -5.37357 0.470214 -0.0160092 0.000202932
76 25.5003 -5.22915 0.462069 -0.0157887 0.000200527
77 31.9623 -6.32933 0.539322 -0.0181953 0.000227951
78 17.4236 -4.14572 0.391947 -0.013667 0.000175786
79 29.1335 -5.82147 0.499663 -0.0168082 0.000209606
80 26.1143 -5.23949 0.455279 -0.0153431 0.000192511
81 27.4774 -5.66594 0.493695 -0.0167397 0.000210255
82 20.3229 -4.51376 0.416621 -0.014474 0.000186077
83 24.4053 -5.1008 0.455035 -0.0156612 0.000199459
84 29.2119 -5.99685 0.517196 -0.0174277 0.000217106
85 28.7374 -5.9138 0.518884 -0.0177484 0.000224072
86 34.6757 -6.63853 0.554819 -0.0184869 0.000228367
87 23.5398 -4.99163 0.450047 -0.0155102 0.000197823
88 28.3255 -5.86688 0.512634 -0.017461 0.000220537
89 33.138 -6.42129 0.551624 -0.0188789 0.000240266
90 28.5226 -5.70143 0.494361 -0.0167471 0.000210162
91 25.9665 -5.61622 0.50397 -0.017417 0.000221315
92 23.8825 -5.14053 0.461742 -0.0159166 0.000202622
93 22.814 -5.07024 0.466079 -0.0162708 0.000209412
94 18.0747 -4.2325 0.398219 -0.0137966 0.000175853
95 32.6688 -6.46845 0.550651 -0.0185676 0.000231314
