0 -1.27381 -1.03607 0.210306 -0.00795328 0.000123249
1 16.8175 -4.59575 0.508222 -0.0184943 0.000252939
2 21.3386 -6.18182 0.6499 -0.0238784 0.000329885
3 -5.57842 0.304393 0.0892005 -0.00330241 5.72695e-05
4 19.2083 -5.20892 0.541303 -0.0186987 0.000242604
5 26.661 -7.40277 0.740614 -0.0265241 0.000354651
6 77.0671 -18.904 1.65348 -0.0564293 0.000694324
7 19.7604 -5.39207 0.56184 -0.0198622 0.000262547
8 18.0774 -5.49829 0.591054 -0.0215513 0.000297284
9 21.3702 -5.44744 0.595589 -0.0226274 0.000326122
10 18.2459 -4.82051 0.489385 -0.0162169 0.000203875
11 22.1485 -6.07686 0.615722 -0.0216003 0.000283886
12 14.828 -4.25496 0.481218 -0.017699 0.000244881
13 20.6168 -5.17409 0.559417 -0.0208536 0.000293664
14 22.3181 -6.20617 0.652348 -0.0239909 0.000330545
15 18.7764 -5.15854 0.555072 -0.0202316 0.000275808
16 18.2658 -4.36545 0.467187 -0.0165115 0.000222456
17 19.9312 -5.01945 0.518128 -0.0177194 0.000226938
18 0.869135 -1.78454 0.273411 -0.0100555 0.000145706
19 16.0638 -4.95851 0.53188 -0.0190101 0.000258511
20 20.0313 -5.51621 0.615907 -0.0237474 0.000341777
21 23.7106 -6.69418 0.672818 -0.0239426 0.000318526
22 26.569 -7.31479 0.728653 -0.0260246 0.000348237
23 18.418 -4.99373 0.533209 -0.0191105 0.000258569
24 14.7855 -4.76018 0.497064 -0.0170477 0.000223292
25 16.2538 -5.08203 0.560109 -0.02066 0.000285848
26 22.1979 -6.25685 0.673288 -0.0252985 0.000353902
27 18.6049 -5.04403 0.53872 -0.0192345 0.000256013
28 19.7908 -5.71425 0.609921 -0.022455 0.000307763
29 23.1282 -6.38205 0.645482 -0.0226682 0.000297865
30 19.7511 -5.55335 0.598221 -0.0220112 0.000302382
31 22.0819 -6.04792 0.611125 -0.0214385 0.000282634
32 23.6999 -6.61535 0.622216 -0.0208091 0.000265673
33 49.1396 -11.6556 0.965837 -0.0312679 0.000384744
34 -19.8072 2.52239 -0.0729596 0.00147327 1.10798e-05
35 25.6795 -6.94073 0.634521 -0.0209395 0.00026281
36 -25.3923 2.91838 -0.0585254 -5.12204e-06 3.4536e-05
37 -2.89972 -1.43431 0.24912 -0.0094267 0.000141037
38 62.2044 -14.659 1.21345 -0.0394812 0.000480115
39 22.0102 -6.00901 0.565543 -0.0186475 0.000233458
40 -3.67981 -1.31887 0.2309 -0.00843753 0.00012286
41 73.1791 -17.1949 1.42965 -0.0476501 0.00059351
42 18.5497 -5.73766 0.556019 -0.0188581 0.000244671
43 14.9017 -4.561 0.447661 -0.0145446 0.000183668
44 45.1035 -10.7279 0.897792 -0.0286126 0.000340427
45 11.182 -4.1183 0.435423 -0.0150081 0.000199406
46 14.7552 -4.80855 0.486255 -0.0164283 0.00021328
47 -13.5915 1.08339 0.0309958 -0.00142942 3.27826e-05
48 29.8715 -7.86441 0.720162 -0.0241149 0.000303146
49 52.9821 -12.3087 1.00883 -0.0321325 0.000383354
50 20.3366 -5.802 0.568489 -0.0192493 0.000244589
51 22.0699 -6.06337 0.586346 -0.019867 0.000253393
52 -10.4653 0.771642 0.068215 -0.00331813 6.68281e-05
53 23.0269 -6.38597 0.594086 -0.0197827 0.000250966
54 19.1615 -5.6623 0.551187 -0.018621 0.00023895
55 12.0495 -4.25283 0.451402 -0.0155346 0.000204727
56 15.5631 -4.76695 0.479515 -0.0162221 0.00020901
57 8.41034 -3.78452 0.423823 -0.0149664 0.000202448
58 4.49542 -2.79206 0.341858 -0.0121675 0.000169203
59 11.0745 -4.1325 0.438812 -0.0150292 0.000197432
60 14.059 -4.45756 0.450362 -0.0149995 0.000191551
61 18.5095 -5.90887 0.588848 -0.0204128 0.000266843
62 11.3129 -4.0594 0.422599 -0.0140791 0.000181092
63 14.4324 -4.91486 0.500358 -0.0172827 0.000228141
64 42.3642 -8.51782 0.751011 -0.0252917 0.000318646
65 37.2354 -7.28934 0.6343 -0.0206677 0.000253868
66 45.2152 -9.08194 0.814075 -0.0284015 0.000368445
67 40.7455 -8.31561 0.744758 -0.0255669 0.000328903
68 32.5937 -7.43001 0.720859 -0.0262858 0.000357359
69 47.8767 -9.435 0.824014 -0.0281212 0.000359035
70 42.4766 -8.55173 0.7611 -0.0262296 0.000341035
71 46.9916 -8.81431 0.740044 -0.0240864 0.000294978
72 45.8179 -9.1756 0.810594 -0.0279252 0.000361274
73 44.1325 -8.90494 0.79537 -0.0275041 0.000356391
74 39.5601 -8.10905 0.737986 -0.0258631 0.000341684
75 34.6566 -7.114 0.633258 -0.0210735 0.000264915
76 38.1369 -7.97953 0.729454 -0.0253446 0.000329371
77 35.7269 -7.30489 0.652514 -0.0219219 0.000276782
78 42.5037 -7.94208 0.660969 -0.0209511 0.000251961
79 44.7458 -8.95899 0.792702 -0.0273264 0.000353698
80 46.7518 -9.37547 0.825796 -0.0283138 0.000362826
81 33.1129 -7.14616 0.65719 -0.0225352 0.000290274
82 44.657 -8.57801 0.730373 -0.0239523 0.00029481
83 48.8201 -9.03434 0.74387 -0.0236435 0.000280868
84 47.0258 -9.22218 0.727262 -0.0245013 0.000382038
85 40.9637 -8.18121 0.732642 -0.0251856 0.000324582
86 44.6835 -8.44062 0.703864 -0.0224688 0.000269933
87 38.3532 -8.01238 0.725355 -0.0249357 0.000321249
88 42.5267 -8.73031 0.77799 -0.0266004 0.000338543
89 39.4445 -8.54558 0.804483 -0.02899 0.000389475
90 41.1566 -8.68235 0.786012 -0.0273162 0.000355086
91 41.2734 -8.43819 0.764969 -0.0267235 0.000348926
92 34.2093 -7.73427 0.744922 -0.0269856 0.000364162
93 43.2138 -9.35157 0.860928 -0.0307061 0.000407553
94 44.0908 -8.46627 0.727875 -0.0240015 0.000297638
95 49.0191 -9.48595 0.812885 -0.0271641 0.000340569
