0 22.2531 -5.74531 0.605098 -0.0235194 0.000348309
1 44.072 -9.85241 0.9623 -0.0378397 0.00056049
2 59.0336 -12.791 1.23442 -0.0495315 0.000746252
3 36.3351 -8.23559 0.808 -0.0312553 0.000457454
4 51.1485 -10.5152 0.956965 -0.0354674 0.000500218
5 59.3693 -12.6353 1.19114 -0.0464817 0.000681583
6 41.2154 -9.02347 0.864523 -0.0330043 0.000478363
7 52.3243 -10.928 1.01617 -0.0387315 0.000557209
8 42.1694 -8.80276 0.80998 -0.0295896 0.000413332
9 39.0912 -8.5878 0.819901 -0.0310558 0.000447306
10 44.1007 -9.7336 0.945683 -0.0372368 0.000558631
11 57.6325 -12.2087 1.14508 -0.0442671 0.000642646
12 54.3603 -11.2423 1.01954 -0.0376962 0.000527329
13 48.0334 -10.0858 0.926776 -0.0344582 0.000486283
14 35.3917 -7.83792 0.742672 -0.0275022 0.000388079
15 32.4659 -6.81971 0.613048 -0.0211027 0.000280395
16 39.2107 -8.47258 0.795324 -0.0295895 0.000419308
17 54.6109 -11.4647 1.05586 -0.0398628 0.000567807
18 35.3804 -7.64275 0.703173 -0.0251622 0.000343567
19 42.4147 -8.82557 0.793782 -0.0282279 0.000381195
20 50.2638 -10.2015 0.894831 -0.0314572 0.000418656
21 48.7501 -9.90507 0.881823 -0.0316292 0.00043042
22 42.6795 -8.91411 0.80488 -0.0288168 0.000392379
23 43.7651 -8.97058 0.787972 -0.0273421 0.000361669
24 63.6342 -12.8841 1.15648 -0.0430368 0.000602074
25 51.333 -10.1959 0.87801 -0.0304264 0.000401258
26 44.192 -9.35222 0.863176 -0.0318919 0.00044706
27 46.1737 -9.5401 0.859211 -0.0311123 0.000428351
28 57.3302 -11.6261 1.0408 -0.0383077 0.000531245
29 38.66 -8.48901 0.805993 -0.0303218 0.000431955
30 51.518 -10.8291 1.00227 -0.0378385 0.000538362
31 44.8673 -9.38504 0.85165 -0.0307958 0.000421035
32 61.2586 -15.3449 1.39266 -0.0507927 0.000685789
33 24.9261 -6.60487 0.651681 -0.0238346 0.000330092
34 28.9347 -7.74758 0.766875 -0.0287175 0.000401823
35 26.3184 -6.21986 0.605287 -0.0221166 0.000307724
36 21.3889 -5.44955 0.525894 -0.0184196 0.000247571
37 26.8785 -6.1641 0.572924 -0.0197682 0.000260299
38 19.5352 -4.86623 0.488957 -0.0176277 0.000244597
39 19.9344 -4.53549 0.417188 -0.0133381 0.000164955
40 25.6832 -6.02534 0.573713 -0.0203043 0.000273847
41 25.9403 -6.11461 0.592155 -0.0215225 0.000297882
42 24.7371 -6.61372 0.663271 -0.0247132 0.000345905
43 29.5556 -7.85119 0.767162 -0.0283927 0.000390487
44 30.4662 -6.70659 0.613288 -0.0211297 0.000277565
45 22.2596 -5.45277 0.528135 -0.0186638 0.00025231
46 27.2037 -7.07848 0.67707 -0.0242823 0.00032817
47 27.5915 -7.30864 0.715279 -0.0264051 0.000364153
48 52.3242 -13.2948 1.23556 -0.0460031 0.000635086
49 42.9601 -11.1364 1.06083 -0.0398977 0.000557419
50 26.6088 -6.40448 0.624679 -0.0229244 0.00031922
51 32.3965 -6.80787 0.603797 -0.0202974 0.000260879
52 81.9812 -19.1821 1.63831 -0.0573926 0.000746906
53 25.5082 -5.9008 0.561602 -0.0198895 0.000269625
54 24.125 -5.36564 0.495035 -0.0166805 0.000216373
55 20.5456 -5.14769 0.510849 -0.0182517 0.000248233
56 58.9665 -14.4073 1.29068 -0.0465636 0.000622758
57 20.9054 -5.25702 0.502764 -0.0171477 0.000223942
58 22.8403 -5.62103 0.550082 -0.0198121 0.000272789
59 41.3089 -10.8186 1.02479 -0.0377942 0.000514897
60 21.3043 -5.05701 0.471979 -0.0155722 0.000194586
61 22.2567 -5.21586 0.490137 -0.016671 0.000219043
62 29.1949 -6.21722 0.54415 -0.0172833 0.000202704
63 41.7957 -10.8663 1.02996 -0.0383129 0.000527496
64 22.9946 -5.99607 0.585489 -0.0208715 0.00028367
65 21.0642 -5.44817 0.533545 -0.0189385 0.00025987
66 61.0576 -15.5976 1.44213 -0.0536949 0.000739298
67 22.0836 -5.58622 0.527566 -0.0180433 0.000237574
68 26.6055 -5.56078 0.497534 -0.0163073 0.000208172
69 25.0806 -5.95429 0.579855 -0.021257 0.000302985
70 28.8505 -7.79182 0.778635 -0.0295426 0.000419888
71 27.3018 -6.20891 0.590813 -0.0208591 0.000281514
72 86.613 -21.2861 1.89215 -0.0692927 0.000942283
73 19.5545 -4.88015 0.46039 -0.0152066 0.000193489
74 72.8878 -18.3422 1.66583 -0.0614407 0.000837839
75 18.6523 -4.47896 0.429619 -0.0144124 0.000188003
76 33.9532 -9.1462 0.905176 -0.0347213 0.000497844
77 23.3222 -4.85065 0.422166 -0.0128737 0.000150988
78 28.558 -5.72063 0.478335 -0.0142766 0.000162726
79 67.5237 -17.0202 1.56467 -0.0583872 0.000805741
80 22.9324 -5.14779 0.484944 -0.0166707 0.000222757
81 17.3265 -3.5626 0.284009 -0.00623522 3.74923e-05
82 54.4545 -14.163 1.32821 -0.049662 0.000684951
83 28.0138 -5.76806 0.492488 -0.0150247 0.000171624
84 16.6812 -3.7498 0.333479 -0.00974993 0.000113794
85 65.844 -17.3332 1.64816 -0.0634875 0.000901662
86 21.0718 -4.37503 0.363659 -0.00968276 9.36574e-05
87 18.0909 -4.24706 0.393197 -0.0122857 0.000147883
88 14.6923 -2.96306 0.223133 -0.0038204 1.32396e-05
89 19.3497 -4.92394 0.496869 -0.0182005 0.00026294
90 14.2898 -2.78993 0.188197 -0.00115197 -5.32644e-05
91 45.9117 -12.1309 1.1582 -0.0435225 0.000604836
92 17.7852 -4.21038 0.372144 -0.010538 0.000111829
93 73.6706 -18.5489 1.68614 -0.0625664 0.000859853
94 15.5439 -3.34101 0.28116 -0.00666545 4.94277e-05
95 38.0201 -10.223 1.00085 -0.0381162 0.000538696
