0 20.6816 -5.72264 0.619388 -0.0234925 0.000333599
1 28.8018 -6.9153 0.689424 -0.0251626 0.000343033
2 40.0209 -9.74715 0.859999 -0.0281837 0.000338936
3 18.818 -5.11663 0.527294 -0.0185909 0.000247366
4 23.6058 -5.81547 0.581299 -0.0203072 0.000265113
5 22.0262 -5.85082 0.582322 -0.0201355 0.000261176
6 25.0168 -6.4429 0.598921 -0.019464 0.000238035
7 28.5811 -6.67398 0.648192 -0.0229307 0.000305335
8 23.478 -6.1461 0.640588 -0.0238101 0.000331784
9 22.5638 -5.79115 0.596116 -0.0215067 0.000291813
10 26.2132 -7.07191 0.694269 -0.024591 0.000324495
11 22.2307 -6.07652 0.626149 -0.0226957 0.000308121
12 22.8379 -6.5791 0.67824 -0.0248609 0.000338109
13 34.3918 -9.1556 0.867044 -0.0307255 0.000403308
14 23.4069 -5.78845 0.583917 -0.0207827 0.000278192
15 23.3092 -6.26127 0.621806 -0.0216904 0.000281486
16 20.7336 -5.94736 0.613246 -0.0219567 0.000293528
17 36.7855 -9.77019 0.929257 -0.0331177 0.000436047
18 21.6077 -5.81942 0.59011 -0.0207679 0.000271973
19 22.1919 -5.99783 0.606122 -0.021417 0.000282572
20 24.4559 -6.81991 0.71629 -0.0270824 0.000378026
21 24.6965 -6.64454 0.657013 -0.0231016 0.0003012
22 21.035 -5.79436 0.579164 -0.0203235 0.00027057
23 19.67 -5.19476 0.532538 -0.0186377 0.000243939
24 23.1591 -6.46161 0.651643 -0.0232623 0.000309131
25 23.5482 -6.62633 0.65978 -0.0232586 0.000304586
26 27.5078 -7.6152 0.766671 -0.0279946 0.00037784
27 27.5245 -6.31343 0.610676 -0.0212365 0.00027672
28 87.3896 -20.4349 1.71758 -0.0575917 0.000701872
29 22.8619 -5.8814 0.604604 -0.0218029 0.000291952
30 23.0381 -6.35548 0.656533 -0.0240493 0.00032758
31 21.7976 -5.84202 0.560533 -0.0186225 0.000232221
32 29.4592 -8.3354 0.859687 -0.0326552 0.000457754
33 5.21975 -2.44521 0.306648 -0.0106668 0.000145356
34 10.6797 -3.52812 0.402946 -0.0143259 0.000194066
35 20.7491 -6.13684 0.601784 -0.0209294 0.000277001
36 -2.6962 -0.839029 0.214181 -0.00885463 0.000139818
37 17.9215 -5.45642 0.552599 -0.0193694 0.000256412
38 20.215 -5.54029 0.576897 -0.0206455 0.000273556
39 -11.1155 1.09117 0.0348085 -0.00170369 3.75696e-05
40 16.5981 -4.91399 0.52996 -0.0194696 0.00027221
41 5.79946 -2.574 0.319744 -0.0113265 0.000155139
42 6.0596 -2.90512 0.358129 -0.0129772 0.000181813
43 14.3499 -4.45161 0.477294 -0.0168669 0.000225672
44 24.7129 -6.96718 0.682255 -0.0240732 0.00031825
45 22.8572 -6.15133 0.601865 -0.0206533 0.000264988
46 0.185074 -1.91709 0.289006 -0.0108747 0.000157228
47 20.9532 -5.67258 0.540985 -0.0179886 0.000226473
48 23.7785 -6.61362 0.677207 -0.024689 0.000333314
49 15.5409 -4.40256 0.459781 -0.0156732 0.000202031
50 21.2355 -5.75584 0.567598 -0.0194051 0.00024737
51 31.5785 -8.54775 0.803952 -0.0281877 0.000369847
52 -1.53724 -1.47794 0.26839 -0.0105955 0.000157255
53 8.44326 -3.29013 0.379189 -0.0133992 0.000181701
54 39.2292 -10.1907 0.95004 -0.0333131 0.000430795
55 19.2034 -5.5921 0.579928 -0.0209205 0.000282718
56 13.5421 -4.59411 0.498075 -0.0179369 0.000243306
57 30.8789 -8.40692 0.790172 -0.0273158 0.000352153
58 -2.81457 -0.843198 0.180359 -0.00636472 9.13485e-05
59 20.9685 -5.77464 0.574605 -0.0197654 0.000253952
60 20.3714 -5.9915 0.619499 -0.0223543 0.000300864
61 21.2197 -6.02351 0.576759 -0.0195025 0.000249597
62 28.2451 -7.67818 0.762211 -0.0275308 0.000368351
63 19.1705 -5.2936 0.564242 -0.0205472 0.000275552
64 33.8308 -7.64198 0.74368 -0.0272234 0.000372787
65 32.1307 -6.85926 0.642329 -0.022308 0.000291499
66 41.233 -7.82634 0.669359 -0.0215788 0.000263486
67 46.4461 -8.90972 0.763643 -0.0252703 0.000314596
68 43.619 -8.82134 0.792514 -0.0276242 0.000362976
69 41.4936 -8.2131 0.716301 -0.0238035 0.000297708
70 36.7881 -7.73548 0.701319 -0.0237976 0.000302866
71 52.3293 -10.1694 0.871702 -0.0292086 0.0003669
72 26.8548 -5.78418 0.54076 -0.018056 0.000229838
73 45.1081 -8.65145 0.74238 -0.0245343 0.000305096
74 33.1996 -7.07765 0.660269 -0.0229946 0.000303529
75 37.3221 -7.4102 0.646888 -0.0212563 0.000265281
76 47.1961 -9.74246 0.879214 -0.0309579 0.000406424
77 52.46 -10.5425 0.925441 -0.0322301 0.000419996
78 39.3815 -8.22481 0.747299 -0.0258932 0.000336723
79 36.4973 -8.11447 0.774897 -0.0280948 0.000383106
80 45.4927 -9.01699 0.791478 -0.0269884 0.000347662
81 51.7247 -10.0911 0.874032 -0.0298685 0.000384007
82 52.842 -10.712 0.955283 -0.0338269 0.000447061
83 43.4908 -8.62246 0.764098 -0.0262334 0.000340917
84 42.7611 -8.87853 0.803605 -0.0281441 0.000370341
85 36.1111 -8.16294 0.793909 -0.0294448 0.000408859
86 46.8953 -9.49946 0.878712 -0.0322404 0.000443491
87 41.0997 -8.62138 0.790286 -0.0278229 0.000366577
88 38.8401 -8.4989 0.791141 -0.0279011 0.000367392
89 42.6459 -8.48515 0.739197 -0.0243264 0.000298751
90 41.8242 -9.10874 0.845569 -0.0302051 0.000402492
91 43.2242 -8.94633 0.800736 -0.0275725 0.000355476
92 37.5059 -8.08655 0.744141 -0.0257178 0.000328543
93 50.1275 -10.2128 0.909604 -0.0317646 0.000413827
94 51.3839 -10.6321 0.960854 -0.0342595 0.000457919
95 44.9136 -9.29059 0.843245 -0.0298146 0.000396017
