0 23.3045 -6.39975 0.701563 -0.0272086 0.000402898
1 44.6487 -10.3027 1.02771 -0.0399454 0.000594029
2 58.4073 -12.699 1.22216 -0.0474489 0.000704747
3 36.7189 -8.58227 0.856573 -0.0323903 0.000471833
4 52.6958 -11.1648 1.02569 -0.0365837 0.000493092
5 60.6163 -13.3621 1.30178 -0.0518497 0.000794637
6 43.676 -10.1823 1.02402 -0.0402299 0.000607782
7 53.5809 -11.5404 1.0937 -0.0413252 0.000599959
8 44.3981 -9.77263 0.930324 -0.033991 0.000478049
9 41.6064 -9.87852 1.01264 -0.0409649 0.000642782
10 44.3671 -9.90527 0.953607 -0.0353434 0.000503853
11 59.4048 -13.1287 1.27908 -0.0507544 0.000774213
12 53.2596 -10.8976 0.960442 -0.0322925 0.000406833
13 49.868 -10.983 1.04868 -0.0396586 0.000578403
14 35.5158 -7.99622 0.755534 -0.0262774 0.0003511
15 33.9167 -7.37831 0.663385 -0.0210498 0.000249908
16 39.8316 -8.88445 0.849847 -0.0309747 0.000435288
17 55.5036 -11.9676 1.12384 -0.0421986 0.000607189
18 36.8236 -8.34615 0.794546 -0.0286098 0.000401253
19 44.505 -9.74861 0.907974 -0.0324236 0.000445183
20 53.0695 -11.4479 1.05844 -0.0384223 0.000529516
21 50.7071 -10.7996 0.997842 -0.036361 0.000512844
22 42.6565 -8.98815 0.801775 -0.0265009 0.00033082
23 47.5321 -10.6037 1.00468 -0.0373442 0.000536085
24 62.671 -12.569 1.10404 -0.038653 0.000516179
25 53.4941 -11.1203 0.988288 -0.0341513 0.000449696
26 43.8171 -9.3248 0.852528 -0.0295286 0.000390853
27 48.0075 -10.3743 0.963531 -0.0348548 0.000481716
28 58.4373 -12.1531 1.10287 -0.0397731 0.000541443
29 40.3276 -9.36237 0.931785 -0.0361945 0.000544037
30 52.7207 -11.4794 1.0921 -0.0414605 0.000603861
31 46.1524 -9.99611 0.926036 -0.0329589 0.000444684
32 76.1931 -19.4968 1.81847 -0.068219 0.000954398
33 32.2952 -9.31888 0.982943 -0.038729 0.000577254
34 39.0773 -11.3074 1.19367 -0.0484277 0.000738108
35 27.078 -6.75909 0.686366 -0.0251972 0.000358703
36 24.0766 -6.53623 0.652905 -0.0226899 0.000299148
37 26.3606 -6.20282 0.581929 -0.0184228 0.000216349
38 20.5441 -5.42165 0.562197 -0.0197643 0.000270246
39 21.9001 -5.43129 0.530674 -0.0172686 0.000215249
40 26.3373 -6.5493 0.654747 -0.0233595 0.000320355
41 28.0068 -7.14257 0.737455 -0.0280609 0.000411403
42 30.4951 -8.72454 0.918511 -0.0359681 0.000533239
43 36.7277 -10.7269 1.14747 -0.0474267 0.000739382
44 32.1976 -7.54355 0.722664 -0.0250204 0.000328832
45 23.2766 -5.97474 0.592211 -0.0202271 0.000264513
46 32.3344 -8.82782 0.873103 -0.03182 0.000436459
47 31.862 -8.89369 0.911433 -0.0349881 0.000508463
48 59.2859 -15.5098 1.4849 -0.0567525 0.000815407
49 38.8976 -10.0639 0.958208 -0.0346188 0.000475199
50 28.7686 -7.37768 0.753653 -0.028291 0.000406946
51 35.2404 -7.96996 0.742082 -0.0251851 0.000323572
52 90.0017 -22.8591 2.10063 -0.0786274 0.00109493
53 27.0868 -6.68411 0.667916 -0.0241446 0.000338412
54 25.7394 -6.06516 0.577797 -0.0191266 0.000244311
55 23.2048 -6.28613 0.659607 -0.0247513 0.000359768
56 65.4175 -16.5986 1.52123 -0.0551522 0.000741629
57 22.9458 -6.19876 0.628779 -0.022277 0.00030441
58 24.7381 -6.35061 0.628118 -0.0217921 0.000290589
59 45.7918 -12.7809 1.2858 -0.0501691 0.000732272
60 24.1623 -6.22961 0.618635 -0.0214888 0.000285749
61 24.8643 -6.28853 0.621353 -0.0215668 0.000289414
62 28.9164 -6.09449 0.510524 -0.0135861 0.000124811
63 47.1196 -12.5242 1.21403 -0.0456298 0.000638983
64 36.0063 -10.6298 1.14792 -0.0476672 0.00074785
65 30.4884 -8.78009 0.925804 -0.0364292 0.000547197
66 74.4193 -20.3641 2.02286 -0.0815172 0.00122293
67 35.9771 -10.3699 1.08682 -0.0436496 0.000664475
68 29.9897 -6.90343 0.659356 -0.0225155 0.000297763
69 27.5901 -7.03738 0.721497 -0.0273272 0.000408431
70 36.6255 -10.7445 1.15234 -0.0474316 0.00073286
71 32.2045 -8.26811 0.866435 -0.0341755 0.000521951
72 89.4123 -22.9712 2.1288 -0.080386 0.00113222
73 24.6804 -6.87461 0.712283 -0.0267642 0.000393348
74 99.6411 -26.229 2.50019 -0.0979479 0.00143015
75 22.3478 -5.98384 0.622067 -0.0229795 0.000334605
76 45.145 -13.0264 1.3602 -0.0553655 0.000839217
77 25.0018 -5.43524 0.470324 -0.0124652 0.000106939
78 30.6816 -6.52832 0.561204 -0.0158166 0.000158035
79 80.4658 -21.876 2.17162 -0.0881466 0.00133317
80 25.0678 -6.12327 0.615827 -0.0224397 0.000326541
81 16.6076 -3.12594 0.178262 0.00375188 -0.000214432
82 70.9026 -19.6503 1.9545 -0.0781728 0.00116041
83 29.0541 -6.15348 0.519267 -0.013534 0.000104973
84 17.2475 -3.96399 0.343895 -0.00825777 7.21633e-05
85 75.3215 -20.0145 1.94034 -0.076398 0.00112561
86 22.5135 -4.8973 0.406654 -0.00894781 4.14948e-05
87 20.2132 -5.06875 0.481142 -0.0142965 0.000154402
88 12.8513 -2.01725 0.0369737 0.0113033 -0.000344353
89 19.6181 -5.04524 0.496561 -0.0160508 0.00020864
90 14.1941 -2.59281 0.116571 0.00667544 -0.000249968
91 61.1295 -17.3316 1.76855 -0.0719024 0.00108453
92 21.6988 -5.66758 0.534397 -0.0159954 0.000172714
93 85.3513 -23.429 2.31675 -0.0940583 0.00142808
94 15.0332 -2.98805 0.190697 0.00206511 -0.000164445
95 61.591 -18.4789 2.00706 -0.0879832 0.00143305
