0 27.8904 -6.55699 0.677365 -0.0256588 0.000367573
1 21.6709 -6.22527 0.692947 -0.0273909 0.000403602
2 24.0506 -6.25931 0.680601 -0.0267147 0.000393732
3 26.6267 -7.04486 0.763179 -0.0302363 0.000445471
4 32.3602 -7.63917 0.772251 -0.0292231 0.000416346
5 25.7931 -6.26597 0.647117 -0.0241956 0.000342963
6 24.7127 -7.13318 0.774994 -0.030557 0.000447666
7 37.8802 -8.76606 0.875456 -0.0334959 0.000480324
8 26.8035 -7.02086 0.746854 -0.0289918 0.00041986
9 36.5082 -8.64648 0.874878 -0.0337462 0.000486009
10 24.3216 -6.27206 0.671033 -0.0258802 0.000375055
11 27.4306 -7.04953 0.749705 -0.0292015 0.000424914
12 29.9737 -7.81213 0.825179 -0.0324657 0.000475905
13 22.796 -6.41359 0.692682 -0.026707 0.000386112
14 23.1378 -6.47143 0.698489 -0.0269592 0.00038974
15 23.6056 -6.14388 0.652235 -0.0248824 0.000355817
16 36.9286 -9.07046 0.925147 -0.0359725 0.000519893
17 34.6939 -8.46466 0.853224 -0.0324474 0.000460888
18 30.4323 -7.69241 0.791177 -0.0302167 0.000430981
19 42.8519 -9.96443 0.975601 -0.0369947 0.000523791
20 23.4574 -6.58264 0.711438 -0.0276152 0.000399828
21 40.3024 -9.34315 0.925495 -0.035264 0.000500001
22 26.2628 -6.84707 0.717208 -0.0273265 0.00038894
23 26.8169 -7.04252 0.741253 -0.0284478 0.000406342
24 26.685 -6.66573 0.688782 -0.0258929 0.000367416
25 32.6202 -7.98576 0.815529 -0.0311889 0.000444807
26 31.8331 -7.9464 0.815859 -0.031317 0.0004469
27 35.4405 -8.21195 0.819441 -0.0311639 0.000444877
28 41.7254 -9.32499 0.896142 -0.0332569 0.000462457
29 30.7987 -7.92314 0.815941 -0.0312252 0.000444665
30 33.7174 -7.95023 0.802309 -0.030464 0.000433384
31 37.3391 -9.22345 0.949654 -0.0374418 0.000545808
32 74.1945 -14.3496 1.26145 -0.0457463 0.000624747
33 57.9042 -11.9247 1.0967 -0.0406052 0.000563621
34 58.7726 -12.0106 1.09845 -0.0405331 0.000562615
35 60.151 -12.3376 1.13359 -0.0421892 0.000589547
36 72.685 -14.0311 1.22545 -0.0440432 0.000597163
37 76.2561 -14.5412 1.2622 -0.045339 0.00061363
38 58.2178 -12.0801 1.12965 -0.0427498 0.000606993
39 59.4173 -12.6267 1.19614 -0.0461917 0.000667748
40 64.1232 -12.9184 1.16318 -0.0426099 0.000587556
41 68.7113 -14.0022 1.27114 -0.0473795 0.00066277
42 59.8323 -12.0764 1.09793 -0.0406458 0.000566259
43 63.436 -12.7194 1.14838 -0.0422781 0.000584473
44 67.5082 -13.3103 1.18343 -0.0430712 0.000589477
45 62.6584 -12.6719 1.14333 -0.0419564 0.000579481
46 67.532 -13.3977 1.19365 -0.0436841 0.000601378
47 65.8701 -14.0541 1.32837 -0.0517373 0.000753944
48 69.6521 -13.8947 1.23849 -0.0452504 0.000619681
49 71.4743 -14.0932 1.25047 -0.0457297 0.000628059
50 65.9756 -13.8269 1.28066 -0.0484256 0.000684883
51 66.7548 -13.7131 1.24828 -0.0465682 0.000650421
52 65.5798 -13.3307 1.20262 -0.0443313 0.000613348
53 57.5017 -11.6053 1.04805 -0.0382318 0.000524247
54 67.0546 -13.6816 1.23358 -0.0453996 0.000625779
55 59.237 -12.2836 1.13255 -0.0422616 0.000589602
56 68.5543 -13.566 1.19682 -0.0432097 0.000586914
57 68.8636 -14.0141 1.27011 -0.0472338 0.000657767
58 64.2728 -13.2524 1.20704 -0.0446972 0.000619051
59 70.5844 -14.3312 1.29122 -0.0476864 0.000659177
60 61.6508 -12.785 1.15684 -0.0423027 0.000579689
61 65.1428 -13.398 1.21328 -0.0447208 0.000616907
62 75.5931 -15.3991 1.39 -0.0518258 0.000724109
63 61.7555 -12.8922 1.1794 -0.043562 0.000601767
64 39.7519 -8.88857 0.869559 -0.0328116 0.000465974
65 33.3583 -8.11625 0.829195 -0.03187 0.000457776
66 24.522 -6.34338 0.68631 -0.0269602 0.000399955
67 38.864 -8.61403 0.846995 -0.0321845 0.000460148
68 24.5517 -6.53712 0.70814 -0.0277961 0.000408014
69 28.0841 -6.94355 0.725188 -0.0279977 0.000407653
70 30.5505 -7.52287 0.780524 -0.0303803 0.000444874
71 35.6237 -8.35696 0.853606 -0.0332652 0.000484052
72 33.5582 -8.15656 0.82903 -0.0317916 0.00045716
73 22.0298 -5.79836 0.62546 -0.0240275 0.000349012
74 46.023 -9.57269 0.899706 -0.0332604 0.00046608
75 21.5342 -6.0458 0.659736 -0.025655 0.000374384
76 30.6294 -7.46296 0.763163 -0.0290336 0.000414287
77 35.6701 -8.44442 0.845045 -0.0322978 0.000461795
78 33.6942 -7.83608 0.792227 -0.0304406 0.000441274
79 22.5681 -6.45806 0.702262 -0.0273123 0.000396192
80 36.6577 -8.71577 0.875477 -0.0333794 0.000474684
81 32.0332 -7.73287 0.77194 -0.0286988 0.000400806
82 34.0569 -7.98315 0.799422 -0.030351 0.000432764
83 31.2121 -7.61132 0.787088 -0.0305738 0.000445092
84 45.4529 -10.381 1.01117 -0.0385084 0.000547752
85 50.2504 -10.9646 1.04391 -0.0390978 0.000547343
86 27.3472 -7.0228 0.73823 -0.028347 0.000407551
87 27.7882 -7.16726 0.756024 -0.0293588 0.000426649
88 38.5434 -9.16948 0.905565 -0.0341333 0.00047964
89 45.3932 -10.3907 1.02064 -0.0391442 0.000560919
90 43.6353 -9.90892 0.963668 -0.0362836 0.000509572
91 37.8677 -8.87173 0.894918 -0.0346445 0.000501156
92 29.4576 -7.45479 0.77658 -0.0299716 0.000432713
93 35.3007 -8.64076 0.887283 -0.034435 0.000496727
94 51.7643 -11.6328 1.12948 -0.0433498 0.000619775
95 53.0425 -11.7949 1.14414 -0.044287 0.000638741
