0 20.2564 -5.76781 0.6432 -0.0248744 0.000358892
1 31.4135 -8.17827 0.8721 -0.0347266 0.000512258
2 22.8207 -6.93826 0.755557 -0.0296124 0.000432655
3 24.4121 -7.29365 0.809042 -0.0326699 0.000489338
4 26.9741 -7.28849 0.781964 -0.0304738 0.000440699
5 34.7088 -10.158 1.08283 -0.043433 0.000640083
6 32.9504 -9.38088 0.960657 -0.0366501 0.000517866
7 31.8811 -8.1057 0.839011 -0.0324011 0.000466359
8 26.0061 -7.32901 0.805668 -0.0322204 0.000477002
9 24.6916 -6.85956 0.749541 -0.0293639 0.000428345
10 31.0236 -8.88071 0.922125 -0.0356955 0.000512076
11 26.7338 -7.74682 0.831672 -0.0324332 0.000468505
12 28.4354 -8.4958 0.910748 -0.0361288 0.00053072
13 34.3771 -9.93932 1.01955 -0.0395667 0.000568284
14 26.9144 -7.34364 0.792988 -0.0312118 0.000456077
15 31.275 -9.09056 0.962951 -0.0379116 0.000549425
16 19.3834 -6.35515 0.728287 -0.0292634 0.000436118
17 31.7059 -9.16447 0.946178 -0.036341 0.000516789
18 26.8035 -7.85009 0.843842 -0.0328766 0.000470757
19 31.5013 -9.18958 0.977299 -0.0385695 0.000559373
20 26.1424 -7.72909 0.854416 -0.0344683 0.000510622
21 31.7613 -9.13585 0.955029 -0.037135 0.000531293
22 24.4666 -7.44463 0.799548 -0.0310315 0.000446375
23 24.8783 -7.25192 0.794595 -0.0314199 0.000458316
24 -7.88515 0.501676 0.0974154 -0.00438722 7.96897e-05
25 19.3914 -6.14794 0.682256 -0.0265166 0.000383435
26 25.762 -7.75508 0.843908 -0.0333123 0.000485222
27 32.4814 -8.39634 0.886836 -0.0350945 0.000514268
28 18.9432 -6.06608 0.662177 -0.0253871 0.000365646
29 27.4407 -7.80938 0.861064 -0.0346856 0.000512741
30 30.0945 -8.72608 0.923942 -0.0359125 0.000511654
31 35.229 -10.156 1.03852 -0.0399675 0.000566665
32 25.4911 -7.6527 0.842469 -0.0337259 0.000499762
33 -9.5942 0.445321 0.126828 -0.00649447 0.00012378
34 32.7421 -9.56153 1.00231 -0.0393696 0.000570485
35 26.0673 -7.99001 0.81347 -0.030411 0.000426939
36 10.0302 -4.01149 0.508902 -0.0204995 0.000308871
37 11.8545 -4.69961 0.55167 -0.0215067 0.000315063
38 25.8181 -7.84215 0.883452 -0.0363427 0.000550143
39 1.05301 -2.2149 0.359902 -0.0150226 0.000234744
40 4.20396 -2.18407 0.322146 -0.0127712 0.000198898
41 -11.3361 0.624699 0.125989 -0.00692203 0.000132688
42 1.74714 -2.28596 0.34515 -0.0138317 0.000213487
43 17.5676 -5.89069 0.667698 -0.0261843 0.000382196
44 19.5819 -6.21579 0.66712 -0.0253299 0.000362673
45 23.8261 -7.50297 0.836044 -0.0337225 0.000501722
46 -5.80778 -0.863991 0.241644 -0.0107307 0.000180129
47 9.34974 -3.98703 0.496907 -0.019844 0.000297314
48 4.3324 -2.38949 0.370311 -0.0157098 0.000250308
49 27.3271 -8.17412 0.878325 -0.0344326 0.000497779
50 5.5895 -2.93416 0.41837 -0.0173247 0.000266668
51 58.8817 -14.9907 1.36999 -0.049686 0.000670782
52 168.851 -40.9869 3.61771 -0.13347 0.00180845
53 5.13719 -3.02077 0.409196 -0.0164662 0.000252802
54 28.5508 -8.56924 0.914469 -0.0360667 0.000526445
55 12.0307 -4.41603 0.538517 -0.021632 0.000325166
56 5.60044 -2.76107 0.353194 -0.0130717 0.000188012
57 32.1042 -9.26586 0.922902 -0.034384 0.000478916
58 11.5971 -4.85219 0.577034 -0.0227571 0.000336523
59 170.382 -43.5448 3.99298 -0.151485 0.00208939
60 9.52012 -3.78792 0.48408 -0.0196047 0.000299757
61 26.0042 -7.8396 0.793719 -0.0296029 0.000415338
62 29.422 -8.55291 0.904493 -0.0352239 0.000505845
63 24.5151 -7.39502 0.8384 -0.034421 0.000518366
64 35.903 -8.73355 0.907774 -0.0361338 0.000536796
65 34.3877 -7.98233 0.805279 -0.0307612 0.00043847
66 46.0032 -9.86582 0.941263 -0.0350856 0.000490662
67 51.8865 -11.1602 1.06184 -0.0402787 0.000572035
68 47.3403 -10.4478 1.01607 -0.0391778 0.000566696
69 44.4709 -9.4882 0.884215 -0.0319006 0.000429854
70 42.5587 -10.1454 1.02512 -0.0404358 0.000595371
71 58.2525 -12.591 1.19072 -0.0452432 0.000642483
72 32.3061 -8.00452 0.830501 -0.0325206 0.000478217
73 50.2817 -10.8076 1.02925 -0.0390609 0.000557094
74 37.8433 -8.97876 0.909729 -0.0355178 0.000520263
75 42.5993 -9.53384 0.919093 -0.0344949 0.000485255
76 51.0395 -11.4513 1.11664 -0.0433662 0.000627396
77 57.818 -12.6878 1.20071 -0.0457278 0.00064639
78 46.0102 -10.9052 1.09633 -0.0434745 0.000641254
79 39.9572 -9.52888 0.954527 -0.0366357 0.000523127
80 49.7433 -10.7945 1.02262 -0.0383743 0.000539856
81 55.8635 -11.7659 1.08501 -0.0399438 0.000549679
82 56.3618 -12.2324 1.15653 -0.0437322 0.00061153
83 47.4579 -10.2739 0.978869 -0.0368033 0.000519735
84 47.0629 -10.7176 1.04877 -0.0406072 0.000588581
85 38.5471 -9.26739 0.943701 -0.0370132 0.000541198
86 46.6733 -9.86813 0.958929 -0.0372547 0.000547664
87 44.9784 -10.2799 1.0103 -0.0388772 0.000557699
88 42.5807 -10.0795 0.999185 -0.0382827 0.000545501
89 50.3461 -11.6203 1.15201 -0.0453697 0.000666524
90 44.8993 -10.434 1.01976 -0.0387858 0.000547884
91 48.2809 -11.0258 1.07169 -0.0410174 0.000584151
92 43.285 -10.4617 1.05799 -0.0417023 0.000608088
93 54.6885 -12.1636 1.17287 -0.0452445 0.000649795
94 56.4571 -12.7413 1.24146 -0.0485555 0.000708264
95 49.5177 -11.1752 1.08657 -0.0418413 0.000600692
