0 50.7321 0.0794404
1 46.8462 0.0780999
2 63.0733 0.0785474
3 29.8637 0.0782537
4 54.4248 0.0788114
5 42.1762 0.0802374
6 47.769 0.0778679
7 45.7556 0.0786606
8 49.6952 0.0774475
9 38.6957 0.0783825
10 56.195 0.0781065
11 49.6354 0.078633
12 47.0722 0.0783984
13 49.0439 0.0777948
14 63.258 0.0793932
15 22.312 0.0792562
16 18.3024 0.0799791
17 57.1792 0.0792343
18 67.4993 0.0791034
19 33.4351 0.0787696
20 49.0451 0.0763118
21 29.6594 0.0776335
22 54.5507 0.0793412
23 13.0122 0.0772189
24 63.6139 0.0805802
25 42.1602 0.0779979
26 44.2207 0.0791194
27 34.3715 0.0783858
28 44.0688 0.0787564
29 30.5143 0.0787115
30 56.1673 0.0800002
31 3.51947 0.076089
32 137.356 0.0767665
33 101.39 0.0774426
34 102.33 0.0772555
35 116.352 0.075892
36 136.906 0.0765748
37 135.031 0.0756602
38 129.659 0.0765173
39 107.943 0.0763776
40 126.117 0.0769836
41 139.843 0.0749767
42 123.024 0.0753128
43 121.663 0.0759686
44 110.394 0.0764714
45 110.509 0.074976
46 115.486 0.0744552
47 113.404 0.0768594
48 107.719 0.0739943
49 135.898 0.0734229
50 88.3038 0.0745481
51 114.894 0.0752308
52 118.286 0.0733663
53 143.697 0.0579754
54 90.4203 0.0707995
55 118.076 0.0744915
56 127.111 0.0759182
57 130.997 0.0771523
58 130.744 0.0744468
59 118.988 0.0748116
60 115.507 0.0780541
61 121.57 0.0771203
62 93.0644 0.0765718
63 121.638 0.0753097
64 35.7299 0.081732
65 24.9198 0.0817673
66 12.2326 0.0806809
67 16.5305 0.081171
68 15.4013 0.0809724
69 30.7644 0.0822344
70 -8.4132 0.0806145
71 51.1317 0.0812775
72 -13.8567 0.0822804
73 49.6764 0.0821015
74 16.7599 0.0803077
75 11.1586 0.0808751
76 21.2963 0.08145
77 12.7404 0.0810936
78 10.7865 0.0822354
79 19.4009 0.0817915
80 46.9207 0.0830119
81 17.2457 0.0814989
82 14.5511 0.0826739
83 47.4665 0.082234
84 55.3729 0.083544
85 3.27678 0.0805913
86 23.574 0.0823441
87 1.11567 0.0809639
88 14.2099 0.0824096
89 -14.0331 0.0809432
90 -0.132734 0.0809829
91 12.5421 0.0797692
92 -13.8655 0.081659
93 21.8208 0.0829001
94 -1.19705 0.0825137
95 19.66 0.0816754
