0 25.2484 0.08364
1 -0.477319 0.0822954
2 27.5976 0.0810115
3 -4.74168 0.0820934
4 -10.4529 0.0829649
5 -20.4349 0.0824793
6 9.91043 0.0814569
7 2.88996 0.0830942
8 -33.6079 0.0855566
9 18.9572 0.0821516
10 -23.8876 0.0822526
11 10.9665 0.0814058
12 13.6325 0.083733
13 7.6871 0.0829777
14 -6.36719 0.0818125
15 17.9742 0.0830232
16 -6.84694 0.0809972
17 12.9076 0.0816989
18 -5.77137 0.0836752
19 17.6035 0.0831265
20 13.6499 0.0830111
21 8.99842 0.0837504
22 12.6182 0.0846733
23 -1.76916 0.082033
24 -26.3236 0.0839741
25 13.6261 0.0850082
26 -3.68872 0.0847931
27 5.95792 0.0819232
28 -36.8806 0.086676
29 -24.1553 0.0839948
30 -24.3492 0.0812802
31 -43.8617 0.0835931
32 70.7165 0.0812037
33 37.3864 0.0778944
34 49.8323 0.077804
35 58.2169 0.0781014
36 62.3401 0.0785448
37 52.6869 0.079677
38 52.6801 0.0773609
39 35.6785 0.0773944
40 38.5735 0.0786255
41 51.7123 0.0784438
42 48.2003 0.0788382
43 72.9647 0.0778156
44 59.8809 0.0778495
45 54.062 0.0792646
46 64.3983 0.0788003
47 70.8101 0.0786735
48 25.5809 0.0782667
49 63.4602 0.0786308
50 58.425 0.0794969
51 68.9625 0.0796529
52 34.701 0.0773726
53 52.1944 0.0790503
54 55.0922 0.078355
55 45.0414 0.0790315
56 60.8003 0.0815053
57 83.2727 0.0797278
58 54.1419 0.0785642
59 53.5741 0.0775938
60 53.7438 0.0781679
61 73.2032 0.0795101
62 55.5384 0.0786388
63 33.0186 0.0776177
64 85.6187 0.078966
65 95.4318 0.0776822
66 78.2721 0.0773537
67 88.9383 0.0792889
68 89.3874 0.0771619
69 84.3269 0.0775847
70 83.5146 0.0774731
71 99.9794 0.0781161
72 72.5091 0.0787114
73 93.4488 0.07747
74 87.8497 0.0780015
75 95.7761 0.0776222
76 101.397 0.0774322
77 110.9 0.0767366
78 100.103 0.0795259
79 94.6611 0.078867
80 72.9341 0.0786282
81 88.8539 0.0800463
82 84.6683 0.0791612
83 97.6837 0.078037
84 106.085 0.0786864
85 92.2646 0.0790336
86 116.816 0.079552
87 92.092 0.079038
88 98.8442 0.0790159
89 67.5636 0.0788196
90 84.7078 0.0794785
91 92.386 0.0805899
92 97.1392 0.0802991
93 72.9161 0.0788477
94 84.6394 0.0794919
95 101.194 0.0770279
