0 -6.44968 0.0991618
1 32.7806 0.099578
2 66.5685 0.098553
3 20.0279 0.0982327
4 52.0995 0.0997264
5 65.3036 0.100607
6 31.1951 0.0989732
7 53.4874 0.0995617
8 37.6427 0.101964
9 29.1465 0.0995431
10 36.9174 0.101186
11 62.1962 0.0993789
12 56.7737 0.101031
13 44.4542 0.0993761
14 17.8506 0.10012
15 13.1137 0.0984357
16 22.8296 0.0987146
17 53.6822 0.100019
18 16.376 0.100596
19 28.0896 0.100863
20 44.7722 0.100117
21 46.878 0.099565
22 28.5745 0.100222
23 28.1812 0.100112
24 72.7762 0.0997569
25 46.141 0.0998117
26 33.5401 0.0991382
27 37.7071 0.0999729
28 62.9312 0.0983554
29 24.3591 0.0972224
30 46.7527 0.0999769
31 35.8849 0.0977545
32 -37.1991 0.102194
33 -18.7085 0.0998549
34 -19.0155 0.0979241
35 2.74241 0.100005
36 -14.9988 0.0991256
37 1.22769 0.102309
38 -7.76681 0.100224
39 -4.76158 0.0994443
40 0.0175356 0.100178
41 0.880812 0.100157
42 -15.6287 0.100242
43 -21.2498 0.101442
44 9.62073 0.10202
45 -6.81948 0.0997299
46 -25.4105 0.101047
47 -23.1568 0.100308
48 -32.0854 0.102754
49 -30.7399 0.101534
50 -4.72181 0.102284
51 16.9589 0.101643
52 -48.6472 0.102324
53 0.639052 0.101223
54 0.0829065 0.100795
55 -13.5822 0.101796
56 -41.1949 0.105303
57 -20.7553 0.103422
58 -14.4094 0.1034
59 -29.1411 0.104259
60 -14.8788 0.102639
61 -11.031 0.103578
62 -0.636294 0.10556
63 -31.8874 0.102957
64 -4.64749 0.0988246
65 -8.72284 0.0977975
66 -18.3228 0.0953342
67 -6.8964 0.0953879
68 20.6827 0.0966918
69 7.76846 0.0968945
70 -12.2008 0.0979061
71 19.5941 0.0977755
72 -40.9821 0.0982082
73 -10.3667 0.0954005
74 -25.1007 0.0974639
75 2.54073 0.0959588
76 -11.9496 0.0969455
77 16.1588 0.0963063
78 22.4113 0.0991295
79 -24.348 0.0957595
80 8.00389 0.0976702
81 -1.8748 0.0964046
82 -20.066 0.0963402
83 19.9403 0.0969882
84 -2.69347 0.0953748
85 -29.2772 0.098344
86 -1.09551 0.0975601
87 -4.35018 0.0951641
88 -6.7955 0.0979989
89 -7.4565 0.0955713
90 -11.3847 0.0984986
91 -18.7717 0.0960533
92 -11.36 0.0973338
93 -42.9671 0.0979872
94 -3.25604 0.0962133
95 -19.0282 0.0963334
