0 11.1881 0.0803616
1 7.98441 0.0793113
2 -13.2392 0.0797409
3 -9.61639 0.0786046
4 -14.8387 0.0796822
5 32.4213 0.0810223
6 -3.20153 0.0812299
7 1.46332 0.0818793
8 -1.43458 0.0796969
9 30.7226 0.0812026
10 17.2876 0.0815655
11 20.3238 0.0797667
12 8.4054 0.0793236
13 -1.90659 0.0793085
14 36.5827 0.0815824
15 -6.07242 0.0802963
16 7.4799 0.08024
17 17.2387 0.0816442
18 29.5511 0.0813936
19 26.3657 0.0820041
20 -7.92726 0.0807896
21 8.79242 0.0807331
22 34.2314 0.0818622
23 -6.41984 0.0792065
24 18.9593 0.0825615
25 2.36052 0.078582
26 12.4464 0.0825191
27 19.4271 0.081515
28 16.0285 0.0798547
29 10.9121 0.0794881
30 12.5924 0.0797561
31 6.75361 0.0801914
32 39.0822 0.0813169
33 57.2863 0.0797755
34 26.3189 0.0801071
35 40.4457 0.0786093
36 21.4295 0.0781738
37 29.6879 0.0779246
38 37.0007 0.0796093
39 37.192 0.0798529
40 43.5451 0.0805712
41 49.1887 0.0805356
42 42.4344 0.0794151
43 43.9034 0.0808526
44 59.881 0.0806008
45 35.79 0.0805101
46 48.8923 0.0801696
47 44.9441 0.0808251
48 54.8799 0.0804692
49 53.8004 0.0811353
50 43.1952 0.080548
51 59.4779 0.0806469
52 50.5248 0.082056
53 37.3815 0.0795507
54 42.1978 0.0797968
55 33.831 0.0803294
56 35.3122 0.0815329
57 28.7196 0.0787654
58 67.1147 0.0818876
59 40.1915 0.0795709
60 29.4096 0.0803047
61 50.6533 0.0798542
62 38.1132 0.0803715
63 41.4321 0.0797677
64 25.6946 0.0835933
65 13.9935 0.0810914
66 58.6468 0.0814701
67 48.8891 0.0812312
68 34.5801 0.0834976
69 40.4151 0.0826433
70 17.5578 0.0817011
71 40.7128 0.0835594
72 55.4424 0.0825033
73 17.5581 0.0817826
74 54.3763 0.0814904
75 51.5478 0.0815697
76 31.7707 0.0816488
77 11.426 0.082295
78 50.4 0.0818919
79 48.011 0.0820807
80 41.8753 0.0831089
81 46.3507 0.0821788
82 50.8798 0.0818594
83 46.2692 0.0825857
84 40.2361 0.0825246
85 16.256 0.0815601
86 47.6716 0.0830805
87 13.4014 0.0799997
88 33.0493 0.082365
89 31.6662 0.0828378
90 41.1331 0.0833313
91 46.7629 0.0819058
92 49.5122 0.081726
93 32.8203 0.0812681
94 52.235 0.0807652
95 34.1564 0.0822765
