0 -44.5697 0.0852076
1 -35.0196 0.0828386
2 -32.6491 0.0829878
3 -51.9475 0.0790342
4 -53.4305 0.0770777
5 -34.21 0.0836368
6 -31.7652 0.0837635
7 -50.8539 0.0790184
8 -2.79733 0.0840588
9 -8.46512 0.0802664
10 -54.3617 0.0770505
11 -47.3249 0.0832996
12 -44.0094 0.0841518
13 -15.4135 0.081978
14 -21.6446 0.0829252
15 -52.8127 0.075907
16 -43.3003 0.0853702
17 -34.2847 0.0830552
18 -42.9169 0.0855448
19 -16.0454 0.0846688
20 -32.4152 0.0853932
21 -42.3883 0.0863354
22 -47.8945 0.08143
23 -27.785 0.0838297
24 -48.0253 0.0850494
25 -46.6573 0.0832472
26 -52.3796 0.0805066
27 -15.2624 0.0823912
28 -46.022 0.0854505
29 -51.9017 0.0819376
30 -11.9995 0.0835808
31 -53.1652 0.0769801
32 -18.6919 0.0821478
33 -4.58411 0.0802387
34 -39.7536 0.0824103
35 -19.2035 0.0826455
36 -24.667 0.0818389
37 -24.5711 0.0819338
38 -17.4697 0.0817796
39 -29.6518 0.0823351
40 -14.484 0.080874
41 -19.3188 0.0804178
42 5.70395 0.0791088
43 -18.869 0.0809464
44 9.24254 0.0820981
45 -14.5123 0.0822779
46 -17.8566 0.0821599
47 -20.0038 0.0828611
48 -16.6506 0.0815447
49 -8.60515 0.0812508
50 -46.0834 0.0815434
51 -4.2986 0.0819028
52 -15.1393 0.0837735
53 2.84046 0.0814258
54 -0.401381 0.0812989
55 -28.4048 0.082824
56 4.37112 0.0814852
57 -27.9165 0.0827327
58 -34.7009 0.0847181
59 -38.4157 0.08437
60 -16.9501 0.0816937
61 -21.7738 0.0819753
62 -0.456829 0.0824634
63 -10.5162 0.0797858
64 19.9787 0.0826862
65 36.0259 0.0808228
66 39.7261 0.0818878
67 18.7732 0.0814078
68 36.5983 0.0825776
69 57.7651 0.0822012
70 51.1012 0.0805629
71 31.6653 0.0804532
72 15.9851 0.0807465
73 38.1077 0.0814806
74 54.1131 0.0813833
75 35.5675 0.0817777
76 26.793 0.0814237
77 36.6211 0.0801246
78 36.3093 0.0809514
79 54.5443 0.0813181
80 33.0147 0.0824421
81 39.914 0.0835262
82 32.8967 0.0813506
83 56.6674 0.0819887
84 46.3284 0.0827477
85 22.508 0.0815894
86 56.8979 0.0810779
87 32.4302 0.079928
88 29.5285 0.0837051
89 40.7469 0.0815715
90 32.292 0.0820755
91 45.9097 0.0824944
92 36.5349 0.0829099
93 46.672 0.0827801
94 35.2389 0.0820582
95 -5.50936 0.0817351
