0 18.3166 0.137091
1 -11.0333 0.136871
2 12.0137 0.135994
3 11.0272 0.134444
4 22.9075 0.13716
5 13.3731 0.135666
6 -9.39879 0.134373
7 33.9963 0.13685
8 3.9509 0.137901
9 29.4966 0.135548
10 4.34037 0.137829
11 12.0654 0.13604
12 10.2812 0.136289
13 -4.25678 0.134537
14 -2.67598 0.137843
15 3.99225 0.134997
16 22.0732 0.134779
17 16.8018 0.135738
18 7.38725 0.137008
19 36.1798 0.136554
20 -7.72901 0.137102
21 34.1386 0.1354
22 0.338542 0.136576
23 6.6486 0.134951
24 6.9306 0.13707
25 18.7171 0.136779
26 11.9167 0.136672
27 24.4959 0.134727
28 37.1956 0.136484
29 5.42349 0.13569
30 20.9884 0.138163
31 19.6907 0.129574
32 115.217 0.130976
33 77.128 0.129196
34 78.3623 0.130373
35 78.8242 0.128107
36 111.954 0.131345
37 121.674 0.130087
38 76.0254 0.13065
39 73.392 0.129643
40 86.0299 0.130535
41 88.2985 0.130539
42 76.5993 0.12834
43 92.2726 0.129015
44 95.0245 0.128618
45 81.9582 0.129373
46 96.2811 0.127707
47 82.4845 0.128566
48 97.1588 0.129428
49 102.396 0.128284
50 85.4371 0.129595
51 88.8124 0.129467
52 83.0585 0.130621
53 71.915 0.12819
54 84.1219 0.131063
55 73.0285 0.126142
56 92.2089 0.131372
57 90.8045 0.129963
58 79.0091 0.128732
59 93.0178 0.131228
60 67.5964 0.130068
61 82.173 0.129955
62 103.726 0.128572
63 71.6121 0.127915
64 22.9217 0.14303
65 8.29464 0.13964
66 -1.68194 0.139721
67 28.7322 0.140424
68 -6.29665 0.140096
69 -0.0132197 0.139784
70 8.25209 0.139827
71 21.1827 0.139344
72 6.23171 0.141724
73 -12.18 0.137882
74 47.2587 0.140707
75 -20.6299 0.139326
76 7.13545 0.140608
77 15.2036 0.13866
78 15.0952 0.139091
79 -16.6393 0.137916
80 15.0219 0.142527
81 4.67796 0.139158
82 11.4259 0.138849
83 6.84733 0.139032
84 28.6432 0.140477
85 40.9005 0.141057
86 -3.36782 0.139367
87 -6.044 0.140382
88 8.95729 0.138807
89 31.2102 0.139561
90 26.1904 0.140757
91 13.7502 0.139555
92 -0.950348 0.139501
93 8.00519 0.138061
94 39.4558 0.143615
95 37.9552 0.136311
