0 -67.3502 0.142724
1 -20.2218 0.1419
2 -37.6569 0.144673
3 -45.5255 0.139878
4 -24.0352 0.144575
5 -47.4442 0.144056
6 -35.4234 0.142283
7 -24.2305 0.140833
8 -45.6672 0.144147
9 -8.08578 0.14557
10 -23.9247 0.146458
11 -34.3039 0.140775
12 -28.4375 0.142152
13 -5.49651 0.142083
14 -23.8966 0.143748
15 -22.5338 0.142649
16 -6.13488 0.144326
17 -13.7416 0.143751
18 -78.6176 0.144639
19 -53.471 0.145079
20 -16.5249 0.144433
21 -63.3453 0.143679
22 -46.4706 0.142132
23 -23.4315 0.144127
24 -76.4526 0.145003
25 -48.9625 0.142599
26 -23.763 0.146518
27 -20.8221 0.141785
28 -39.7904 0.141013
29 -43.0056 0.143978
30 -27.4969 0.142522
31 -38.6677 0.142714
32 -75.8028 0.142673
33 -93.3094 0.129958
34 -82.0267 0.137146
35 -74.1416 0.138661
36 -84.5834 0.140757
37 -82.1175 0.141207
38 -84.1699 0.139003
39 -62.4322 0.139572
40 -91.0838 0.137751
41 -84.8565 0.139246
42 -84.3649 0.135992
43 -72.1209 0.140235
44 -76.6112 0.141241
45 -78.8708 0.138715
46 -77.7687 0.140603
47 -84.0449 0.135316
48 -64.4178 0.140471
49 -87.5613 0.137952
50 -46.5484 0.14022
51 -42.9607 0.13825
52 -59.4074 0.141027
53 -78.3568 0.137386
54 -65.1948 0.139686
55 -67.4529 0.141777
56 -64.8652 0.139263
57 -84.3452 0.137132
58 -87.303 0.13719
59 -82.0027 0.138746
60 -75.3007 0.141173
61 -78.8061 0.140579
62 -76.726 0.139957
63 -86.1443 0.134239
64 53.5161 0.130473
65 51.6403 0.12737
66 61.0118 0.127541
67 52.7588 0.128003
68 26.9983 0.128249
69 68.2838 0.127983
70 56.0084 0.127483
71 68.3201 0.126774
72 59.4561 0.129481
73 56.062 0.12975
74 52.1762 0.126005
75 38.9762 0.12762
76 46.4087 0.127778
77 41.2714 0.12653
78 61.5512 0.128119
79 62.8118 0.125411
80 59.69 0.129063
81 28.2556 0.126642
82 60.8902 0.128317
83 75.1659 0.129374
85 53.9034 0.126782
86 63.4105 0.127393
87 43.5597 0.125596
88 49.6059 0.127593
89 42.9689 0.12793
90 45.3117 0.126981
91 54.1159 0.127081
92 29.163 0.128755
93 37.7619 0.125857
94 61.0717 0.128489
95 69.7139 0.124419
