0 -6.1561 0.0981523
1 -21.7491 0.0976979
2 -10.5558 0.0990275
3 -21.2099 0.0964141
4 -46.3269 0.102561
5 -29.7541 0.0993693
6 -26.67 0.0978836
7 -13.7157 0.0987496
8 5.70462 0.0993681
9 -13.9621 0.0990157
10 -14.711 0.0996618
11 0.52332 0.0988213
12 6.01911 0.0980916
13 -0.169015 0.0977782
14 -23.2381 0.099829
15 -14.8961 0.0990808
16 -1.76441 0.0994034
17 -23.0718 0.100243
18 -24.6229 0.101166
19 -17.0281 0.100649
20 -28.9968 0.100446
21 6.81904 0.0985437
22 -27.329 0.099714
23 -23.3348 0.100811
24 -48.3252 0.102801
25 -4.81591 0.0993749
26 -17.6729 0.0999942
27 -21.7518 0.0993406
28 -20.2158 0.100539
29 -22.3891 0.0981562
30 -54.0035 0.103219
31 -14.2674 0.101484
32 41.8218 0.0973283
33 17.7328 0.0956662
34 11.3688 0.0953116
35 9.36256 0.0956332
36 -0.309469 0.095887
37 18.2161 0.0948597
38 15.1015 0.0968641
39 -5.5106 0.0966488
40 33.9389 0.0975713
41 21.0927 0.0972244
42 25.5142 0.098361
43 10.185 0.0971879
44 -22.4881 0.0963266
45 18.6822 0.0978437
46 3.06748 0.0943764
47 14.9422 0.0963946
48 -15.4899 0.0971589
49 23.5679 0.096002
50 -2.27504 0.0970763
51 17.5647 0.0959593
52 -0.679192 0.0962438
53 6.94198 0.0977556
54 23.0356 0.096032
55 11.9022 0.0968887
56 3.32658 0.0998288
57 0.866758 0.0976858
58 -1.18222 0.0973872
59 12.5005 0.0976331
60 1.87757 0.0972028
61 -18.3086 0.0953909
62 -10.2302 0.0990734
63 2.16328 0.0973029
64 -63.0496 0.100519
65 -18.5213 0.0984171
66 -29.4488 0.0991736
67 -44.5798 0.100619
68 -30.3474 0.100797
69 -42.617 0.100575
70 -20.7227 0.0991485
71 -31.0225 0.0997963
72 -36.3884 0.10163
73 -40.8212 0.0997099
74 -32.0747 0.101005
75 -15.7406 0.0989938
76 -65.3461 0.0999512
77 -35.9226 0.102547
78 -38.1178 0.102216
79 -58.1169 0.10085
80 -48.6056 0.100859
81 -39.2579 0.101234
82 -45.1486 0.102392
83 -48.6284 0.101708
84 -62.1875 0.0990365
85 -37.2328 0.101846
86 -45.6883 0.103841
87 -41.8066 0.103453
88 -55.6656 0.10213
89 -10.5526 0.102425
90 -22.7281 0.102892
91 -64.256 0.0993097
92 -62.7954 0.101015
93 -33.2238 0.101658
94 -55.843 0.106771
95 -50.8444 0.103588
