0 51.3665 0.0856275
1 30.4298 0.0816031
2 41.8219 0.0813983
3 53.7232 0.0817952
4 25.1166 0.0815747
5 35.9369 0.0809825
6 84.9257 0.0825948
7 64.7486 0.0817692
8 51.268 0.0788493
9 52.6899 0.0811359
10 60.486 0.0819396
11 50.1409 0.0816145
12 46.5844 0.0817567
13 34.4465 0.0804239
14 66.2831 0.0818889
15 46.1253 0.0810771
16 38.2757 0.0814034
17 22.4158 0.0810035
18 30.7478 0.0805411
19 81.7901 0.0821066
20 50.7888 0.0822669
21 51.2554 0.0818232
22 29.3198 0.082898
23 47.1351 0.0821779
24 43.34 0.0814825
25 35.5824 0.0800425
26 21.7658 0.0816585
27 50.861 0.0801921
28 35.7567 0.0809524
29 38.9688 0.0809448
30 31.3926 0.0814754
31 56.1483 0.0817508
32 -47.5983 0.0851321
33 -36.9631 0.0851687
34 -34.7109 0.0851092
35 -17.4188 0.0825588
36 -28.1277 0.0844829
37 -47.1411 0.0863858
38 -30.1818 0.0836644
39 -16.6433 0.0843575
40 -25.607 0.0843269
41 -21.4322 0.0829307
42 -14.5424 0.0830286
43 -18.2719 0.0830401
44 -2.40176 0.0833753
45 -11.3457 0.0833018
46 -4.07533 0.083409
47 -28.455 0.0845481
48 -28.671 0.0857212
49 -32.4586 0.0859128
50 -15.4176 0.0841048
51 -37.9224 0.0848451
52 -41.758 0.0847821
53 11.3769 0.0837694
54 -16.7885 0.0836612
55 -47.8666 0.0845954
56 -32.7866 0.0853286
57 3.35739 0.0836567
58 -19.4038 0.0834347
59 -31.2324 0.0854445
60 0.460415 0.0838859
61 -14.6726 0.0825628
62 -35.5609 0.0869819
63 -29.4 0.0843021
64 32.6386 0.0814127
65 26.5107 0.0825604
66 64.5388 0.0818069
67 21.1578 0.0807378
68 57.1841 0.0823291
69 44.6861 0.0802067
70 48.8254 0.0816159
71 31.6754 0.0801621
72 33.0476 0.082919
73 30.7802 0.0795908
74 44.5234 0.0834663
75 25.8386 0.0817424
76 39.7527 0.0810436
77 20.1607 0.0818877
78 21.0492 0.0812483
79 46.0893 0.0817514
80 48.3232 0.0826572
81 23.5752 0.0857368
82 23.5752 0.0857368
83 64.4674 0.0828747
84 26.005 0.0802103
85 11.5169 0.082516
86 20.1326 0.0817358
87 30.6541 0.0811552
88 40.5128 0.0830645
89 51.2383 0.0818742
90 43.346 0.0828245
91 27.6216 0.0806639
92 11.3681 0.0812185
93 28.5271 0.0811839
94 22.9314 0.0818266
95 24.6478 0.0798921
