0 46.8898 0.08317
1 51.9334 0.0802551
2 66.839 0.0811342
3 57.9654 0.0822709
4 34.0806 0.0822195
5 53.1944 0.0821721
6 29.1535 0.0814878
7 34.3453 0.0806572
8 51.8255 0.0818861
9 35.9463 0.0810006
10 42.5735 0.0813289
11 48.0469 0.0823217
12 47.6419 0.0793659
13 44.8534 0.0805438
14 64.7242 0.0830816
15 37.5312 0.0821461
16 46.3506 0.084354
17 51.1871 0.082232
18 73.2718 0.0813726
19 32.6851 0.0808194
20 40.5804 0.0821935
21 41.9016 0.08274
22 55.9975 0.0819287
23 39.5825 0.082274
24 28.7522 0.0831671
25 41.7838 0.0815104
26 42.0786 0.0835415
27 47.2833 0.0814505
28 18.0875 0.0811907
29 44.4316 0.0805544
30 43.644 0.0841006
31 39.7412 0.0810524
32 84.9768 0.0794021
33 69.1814 0.0770615
34 54.6136 0.0765919
35 79.7544 0.0777018
36 50.7949 0.0775883
37 77.9041 0.0771963
38 100.366 0.0783725
39 86.5205 0.0772753
40 85.5784 0.0777119
41 68.3707 0.0762355
42 66.5249 0.0781468
43 70.0922 0.0771072
44 88.0124 0.0787697
45 80.7402 0.0786136
46 77.5501 0.0791909
47 68.3065 0.077736
48 75.766 0.0790792
49 101.488 0.0778435
50 59.5593 0.0780654
51 89.6491 0.078391
52 89.2822 0.0801725
53 73.8412 0.0768485
54 104.325 0.0847117
55 77.1277 0.0787042
56 89.0248 0.0791476
57 69.5165 0.0778416
58 54.2185 0.0804272
59 54.0129 0.0791441
60 59.2069 0.0790665
61 59.2079 0.0774842
62 72.6502 0.0799828
63 74.9984 0.0790256
64 -11.5467 0.0849374
65 11.7293 0.0843844
66 -9.71631 0.0833056
67 -11.777 0.0838348
68 2.18042 0.0843711
69 -11.35 0.0824902
70 5.34141 0.0830712
71 -29.5456 0.08327
72 8.60017 0.082802
73 -8.77381 0.084477
74 11.9204 0.0851001
75 -27.2271 0.0847121
76 -10.0066 0.084823
77 -5.3853 0.0825777
78 -7.31191 0.083717
79 19.0292 0.0830905
80 5.16178 0.0854223
81 18.3137 0.0845865
82 14.1397 0.0843649
83 5.27866 0.0855931
84 16.2722 0.086195
85 -38.65 0.0870144
86 0.571126 0.0849712
87 7.05204 0.0850588
88 -1.84136 0.0859663
89 -0.0434196 0.0850557
90 5.07193 0.0863032
91 -7.56302 0.0849295
92 -15.0541 0.0847439
93 6.66409 0.0852145
94 14.5406 0.084123
95 -15.3912 0.0830048
