0 -4.74461 0.137264
1 17.9063 0.134543
2 -22.7218 0.134654
3 -9.79989 0.132835
4 11.9921 0.137707
5 -6.17643 0.134513
6 -22.5599 0.137185
7 24.1219 0.134281
8 6.82655 0.137135
9 3.40555 0.137029
10 -16.5125 0.133431
11 -5.10532 0.136784
12 -23.6076 0.135425
13 -29.0229 0.133528
14 7.87958 0.133894
15 -5.63616 0.132773
16 -19.7175 0.138646
17 -22.1365 0.135222
18 -5.71257 0.135834
19 -2.69291 0.134554
20 -2.41802 0.135186
21 -14.4649 0.134926
22 -23.631 0.13432
23 0.571824 0.134742
24 -23.9346 0.136759
25 -22.2719 0.134686
26 -12.9319 0.135397
27 21.0588 0.134392
28 -45.7783 0.132942
29 1.66446 0.135364
30 -9.03346 0.136155
31 -27.1615 0.131389
32 -18.2353 0.136752
33 -43.9832 0.133579
34 -25.222 0.134463
35 -64.8869 0.135948
36 -31.7313 0.136294
37 -56.5983 0.134074
38 -0.361986 0.13474
39 -43.823 0.136249
40 -27.632 0.136487
41 -39.3872 0.134587
42 -51.8452 0.136245
43 -29.7361 0.134355
44 -49.8172 0.135503
45 -21.1813 0.134464
46 -62.3549 0.134991
47 -39.5414 0.133874
48 -15.3882 0.137946
49 -20.0836 0.137715
50 -23.1895 0.134222
51 -60.8379 0.135046
52 -47.7315 0.134546
53 -50.2621 0.132837
54 -28.3208 0.134986
55 -24.6569 0.133002
56 -51.1767 0.135307
57 -56.7845 0.135537
58 -51.6167 0.134562
59 -22.7707 0.134143
60 -25.9547 0.136424
61 -68.6598 0.135566
62 -15.4062 0.133931
63 -7.29793 0.131859
64 26.3347 0.134929
65 25.1449 0.131758
66 56.4341 0.133668
67 63.8306 0.129949
68 54.8978 0.132724
69 52.6546 0.135494
70 36.5621 0.135197
71 67.9912 0.132962
72 14.3741 0.134207
73 57.1733 0.134014
74 30.1622 0.133835
75 40.8129 0.130587
76 57.3233 0.132389
77 67.4508 0.129731
78 42.6693 0.130505
79 25.9159 0.134345
80 52.9255 0.133394
81 68.9749 0.132993
82 69.3066 0.131791
83 52.2998 0.132751
84 39.7054 0.1338
85 25.5168 0.131974
86 57.9999 0.129911
87 40.6403 0.130863
88 28.4921 0.135403
89 47.7743 0.130892
90 35.7751 0.131554
91 42.4143 0.131232
92 31.1697 0.131479
93 55.4478 0.131697
94 54.7142 0.134115
95 42.0768 0.132373
