0 44.2577 0.0802688
1 30.7093 0.0794382
2 27.4771 0.0789363
3 51.1946 0.0789321
4 37.3442 0.0784895
5 33.859 0.0795656
6 24.5489 0.0789814
7 55.5596 0.0781894
8 44.9935 0.0796015
9 33.7316 0.0797595
10 40.9606 0.0797694
11 13.1946 0.078492
12 15.3499 0.0800451
13 42.1502 0.0792225
14 17.5111 0.077574
15 25.0729 0.0800547
16 53.9744 0.0793929
17 61.9664 0.0789959
18 26.1346 0.0803925
19 3.05324 0.0788465
20 11.0823 0.0799131
21 30.4021 0.078383
22 68.4657 0.0808251
23 38.157 0.0806475
24 34.2327 0.0802061
25 47.6832 0.0792067
26 37.9436 0.0799472
27 32.921 0.0794104
28 16.8472 0.0788629
29 44.3177 0.0800086
30 32.4272 0.0780826
31 28.7578 0.0783571
32 32.2815 0.0799808
33 50.7986 0.0797545
34 38.7077 0.0777254
35 55.044 0.0778826
36 45.4183 0.0787953
37 30.8299 0.0793792
38 43.0541 0.078386
39 18.8151 0.0772996
40 58.9142 0.0798603
41 50.2311 0.0772448
42 46.4118 0.0791928
43 48.4629 0.0799651
44 69.5983 0.0797747
45 25.1275 0.079679
46 36.9598 0.0784059
47 22.356 0.078164
48 44.2374 0.0798676
49 47.1882 0.0786842
50 51.3474 0.0789467
51 45.4206 0.0791141
52 28.7915 0.0798361
53 28.7291 0.0800321
54 29.2162 0.0792081
55 28.8723 0.0804219
56 67.9513 0.0798605
57 13.6291 0.0780861
58 25.7721 0.0805135
59 47.546 0.0804691
60 38.9483 0.0815179
61 29.4477 0.0811599
62 25.753 0.0795626
63 44.6659 0.0784994
64 72.1999 0.0826897
65 48.9051 0.0814548
66 82.2417 0.0814277
67 51.1817 0.0803891
68 83.6318 0.0810493
69 98.9437 0.0798292
70 9.57691 0.0804895
71 62.2694 0.0807438
72 94.0723 0.0807415
73 72.6173 0.0809425
74 57.9932 0.0804538
75 66.4451 0.0824348
76 62.0588 0.0812418
77 52.8153 0.0808935
78 52.7084 0.0817908
79 56.832 0.0798786
80 57.2712 0.0818014
81 65.6661 0.0810641
82 47.6584 0.0819985
83 79.6093 0.0809578
84 71.0955 0.082002
85 31.3857 0.0818494
86 55.5643 0.0818996
87 68.9882 0.082048
88 38.652 0.0818426
89 80.3728 0.0830135
90 34.5282 0.0829965
91 45.3259 0.0819452
92 61.8908 0.0822227
93 39.753 0.0816598
94 43.3148 0.0803943
95 57.9751 0.0785219
