0 51.624 0.0814276
1 42.2405 0.0800165
2 22.0059 0.0785722
3 49.9888 0.0801653
4 62.4649 0.0815813
5 51.5585 0.0797855
6 42.7096 0.0813367
7 44.0582 0.0794829
8 37.9001 0.0808098
9 40.4432 0.0783388
10 17.2379 0.0804755
11 40.4012 0.0794087
12 43.3238 0.0811409
13 71.5951 0.0813655
14 37.2289 0.0804079
15 48.3514 0.0799504
16 71.654 0.0808625
17 57.9182 0.0815349
18 44.6598 0.0824885
19 72.2098 0.0811817
20 48.0635 0.0816822
21 85.1393 0.081892
22 52.9802 0.0818962
23 60.7825 0.0812127
24 37.2919 0.0821535
25 52.8973 0.0815014
26 23.7149 0.0806438
27 33.4918 0.0800658
28 41.5408 0.0805639
29 31.5096 0.0807114
30 29.1227 0.0823898
31 76.329 0.0801004
32 -30.9185 0.0849863
33 -4.57872 0.0817786
34 7.74916 0.0808075
35 -37.8955 0.0841772
36 -13.025 0.0830949
37 -10.7143 0.0837543
38 -2.38675 0.0833792
39 -9.47719 0.0821177
40 -45.2061 0.0862809
41 -3.26442 0.0831778
42 -49.171 0.0826351
43 -10.3065 0.0818076
44 -44.0972 0.0828768
45 -23.8046 0.0823886
46 -19.2536 0.0847207
47 -3.62356 0.0822815
48 -19.8793 0.0838338
49 10.6692 0.082687
50 12.4374 0.0829116
51 -15.466 0.0840048
52 -3.92543 0.0833811
53 -26.034 0.0847084
54 9.38477 0.0849208
55 -14.5252 0.0848006
56 -13.7864 0.0851852
57 -23.3456 0.0853223
58 -15.5236 0.0820405
59 3.88233 0.0827561
60 3.16297 0.0817362
61 -43.2786 0.0850853
62 -1.84251 0.0832157
63 -10.4783 0.0825607
64 75.8024 0.0793261
65 77.8119 0.0783782
66 50.1981 0.0783574
67 67.9186 0.0773326
68 88.5397 0.0794385
69 59.879 0.0789318
70 83.6949 0.0800042
71 78.3057 0.0798377
72 65.4885 0.079034
73 73.359 0.078465
74 100.279 0.0796085
75 68.7625 0.0800936
76 77.6296 0.0789153
77 72.3091 0.0803919
78 65.598 0.0777844
79 71.4459 0.0800128
80 77.2436 0.0795888
81 94.341 0.0793058
82 67.697 0.0797243
83 43.3966 0.0804048
84 42.5595 0.079833
85 89.5418 0.0789795
86 58.9964 0.0793175
87 72.2852 0.079447
88 39.8967 0.0791277
89 64.9525 0.0810869
90 50.7306 0.0799513
91 60.2934 0.0808689
92 49.5778 0.0797925
93 50.3929 0.0790818
94 69.6635 0.0792732
95 80.8558 0.0781179
