0 -16.5241 0.135374
1 7.70316 0.133471
2 12.9008 0.131577
3 -14.7813 0.132694
4 -8.25498 0.13368
5 -22.5261 0.135077
6 -5.13874 0.135127
7 14.7481 0.133438
8 20.8782 0.135497
9 12.3454 0.133349
10 4.2502 0.133685
11 5.34763 0.132709
12 3.15671 0.135762
13 -15.8218 0.133299
14 -11.5825 0.134238
15 -4.67538 0.132871
16 0.553483 0.135376
17 -28.7598 0.13449
18 -1.15287 0.132947
19 4.82824 0.134021
20 11.9978 0.134823
21 -3.62355 0.132927
22 -13.9025 0.135602
23 0.247214 0.133496
24 6.28334 0.134482
25 -9.5373 0.134252
26 14.387 0.132349
27 -21.5868 0.133772
28 11.3635 0.136077
29 -39.6022 0.134315
30 22.0223 0.13343
31 -44.6767 0.132194
32 9.33381 0.136527
33 32.4712 0.135149
34 8.90594 0.133221
35 20.3168 0.134951
36 16.2699 0.139245
37 6.20251 0.136176
38 9.33419 0.136169
39 4.53615 0.134587
40 20.0562 0.136328
41 3.13932 0.134064
42 23.6352 0.135691
43 -1.24213 0.134329
44 3.07485 0.135135
45 26.5667 0.133124
46 17.4699 0.134024
47 3.355 0.133818
48 21.0255 0.136208
49 36.5798 0.137604
50 23.7336 0.136468
51 0.656619 0.134958
52 -4.77251 0.13599
53 3.26626 0.13381
54 15.0499 0.134293
55 5.70449 0.134348
56 -0.773655 0.13373
57 -16.7931 0.133396
58 2.0265 0.135423
59 19.0867 0.134407
60 24.3735 0.133323
61 -0.276684 0.13737
62 2.07323 0.135057
63 -11.5593 0.134064
64 59.2629 0.130836
65 50.9949 0.128723
66 59.4299 0.127752
67 74.8609 0.128365
68 104.725 0.130396
69 56.2813 0.129836
70 58.4059 0.130372
71 60.4041 0.131448
72 60.0378 0.129611
73 57.034 0.128803
74 45.4224 0.129387
75 49.7158 0.129556
76 70.4929 0.130874
77 35.2361 0.128468
78 40.5034 0.129694
79 47.3413 0.128759
80 42.0818 0.13326
81 61.1068 0.128903
82 56.7399 0.128705
83 63.2792 0.127878
84 76.5292 0.130621
85 49.6934 0.12792
86 65.6854 0.128252
87 44.5442 0.12796
88 22.5534 0.129605
89 63.9449 0.129427
90 68.582 0.130938
91 67.5304 0.128706
92 61.3863 0.129238
93 50.1314 0.132396
94 75.0307 0.129136
95 50.9263 0.128067
