0 -44.482 0.0850891
1 -53.5761 0.0835702
2 -34.1057 0.0835309
3 -51.4666 0.0821248
4 -42.1719 0.0854565
5 -27.2846 0.081888
6 -47.0991 0.0825778
7 -41.3042 0.0834839
8 -20.3992 0.0835809
9 -29.8409 0.0828743
10 -41.5974 0.0844178
11 -17.1851 0.0823206
12 -51.7055 0.0829596
13 -50.3752 0.0816741
14 -10.151 0.0823338
15 -48.0864 0.0818197
16 -48.6932 0.0831778
17 -38.5699 0.0854926
18 -50.8603 0.0820442
19 -54.406 0.0809497
20 -41.9604 0.0856537
21 -56.827 0.0739309
22 -25.5128 0.084892
23 -37.1517 0.08593
24 -37.4361 0.0850603
25 -5.89138 0.0824454
26 -56.9693 0.0795318
27 -47.3318 0.083806
28 -33.564 0.0872689
29 -52.9327 0.0809713
30 -38.0445 0.0857134
31 -41.6249 0.0858825
32 -7.51167 0.0838457
33 13.7123 0.0810642
34 -11.2292 0.0804215
35 0.524376 0.0814932
36 34.0555 0.0826672
37 -19.7406 0.0830728
38 6.66511 0.0826969
39 0.598156 0.0808601
40 12.1717 0.0835748
41 11.2714 0.0823687
42 20.7745 0.0838859
43 19.96 0.0837556
44 27.5906 0.0813063
45 -25.3229 0.084904
46 -6.58915 0.0823476
47 -14.2956 0.0836013
48 6.60227 0.0836805
49 5.2527 0.0826663
50 10.4248 0.0820342
51 11.7623 0.0844733
52 12.9461 0.084542
53 13.6104 0.0835949
54 22.7373 0.0841687
55 -15.1685 0.0831461
56 7.70177 0.0819864
57 -32.4845 0.0857075
58 -15.1832 0.0836205
59 -1.55437 0.0831904
60 7.77637 0.0842768
61 -9.94021 0.0818262
62 -12.8408 0.0833515
63 -2.3951 0.0806568
64 -9.78087 0.0819289
65 34.8489 0.0815098
66 43.1576 0.0811839
67 42.7822 0.0814078
68 12.8544 0.0807544
69 8.14902 0.0814807
70 9.27742 0.0818335
71 -3.96642 0.0810276
72 28.8282 0.080347
73 6.59296 0.0812783
74 24.713 0.0823197
75 21.5605 0.0811024
76 19.1288 0.0813759
77 31.7258 0.081612
78 -3.29484 0.0797384
79 26.3404 0.0792735
80 19.625 0.0808777
81 17.4752 0.0814646
82 7.55649 0.0804788
83 15.6492 0.079888
84 21.503 0.0821172
85 20.9163 0.0810488
86 39.8185 0.0811886
87 8.53009 0.081958
88 18.4482 0.0816036
89 35.5201 0.0825755
90 25.3103 0.0808474
91 12.8357 0.0807628
92 10.6432 0.0793619
93 5.48447 0.0815099
94 -4.96401 0.0809886
95 31.3893 0.0800887
