0 -69.8106 0.0666147
1 -65.4467 0.0735833
2 -64.4911 0.074988
3 -68.7831 0.073142
4 -66.6752 0.0780388
5 -63.6668 0.069625
6 -69.6313 0.073544
7 -63.2461 0.0784022
8 -71.2023 0.0729682
9 -62.6096 0.0743105
10 -59.4583 0.0831321
11 -66.2635 0.0765161
12 -68.0433 0.0781597
13 -66.7516 0.0715241
14 -64.6927 0.0704477
15 -59.4427 0.082118
16 -69.6973 0.0753103
17 -63.5667 0.0687321
18 -63.231 0.065938
19 -65.8527 0.0751163
20 -63.8457 0.0771966
21 -63.2401 0.0550498
22 -65.8124 0.0752734
23 -67.3939 0.0712881
24 -64.3488 0.074935
25 -64.1407 0.0700562
26 -56.5174 0.0812767
27 -62.4817 0.0747051
28 -68.3208 0.0777897
29 -58.7099 0.0807467
30 -63.6823 0.0771674
31 -59.7373 0.0636973
32 29.2519 0.0820731
33 33.9111 0.0820323
34 3.64029 0.0825901
35 12.7977 0.0815121
36 31.8555 0.0824696
37 16.7411 0.0821908
38 51.2083 0.0818977
39 19.12 0.0821218
40 26.3884 0.0834823
41 28.808 0.0809966
42 45.3708 0.081941
43 34.406 0.0809463
44 34.694 0.0839979
45 26.5887 0.0824615
46 34.1935 0.0821268
47 18.4325 0.0835236
48 36.2164 0.0833444
49 23.4809 0.0825749
50 30.6854 0.0845961
51 44.4066 0.0830198
52 15.9933 0.0837262
53 32.3584 0.0839366
54 38.7902 0.0828846
55 47.367 0.0835114
56 18.9385 0.084068
57 12.1237 0.0825252
58 18.8599 0.0831367
59 -1.28207 0.0821396
60 7.85016 0.082449
61 21.3076 0.0802092
62 24.1608 0.081323
63 35.6229 0.07994
64 8.46683 0.0834771
65 15.0415 0.0815873
66 8.35811 0.0809896
67 9.0251 0.0817556
68 41.269 0.08333
69 5.86113 0.0827995
70 -5.36765 0.0824036
71 30.0133 0.0837066
72 -14.3764 0.0821984
73 6.59116 0.083185
74 10.0082 0.0810866
75 14.4519 0.0837212
76 38.2282 0.0829237
77 5.01377 0.0823933
78 8.46907 0.0819208
79 -10.3782 0.0830677
80 15.6009 0.0834149
81 -1.95115 0.0844948
82 25.4996 0.0826947
83 10.2469 0.0836131
84 1.27242 0.0824419
85 24.4411 0.0823124
86 29.2905 0.0850214
87 -11.4093 0.0831125
88 16.8539 0.084902
89 7.50493 0.0847491
90 4.47499 0.0834018
91 -0.182107 0.0831768
92 -3.45207 0.0826944
93 7.82825 0.0830599
94 1.31714 0.083368
95 0.934382 0.0804132
