0 -33.4895 0.0869282
1 -37.9083 0.0860802
2 -23.1912 0.0834364
3 -51.2133 0.0851331
4 -17.9801 0.0829332
5 -11.4269 0.08442
6 -11.571 0.0841981
7 -49.3512 0.0843694
8 -14.9116 0.0840932
9 -12.1853 0.0821014
10 4.50567 0.0829304
11 -13.5545 0.0828047
12 -22.6995 0.0851202
13 -8.02407 0.0820031
14 -29.8296 0.0853047
15 -34.4334 0.0848079
16 -35.9574 0.0868508
17 -15.815 0.082631
18 -36.5363 0.0865829
19 -25.5555 0.0846633
20 -45.9557 0.0855372
21 -42.2696 0.085955
22 -38.4096 0.0859865
23 -43.6361 0.0860662
24 -49.2466 0.0850587
25 -43.4978 0.0844831
26 -9.41717 0.0845608
27 -26.7107 0.0851694
28 -16.3344 0.0837216
29 -37.3197 0.086219
30 -48.9382 0.0838545
31 -29.0154 0.0864565
32 -13.446 0.0820867
33 -34.9837 0.0803728
34 -9.58454 0.0808328
35 -20.4324 0.0819884
36 0.924446 0.0802469
37 -28.0255 0.0816155
38 17.8685 0.0820599
39 -8.36498 0.0809076
40 -1.41757 0.0813312
41 -27.9992 0.0822926
42 -21.782 0.0818534
43 -17.9513 0.0809753
44 -36.1949 0.0834964
45 -21.7465 0.0811902
46 -32.3733 0.0831524
47 1.14605 0.082149
48 -14.4759 0.0818338
49 5.15613 0.0817461
50 -39.8419 0.0838138
51 -14.7619 0.0811644
52 -7.37575 0.0813935
53 -43.7994 0.0853014
54 -26.4205 0.0834362
55 -42.4641 0.0837607
56 -26.7468 0.0843202
57 -3.5395 0.0807992
58 -11.1439 0.0835922
59 -37.0001 0.0838461
60 -7.01453 0.0811461
61 -0.713692 0.0818487
62 -30.4802 0.0836382
63 -20.8834 0.0809824
64 10.7808 0.0834451
65 24.7037 0.082329
66 30.6658 0.0806676
67 20.9411 0.0814867
68 33.6394 0.0824278
69 47.3244 0.0810032
70 14.3814 0.082307
71 41.4622 0.0813891
72 27.1434 0.08305
73 15.6669 0.080467
74 20.7829 0.0826285
75 35.6748 0.0832599
76 34.9357 0.0830023
77 17.0611 0.0804573
78 57.4654 0.0824595
79 28.5969 0.0818555
80 38.8172 0.084143
81 30.8608 0.0822691
82 57.9879 0.0834863
83 40.4208 0.0833561
84 19.5686 0.0834516
85 14.9641 0.0819788
86 11.2288 0.08202
87 56.4211 0.0838652
88 26.3402 0.0813315
89 16.1826 0.0828192
90 26.7232 0.0839408
91 26.8112 0.0838586
92 13.578 0.0828863
93 30.0272 0.0830875
94 22.3431 0.0811164
95 28.8549 0.0805731
