0 -14.6132 0.0802708
1 8.73496 0.0789704
2 -0.853713 0.0776623
3 -9.20006 0.0795746
4 8.88042 0.0787531
5 -1.45116 0.0782422
6 -4.72946 0.0788995
7 9.83228 0.0774744
8 -16.3895 0.0786835
9 -7.20649 0.0778249
10 -15.9444 0.0804341
11 21.4636 0.0773326
12 8.72984 0.0797551
13 -3.51293 0.0779131
14 -2.25586 0.0778814
15 -15.3807 0.078732
16 -8.35419 0.0788374
17 33.2087 0.0790479
18 -17.9439 0.0808811
19 5.68388 0.0780339
20 -11.5411 0.0788521
21 14.0773 0.080331
22 -22.562 0.0809419
23 -5.67486 0.0795439
24 -6.35382 0.0807504
25 23.2662 0.0791186
26 -4.92039 0.0788071
27 -20.3715 0.0812737
28 -19.0148 0.0811624
29 13.194 0.0796544
30 -9.51175 0.0775411
31 -24.2534 0.0789732
32 64.3401 0.0798623
33 82.7225 0.0786029
34 64.1844 0.078965
35 91.9254 0.0807385
36 80.7815 0.0782594
37 94.3931 0.0776868
38 74.6979 0.0783952
39 93.0736 0.0780013
40 76.1549 0.078505
41 90.9816 0.0782535
42 88.9017 0.0782961
43 72.5346 0.080197
44 62.9833 0.0797821
45 77.6369 0.0789197
46 121.063 0.078723
47 70.7953 0.0789529
48 96.2322 0.0814656
49 73.6063 0.0794863
50 73.2938 0.0808535
51 76.5196 0.0796426
52 66.7009 0.0805087
53 83.8663 0.0805922
54 54.7529 0.0790217
55 59.459 0.0796874
56 90.7876 0.080585
57 88.0472 0.07978
58 50.8962 0.0813843
59 78.6861 0.0798675
60 51.3348 0.0806765
61 39.1854 0.0789041
62 80.6529 0.0817848
63 63.3752 0.0766636
64 -8.15194 0.0826528
65 -6.08538 0.0813081
66 2.22586 0.0803466
67 31.2863 0.081062
68 22.1032 0.0831213
69 9.6362 0.0794662
70 -3.79852 0.0809369
71 0.971155 0.0830439
72 7.94625 0.0826869
73 6.74738 0.0817362
74 13.6656 0.080093
75 13.257 0.0814299
76 31.32 0.083315
77 23.9911 0.0792138
78 29.4486 0.0807927
79 9.90891 0.0816263
80 -32.7418 0.0850166
81 16.7897 0.0806713
82 12.6786 0.083181
83 -5.85914 0.0832624
84 -20.6194 0.0843053
85 9.38121 0.0823727
86 -6.28155 0.0814396
87 17.8318 0.0813306
88 -12.0383 0.082731
89 -3.79397 0.0806045
90 0.893288 0.0827003
91 -6.65157 0.0828093
92 0.901 0.0817945
93 10.0368 0.0827216
94 1.42381 0.0826007
95 3.49512 0.0822116
