0 134.031 -37.2641 4.16295 -0.166563 0.00249666
1 151.889 -44.1382 5.03283 -0.213251 0.00338309
2 113.242 -32.7514 3.77693 -0.154412 0.00238834
3 118.519 -33.4939 3.79608 -0.152278 0.00229726
4 150.406 -40.3642 4.23046 -0.157605 0.00214015
5 109.191 -28.2684 2.98212 -0.104749 0.00136405
6 118.656 -31.3372 3.33751 -0.122111 0.00167242
7 142.502 -41.1083 4.66125 -0.194337 0.00303147
8 144.782 -41.5167 4.66709 -0.19333 0.00300345
9 149.591 -44.8182 5.18209 -0.223868 0.0036366
10 117.565 -33.0923 3.71572 -0.147448 0.00220154
11 184.415 -52.1594 5.74286 -0.238836 0.0036851
12 136.544 -38.981 4.3483 -0.176088 0.0026631
13 132.416 -39.8614 4.56687 -0.191992 0.00303927
14 128.15 -34.4445 3.65814 -0.133859 0.00177641
15 131.575 -37.5957 4.25593 -0.17566 0.00273607
16 106.551 -30.4198 3.50862 -0.14238 0.00220908
17 139.185 -39.4411 4.45061 -0.184646 0.00288849
18 172.067 -51.7754 5.93428 -0.258195 0.00418009
19 171.363 -49.8354 5.65203 -0.242023 0.00385159
20 137.732 -40.5459 4.67069 -0.198431 0.00316923
21 150.432 -44.3791 5.09113 -0.21649 0.00343667
22 153.691 -43.2416 4.78202 -0.195358 0.0029746
23 133.426 -39.254 4.53685 -0.191833 0.00304798
24 156.68 -45.0753 5.1071 -0.21744 0.00348069
25 169.427 -48.7396 5.43329 -0.227289 0.00353388
26 159.404 -45.0347 4.9824 -0.203881 0.00309861
27 171.645 -51.6888 5.91329 -0.256319 0.00413362
28 156.088 -46.3015 5.30984 -0.226981 0.00361232
29 155.965 -47.6287 5.55307 -0.241915 0.00391357
30 167.295 -47.6684 5.38527 -0.228808 0.00361366
31 85.3946 -22.0908 2.58612 -0.100112 0.00150424
32 133.685 -37.9549 4.37122 -0.184893 0.00295932
33 161.107 -45.3947 5.09601 -0.214411 0.00338905
34 187.512 -52.6662 5.87653 -0.250097 0.00396474
35 138.868 -41.0235 4.74317 -0.202181 0.00323489
36 129.95 -38.2598 4.40458 -0.184196 0.00289885
37 128.52 -36.262 4.13755 -0.171004 0.00266733
38 140.539 -42.3716 4.96892 -0.215019 0.00347841
39 158.039 -46.5425 5.31638 -0.227699 0.00364017
40 138.255 -39.1874 4.48771 -0.189357 0.00301273
41 148.457 -43.1701 4.92304 -0.208068 0.00329738
42 121.826 -35.3361 4.05281 -0.167467 0.00261708
43 133.535 -39.0516 4.49524 -0.189823 0.00302434
44 103.096 -28.8137 3.31966 -0.133956 0.00207952
45 143.476 -42.062 4.8395 -0.206933 0.00332451
46 130.128 -37.3789 4.24861 -0.175974 0.00274876
47 141.339 -39.8609 4.49739 -0.187685 0.00295977
48 123.757 -35.7532 4.09583 -0.169461 0.00264117
49 110.746 -30.3035 3.45946 -0.141006 0.00221647
50 140.799 -42.7053 4.97158 -0.21512 0.00348451
51 156.251 -44.2508 4.9346 -0.20554 0.00320865
52 136.04 -39.6481 4.60859 -0.198084 0.00320535
53 158.197 -45.8878 5.25701 -0.226327 0.0036432
54 155.456 -45.0756 5.17745 -0.223271 0.00360057
55 137.481 -39.9052 4.59675 -0.194639 0.00308451
56 140.683 -40.4763 4.60346 -0.193337 0.00305334
57 139.972 -41.5844 4.83794 -0.207119 0.0033206
58 160.628 -45.4895 5.1186 -0.214775 0.00336632
59 150.313 -40.7991 4.43811 -0.175491 0.00256659
60 132.483 -38.9425 4.5167 -0.192979 0.00309825
61 168.818 -46.8308 5.24427 -0.221193 0.0034822
62 156.775 -45.365 5.21929 -0.224752 0.00360663
63 122.746 -34.7443 4.09411 -0.174661 0.00281235
64 173.628 -45.7192 4.91635 -0.203214 0.00320037
65 181.555 -48.9189 5.30415 -0.221625 0.00351169
66 170.139 -45.8842 4.9911 -0.20653 0.00321711
67 192.592 -52.684 5.72795 -0.239448 0.00373494
68 131.666 -32.9401 3.58759 -0.144164 0.00225221
69 191.621 -51.0832 5.49092 -0.227168 0.00353172
70 180.927 -48.3836 5.25522 -0.218941 0.00343588
71 173.681 -46.9425 5.16632 -0.217734 0.00346017
72 165.354 -43.7557 4.73585 -0.193855 0.00300239
73 179.688 -49.0693 5.35797 -0.224755 0.00355912
74 204.471 -56.5415 6.17761 -0.261502 0.00414564
75 174.105 -45.0159 4.8245 -0.199028 0.00312508
76 166.492 -43.5343 4.70775 -0.193126 0.00300717
77 178.949 -48.3894 5.2453 -0.218452 0.00343196
78 152.724 -41.4318 4.58257 -0.191628 0.00304813
79 202.43 -54.7947 5.94823 -0.250753 0.00396704
80 157.516 -41.117 4.4604 -0.182294 0.00283345
81 159.583 -43.0973 4.72521 -0.196931 0.0031155
82 180.558 -47.1593 5.06025 -0.209291 0.0032845
83 175.806 -45.387 4.75146 -0.187377 0.00276338
84 135.034 -34.6406 3.79549 -0.155058 0.0024399
85 158.252 -39.6889 4.22364 -0.168341 0.00255121
86 141.022 -35.9696 3.86718 -0.152704 0.00229169
87 173.035 -43.9241 4.65323 -0.186155 0.00281011
88 177.015 -46.73 5.0149 -0.203765 0.00310994
89 184.849 -49.3626 5.36962 -0.221629 0.00341245
90 160.564 -41.8792 4.52401 -0.182982 0.00279077
91 194.624 -52.128 5.69253 -0.239867 0.00378737
92 154.121 -42.4661 4.82331 -0.208061 0.00340448
93 145.495 -36.815 4.00379 -0.160727 0.00244718
94 165.866 -43.9363 4.85127 -0.204025 0.00325004
95 183.2 -48.2957 5.25419 -0.216641 0.00333274
