0 87.9621 -19.4197 1.89674 -0.0514872 0.00043997
1 87.8861 -21.2062 2.16578 -0.0657752 0.000700972
2 108.807 -28.6361 2.99634 -0.104664 0.00135716
3 105.878 -26.4242 2.69842 -0.090377 0.00111563
4 48.507 -8.8317 0.773792 -0.000357063 -0.000413583
5 87.4255 -21.6919 2.27895 -0.0736838 0.000865899
6 84.0107 -20.4734 2.14862 -0.0676604 0.000758788
7 86.8449 -20.0727 2.02594 -0.0605802 0.000637557
8 66.1807 -14.9706 1.49384 -0.0350868 0.000203167
9 64.5767 -13.9232 1.38124 -0.0301476 0.000108614
10 84.6414 -20.633 2.21455 -0.0732504 0.000900028
11 81.1828 -19.0571 1.93759 -0.05683 0.000580052
12 82.9416 -21.1606 2.29265 -0.0773155 0.000975576
13 75.3157 -17.7872 1.85988 -0.0550403 0.00056071
14 95.4412 -24.0703 2.51841 -0.084585 0.00104323
15 80.6742 -18.103 1.77824 -0.0483788 0.000421452
16 66.8316 -16.0251 1.74456 -0.0531149 0.000586557
17 89.1777 -23.2012 2.54234 -0.0907763 0.00123208
18 94.5767 -24.0839 2.56543 -0.0883446 0.00113234
19 83.6165 -18.8701 1.89579 -0.0555391 0.000575769
20 70.6812 -16.7003 1.73381 -0.0492946 0.000480519
21 78.1833 -17.7583 1.80426 -0.0509222 0.000481046
22 93.8326 -22.8887 2.39887 -0.0798909 0.000983505
23 93.5291 -22.2542 2.26426 -0.0719004 0.000823679
24 66.1664 -13.5665 1.32401 -0.0280322 8.88386e-05
25 76.372 -17.5074 1.80333 -0.0531342 0.000552326
26 80.4119 -19.0193 2.01101 -0.0629863 0.000716946
27 72.0178 -14.7436 1.37025 -0.0274932 3.67073e-05
28 89.1407 -23.1333 2.5373 -0.0899843 0.00120471
29 83.8482 -19.9127 2.08496 -0.0654313 0.000736269
30 88.4372 -20.2672 2.0901 -0.0646456 0.000709141
31 95.9044 -22.6234 2.33139 -0.0763936 0.000924855
32 85.836 -20.6204 1.95042 -0.048488 0.000292542
33 102.774 -26.897 2.77535 -0.0929678 0.0011259
34 79.9007 -19.9412 2.06135 -0.0622054 0.000644956
35 97.281 -25.5732 2.61358 -0.086321 0.00103945
36 86.6106 -21.5021 2.08936 -0.0576496 0.000488214
37 120.804 -33.3492 3.49865 -0.127835 0.00173767
38 78.4565 -18.9712 1.88436 -0.0504221 0.000386584
39 72.4978 -17.1001 1.63068 -0.0376927 0.000170236
40 88.2065 -21.69 2.07158 -0.055901 0.000444337
41 75.4106 -18.054 1.75888 -0.0453793 0.000326941
42 83.0566 -21.1507 2.16445 -0.066394 0.000710122
43 73.1793 -17.3133 1.69016 -0.0426698 0.000281673
44 70.3208 -16.3506 1.61054 -0.0396073 0.000243864
45 65.4251 -14.55 1.37344 -0.0274968 2.25194e-05
46 100.734 -26.4789 2.74266 -0.0934323 0.0011634
47 69.2137 -16.354 1.59749 -0.0391093 0.000245083
48 68.328 -16.0475 1.5912 -0.039827 0.000265488
49 89.4615 -22.6517 2.25184 -0.0671883 0.000674408
50 64.1932 -15.3746 1.52682 -0.0375443 0.000250154
51 64.4499 -13.1557 1.12752 -0.0133338 -0.000248449
52 52.6341 -9.14227 0.697831 0.00657389 -0.000579351
53 88.259 -21.4538 2.11762 -0.0615743 0.000588935
54 78.438 -18.9253 1.84017 -0.0490593 0.000393088
55 67.9452 -15.3345 1.46878 -0.0313374 7.5494e-05
56 82.775 -19.8673 1.89958 -0.0506429 0.000414647
57 106.121 -27.8308 2.83669 -0.0946053 0.00113721
58 100.558 -26.5288 2.73792 -0.0923214 0.00112678
59 63.9131 -14.0496 1.3606 -0.027773 2.89796e-05
60 75.5921 -17.6024 1.69738 -0.0421295 0.000270598
61 91.391 -23.1138 2.33025 -0.0722936 0.000774631
62 76.2393 -18.4761 1.88185 -0.0538848 0.000507374
63 86.4565 -22.4201 2.33937 -0.075336 0.000868353
64 41.2845 -3.66273 -0.0822878 0.0475349 -0.00130151
65 67.6819 -13.7518 1.17054 -0.0148906 -0.000214894
66 89.6304 -19.1489 1.74349 -0.0403814 0.000194909
67 81.2157 -17.8236 1.70147 -0.0439405 0.000337081
68 59.7593 -10.6689 0.782754 0.00520615 -0.000582222
69 80.6235 -17.7151 1.6363 -0.0384129 0.000203809
70 75.6196 -16.7122 1.61986 -0.0407678 0.000283049
71 69.342 -14.2593 1.37324 -0.0313133 0.000162209
72 65.6448 -11.7739 0.967135 -0.00817735 -0.000266472
73 66.3885 -11.9972 0.916544 -0.00182129 -0.000456764
74 70.8803 -14.2604 1.16387 -0.0116718 -0.000323833
75 78.4167 -18.4999 1.89239 -0.0568181 0.000604792
76 71.2515 -14.9817 1.30421 -0.0208208 -0.000120043
77 73.701 -15.2999 1.30653 -0.0202365 -0.00014453
78 76.7936 -16.5722 1.4228 -0.0229284 -0.00014885
79 79.4504 -19.8117 2.05878 -0.0643817 0.00072197
80 77.8256 -16.1128 1.42443 -0.027944 3.3843e-05
81 83.5198 -16.9191 1.44839 -0.0258129 -6.17046e-05
82 81.2927 -17.8838 1.68584 -0.0419163 0.000277371
83 73.5068 -16.585 1.58597 -0.0386442 0.000242895
84 60.7078 -9.81027 0.590707 0.0160957 -0.000775346
85 81.3282 -17.2065 1.55211 -0.032612 7.421e-05
86 79.0183 -17.9267 1.65852 -0.0379889 0.000169457
87 73.3879 -15.9919 1.60889 -0.0428739 0.000352512
88 76.1969 -15.1585 1.30684 -0.0207971 -0.000122285
89 78.9979 -16.5829 1.49894 -0.0301315 3.68417e-05
90 73.4478 -16.0261 1.48945 -0.0315335 7.13626e-05
91 65.3996 -14.5469 1.38651 -0.0290178 6.66191e-05
92 76.6406 -15.6045 1.39309 -0.0270644 2.08894e-05
93 91.9039 -21.1217 2.13029 -0.0652399 0.000708059
94 74.982 -16.4062 1.52885 -0.0328766 9.00956e-05
95 99.5195 -23.8267 2.42337 -0.0785041 0.000920408
