0 155.991 -39.4757 4.28731 -0.176507 0.00278283
1 156.195 -39.4878 4.28666 -0.17649 0.00278805
2 140.967 -35.6796 3.8857 -0.157098 0.00243463
3 81.7034 -15.9621 1.59551 -0.046495 0.000531092
4 169.528 -43.7253 4.70362 -0.194961 0.00308724
5 143.915 -36.4565 3.97879 -0.163034 0.00256142
6 163.237 -43.5625 4.81587 -0.202343 0.0032132
7 121.597 -29.8225 3.21391 -0.125319 0.00190468
8 225.567 -61.2067 6.60286 -0.280026 0.00444177
9 167.878 -44.9369 4.95928 -0.21002 0.00337345
10 163.179 -43.0688 4.71553 -0.196517 0.00310117
11 138.168 -33.5498 3.62037 -0.145213 0.00224989
12 146.297 -36.6847 4.00407 -0.164584 0.00259481
13 200.069 -53.8274 5.88936 -0.251784 0.00404341
14 139.313 -35.3879 3.84074 -0.155202 0.0024116
15 160.513 -42.397 4.67091 -0.196402 0.00314276
16 88.3607 -18.2394 1.83351 -0.0566884 0.000685202
17 183.373 -49.1498 5.40798 -0.230283 0.00369403
18 189.748 -50.8159 5.54881 -0.235858 0.00378833
19 119.996 -28.9399 3.12826 -0.121734 0.00183497
20 191.889 -51.6741 5.69937 -0.244828 0.00396024
21 176.409 -46.5109 5.08002 -0.214324 0.00342986
22 175.815 -47.818 5.31871 -0.228198 0.00369059
23 160.177 -40.195 4.38724 -0.182929 0.00291889
24 179.622 -46.929 5.09836 -0.213972 0.00340578
25 115.003 -27.2508 2.98128 -0.117419 0.00181174
26 171.246 -44.4046 4.85245 -0.203507 0.00323711
27 174.016 -46.2022 5.05924 -0.212696 0.00338503
28 154.139 -41.0356 4.59623 -0.196063 0.00318649
29 151.568 -40.5618 4.59058 -0.197212 0.00321738
30 116.774 -29.6239 3.36062 -0.138446 0.00219815
31 147.202 -38.2838 4.30708 -0.182014 0.00291784
32 101.233 -27.2965 3.15471 -0.12662 0.00197467
33 102.219 -23.9126 2.64153 -0.0982656 0.0014346
34 187.557 -54.2003 6.21118 -0.272979 0.00448231
35 144.713 -39.2364 4.43499 -0.185766 0.00295727
36 63.6896 -12.5197 1.35618 -0.0364391 0.000364818
37 95.6818 -22.5744 2.49536 -0.0912763 0.00131786
38 128.304 -33.4843 3.76653 -0.152095 0.00234925
39 121.812 -31.8241 3.58369 -0.14481 0.00224614
40 79.8335 -18.8821 2.10971 -0.0725334 0.000978124
41 118.765 -31.5496 3.55831 -0.142798 0.00219676
42 115.39 -29.7471 3.37637 -0.134846 0.00206689
43 187.94 -53.9094 6.12598 -0.266224 0.00432395
44 138.457 -37.7682 4.26184 -0.177076 0.00280394
45 149.533 -42.1327 4.81044 -0.205284 0.00332155
46 155.077 -42.7424 4.81057 -0.204195 0.00329113
47 137.205 -37.6949 4.29958 -0.180739 0.00289483
48 117.945 -27.9187 3.02582 -0.115034 0.00170155
49 98.898 -24.0862 2.68519 -0.101613 0.00150841
50 186.347 -53.4329 6.09634 -0.266137 0.00434012
51 133.892 -34.6003 3.86472 -0.156962 0.00243566
52 164.774 -46.6285 5.31391 -0.228927 0.0037036
53 154.972 -42.2791 4.7385 -0.199354 0.00318064
54 124.354 -31.4405 3.46446 -0.135979 0.00205063
55 70.8169 -15.8249 1.77773 -0.0578107 0.000738832
56 130.3 -33.456 3.70525 -0.149624 0.00233406
57 210.19 -62.7461 7.17586 -0.317923 0.00522908
58 126.708 -33.4547 3.81461 -0.156394 0.00244846
59 134.493 -34.7808 3.9428 -0.162817 0.00257189
60 87.4846 -20.3648 2.23939 -0.0785382 0.0010795
61 114.717 -30.0076 3.42085 -0.137724 0.00212419
62 91.4888 -22.2957 2.49705 -0.091117 0.00130079
63 190.626 -55.4732 6.3216 -0.275445 0.00446286
64 143.089 -36.502 4.00737 -0.163858 0.00257313
65 161.216 -41.1518 4.49376 -0.186694 0.00296232
66 223.371 -60.2328 6.55861 -0.279433 0.0044436
67 159.47 -41.1981 4.56186 -0.191702 0.00306841
68 156.192 -41.6179 4.58661 -0.189829 0.00299061
69 183.056 -50.3147 5.62947 -0.242109 0.00390088
70 212.35 -58.7254 6.49794 -0.27972 0.00448495
71 80.1239 -13.2389 1.22442 -0.0259829 0.000128992
72 117.368 -26.7206 2.82667 -0.105333 0.00154028
73 190.267 -50.8141 5.56985 -0.236009 0.00376757
74 184.329 -48.7187 5.38461 -0.228527 0.00365292
75 127.197 -31.0479 3.41415 -0.138286 0.00218232
76 87.8157 -16.1937 1.61894 -0.0476712 0.000548489
77 112.142 -25.8717 2.74084 -0.101907 0.00149434
78 136.433 -34.3138 3.76599 -0.15292 0.00239209
79 113.305 -26.0147 2.81891 -0.107614 0.00161038
80 170.944 -44.5684 4.90413 -0.206255 0.0032864
81 143.956 -36.5646 4.03902 -0.167626 0.00267522
82 123.839 -29.2679 3.17695 -0.124295 0.00188929
83 113.856 -26.7128 2.86293 -0.108684 0.00161689
84 134.899 -33.7669 3.7045 -0.150615 0.0023545
85 84.7687 -17.6353 1.93352 -0.0663867 0.000907926
86 91.0875 -20.0186 2.18716 -0.078388 0.00111464
87 95.0312 -20.3879 2.18961 -0.0775266 0.00108827
88 150.026 -40.0752 4.49333 -0.188482 0.00300031
89 185.627 -49.7254 5.58926 -0.241643 0.00391111
90 149.475 -36.3426 3.99043 -0.163696 0.00256495
91 95.1059 -22.1683 2.47866 -0.0944671 0.00142256
92 80.4786 -15.4045 1.65595 -0.0523674 0.000664046
93 121.139 -29.6103 3.32862 -0.135136 0.00211992
94 87.1204 -16.6464 1.76376 -0.0574133 0.000740646
95 42.5728 -3.72378 0.335151 0.0121748 -0.000489424
