0 154.931 -43.4448 4.8978 -0.20571 0.00324529
1 183.509 -50.3881 5.52032 -0.227189 0.00346351
2 145.651 -38.7237 4.29518 -0.177187 0.00278277
3 117.529 -30.2574 3.33205 -0.129286 0.00190842
4 174.374 -48.5044 5.29942 -0.21835 0.00335767
5 171.545 -48.7815 5.39513 -0.224597 0.00348556
6 170.472 -48.3783 5.38347 -0.225941 0.00354194
7 168.71 -48.1346 5.36829 -0.227136 0.00361024
8 190.315 -53.5004 5.84788 -0.244064 0.00380891
9 141.565 -37.2299 4.08149 -0.163723 0.00247747
10 199.184 -57.1087 6.35297 -0.272754 0.00436482
11 196.167 -56.746 6.34467 -0.273913 0.00440827
12 179.871 -50.3267 5.56578 -0.233981 0.00367613
13 172.649 -48.1366 5.32514 -0.222587 0.00348374
14 183.795 -50.1799 5.47846 -0.226709 0.00349022
15 124.605 -32.9756 3.68139 -0.14896 0.00230936
16 183.384 -52.4679 5.85988 -0.250577 0.00400058
17 194.277 -55.175 6.09301 -0.258541 0.00408855
18 197.46 -55.4425 6.09593 -0.257922 0.00406449
19 189.553 -54.4244 6.08778 -0.260392 0.00415251
20 177.134 -49.0909 5.44098 -0.230839 0.00367575
21 141.69 -37.662 4.19717 -0.172811 0.00269719
22 193.778 -55.7676 6.22512 -0.267581 0.00428621
23 123.539 -32.5248 3.65402 -0.149206 0.00233792
24 194.731 -54.7022 6.0157 -0.254265 0.00401233
25 174.465 -47.426 5.21885 -0.216672 0.00335563
26 227.211 -65.5259 7.25295 -0.312806 0.00500091
27 162.252 -44.9008 5.05828 -0.213933 0.00337792
28 161.513 -45.1692 5.06147 -0.213178 0.00337474
29 192.125 -54.1335 6.0589 -0.259541 0.00412669
30 181.427 -50.8191 5.69576 -0.243196 0.00386755
31 161.386 -45.7232 5.28204 -0.230338 0.00374802
32 173.063 -47.6466 5.30873 -0.225556 0.00360911
33 223.79 -62.7917 6.82241 -0.28783 0.0045003
34 182.972 -50.94 5.65599 -0.240092 0.00380653
35 105.914 -26.0721 2.86876 -0.110087 0.00165188
36 161.051 -43.4481 4.76502 -0.195661 0.00302311
37 176.418 -49.1882 5.47977 -0.23157 0.00365976
38 228.624 -64.7298 7.08616 -0.303235 0.00482436
39 200.429 -56.2108 6.15323 -0.258992 0.00405121
40 171.46 -46.5428 5.10379 -0.213474 0.00337045
41 209.949 -59.282 6.45573 -0.273233 0.00432725
42 188.835 -51.5541 5.58521 -0.231344 0.00358035
43 148.731 -40.6269 4.54614 -0.191614 0.00306822
44 236.733 -68.5466 7.56823 -0.328865 0.00532129
45 171.736 -47.0303 5.17632 -0.216762 0.00340652
46 186.005 -51.2065 5.67536 -0.242189 0.00387119
47 156.018 -41.5761 4.55362 -0.187865 0.00293472
48 173.715 -48.5556 5.36077 -0.22664 0.00361676
49 226.76 -64.7413 7.12947 -0.307581 0.0049367
50 203.423 -58.4478 6.50142 -0.280309 0.00450363
51 189.144 -51.8828 5.72257 -0.243719 0.00388941
52 132.823 -35.0749 3.89965 -0.159436 0.00248851
53 119.047 -28.9756 3.14885 -0.122697 0.00185949
54 193.083 -54.1515 5.97536 -0.254456 0.00405247
55 120.501 -30.2538 3.34925 -0.133734 0.00206013
56 142.267 -37.2035 4.03272 -0.162309 0.00249536
57 176.768 -49.6891 5.57007 -0.237891 0.0038063
58 242.483 -69.347 7.57982 -0.326683 0.00523675
59 163.001 -45.1932 5.0905 -0.21685 0.0034693
60 106.747 -25.923 2.8306 -0.10815 0.0016217
61 167.89 -46.5106 5.19884 -0.220182 0.00349274
62 201.771 -57.3892 6.43518 -0.279915 0.00453668
63 158.72 -43.1696 4.85635 -0.205963 0.00327912
64 161.886 -45.7881 4.93967 -0.198415 0.00296703
65 189.84 -57.1616 6.34565 -0.269576 0.00425165
66 156.43 -44.54 4.98229 -0.20809 0.00325265
67 93.6899 -25.9366 2.94942 -0.115523 0.00174734
68 129.837 -38.1816 4.33956 -0.180901 0.00285128
69 127.599 -38.0669 4.33544 -0.181313 0.0028693
70 127.702 -36.1375 4.03651 -0.163222 0.0024755
71 145.365 -41.2674 4.57097 -0.185432 0.00280047
72 186.544 -53.2925 5.85842 -0.245737 0.00382627
73 150.351 -42.4352 4.67276 -0.191787 0.00296551
74 148.802 -42.6641 4.77824 -0.198092 0.00306507
75 87.1978 -24.4907 2.79006 -0.106935 0.00156921
76 152.044 -42.5792 4.66902 -0.189511 0.00287006
77 118.2 -33.1377 3.71077 -0.150536 0.00232845
78 127.278 -36.7172 4.13711 -0.170354 0.00264311
79 109.913 -31.8297 3.63212 -0.146919 0.00224942
80 128.442 -35.9474 3.93921 -0.155642 0.00231309
81 151.818 -44.0645 4.93809 -0.20716 0.00325983
82 143.78 -41.9518 4.66134 -0.191102 0.00292326
83 116.184 -32.84 3.73555 -0.153612 0.00240833
84 129.35 -35.3942 3.81534 -0.146348 0.0020889
85 152.378 -43.9554 4.90483 -0.202093 0.0030867
86 162.495 -46.0854 5.12184 -0.212379 0.00326514
87 125.63 -35.5545 3.99849 -0.162288 0.00247003
88 124.995 -34.1038 3.81023 -0.153912 0.00235829
89 116.681 -32.7975 3.74232 -0.152392 0.00234446
90 147.411 -43.888 4.99415 -0.212363 0.00338168
91 123.704 -33.8954 3.79726 -0.153188 0.002331
92 91.4585 -24.8944 2.85984 -0.111295 0.00164686
93 99.9161 -27.3814 3.10759 -0.120461 0.00175351
94 106.289 -28.8714 3.32221 -0.134385 0.00206376
95 77.9494 -19.9833 2.33549 -0.0890245 0.00132928
