0 133.019 -38.3424 4.29744 -0.17324 0.00259983
1 129.627 -39.8216 4.68001 -0.200855 0.00322321
2 147.434 -43.1032 4.86113 -0.201654 0.00311915
3 142.002 -41.9902 4.7558 -0.197052 0.00304357
4 153.308 -45.0612 5.03568 -0.207744 0.00318561
5 154.551 -47.2508 5.3915 -0.227965 0.00357223
6 180.107 -52.7746 5.9134 -0.249745 0.00390308
7 139.565 -41.2773 4.73259 -0.199873 0.00315216
8 167.589 -50.2784 5.65888 -0.237126 0.00366792
9 145.394 -42.8136 4.79197 -0.19625 0.0029916
10 153.271 -44.6646 4.96991 -0.204182 0.00311934
11 113.617 -32.9196 3.79159 -0.153632 0.00232333
12 113.617 -31.6483 3.61964 -0.147272 0.00228612
13 163.764 -49.2832 5.56631 -0.235632 0.00369663
14 135.377 -39.3346 4.49607 -0.18885 0.00297837
15 142.718 -41.0535 4.68466 -0.19715 0.00310055
16 132.95 -38.1767 4.37642 -0.183558 0.00289695
17 128.709 -36.4131 4.07013 -0.162991 0.00243394
18 140.61 -41.3741 4.7086 -0.198333 0.00313276
19 65.3033 -16.5582 1.95379 -0.0707877 0.00102457
20 146.309 -42.3554 4.77313 -0.19995 0.00314085
21 141.273 -41.0427 4.74587 -0.203637 0.00328493
22 139.045 -40.5208 4.53742 -0.184177 0.00276252
23 137.545 -40.9619 4.72468 -0.200432 0.00317532
24 194.421 -59.2326 6.68692 -0.289261 0.00462248
25 163.899 -46.9829 5.2081 -0.214477 0.0032675
26 158.102 -47.0963 5.40962 -0.232576 0.00371523
27 153.492 -45.8768 5.27422 -0.227384 0.00365698
28 135.44 -40.175 4.68827 -0.201266 0.00323212
29 124.107 -37.0536 4.34378 -0.184788 0.00294948
30 144.829 -43.9104 5.12888 -0.22217 0.00357933
31 141.809 -42.12 4.91881 -0.212265 0.00341335
32 163.601 -46.7042 5.27572 -0.224853 0.00361259
33 174.708 -49.3484 5.54865 -0.236775 0.00379201
34 167.304 -47.5557 5.34722 -0.227283 0.00363264
35 148.762 -41.4211 4.61587 -0.190445 0.00296952
36 200.576 -58.2129 6.49549 -0.277475 0.00440838
37 131.006 -36.3852 4.15926 -0.173592 0.00275943
38 152.235 -41.8413 4.68349 -0.193997 0.00302652
39 131.807 -34.4641 3.80753 -0.151003 0.00226393
40 180.517 -49.5725 5.4926 -0.230765 0.0036287
41 151.739 -42.4046 4.7824 -0.201722 0.00321411
42 168.592 -47.1276 5.26168 -0.222294 0.00354069
43 144.49 -38.9501 4.34555 -0.179542 0.00281349
44 148.275 -41.8074 4.76209 -0.202225 0.00325256
45 187.988 -53.2628 5.93584 -0.251389 0.0039634
46 185.582 -53.3303 6.01216 -0.25991 0.00420561
47 195.492 -56.6992 6.36477 -0.276548 0.00449455
48 162.095 -43.6093 4.79922 -0.198831 0.00312128
49 174.13 -48.8865 5.49889 -0.236749 0.00384701
50 194.015 -54.6007 6.125 -0.264678 0.00429002
51 177.392 -48.0567 5.32568 -0.225113 0.00357787
52 182.605 -51.9166 5.88743 -0.255339 0.00414567
53 214.485 -60.9418 6.66642 -0.281496 0.00444039
54 212.203 -62.4519 7.08056 -0.311374 0.00509652
55 186.41 -53.912 6.12886 -0.267985 0.00439029
56 166.533 -45.3367 5.05419 -0.215363 0.00348231
57 173.976 -47.0401 5.20353 -0.21933 0.00349971
58 195.252 -56.1935 6.34897 -0.275965 0.00448913
59 56.0074 -8.30934 0.771938 -0.00594306 -0.000184612
60 176.769 -50.5422 5.69366 -0.244137 0.00391624
61 175.053 -48.1301 5.28107 -0.217649 0.00334409
62 165.701 -45.4115 5.12243 -0.219339 0.00353673
63 167.047 -47.6503 5.48247 -0.239618 0.00391543
64 184.169 -50.375 5.51923 -0.233075 0.00370773
65 176.955 -47.6955 5.26431 -0.223721 0.00359049
66 174.471 -48.0344 5.28264 -0.222318 0.00352373
67 182.409 -50.13 5.4959 -0.230496 0.00361111
68 167.866 -45.6489 5.05138 -0.21296 0.00339107
69 164.86 -44.8507 4.92032 -0.206653 0.00329373
70 195.542 -55.0204 6.09603 -0.261044 0.00416732
71 183.645 -51.9491 5.78883 -0.248295 0.00398631
72 211.174 -58.0498 6.30664 -0.266704 0.00421209
73 177.38 -49.0771 5.37323 -0.227104 0.00364859
74 190.236 -52.2547 5.7064 -0.239118 0.00374244
75 185.032 -50.3001 5.41693 -0.223629 0.00346149
76 154.512 -41.8159 4.63008 -0.193496 0.00307618
77 203.986 -57.009 6.24031 -0.266335 0.00425582
78 142.094 -37.0147 4.06676 -0.166584 0.00260691
79 132.225 -33.9661 3.78261 -0.156132 0.00248939
80 176.868 -48.1483 5.30897 -0.224991 0.003595
81 196.829 -54.2261 5.91755 -0.250451 0.00397668
82 227.107 -63.7695 6.89623 -0.292625 0.00462428
83 161.784 -44.8154 4.98312 -0.21116 0.00337195
84 179.655 -47.5022 5.04915 -0.203667 0.00307219
85 150.991 -40.3435 4.46211 -0.18485 0.00289924
86 136.458 -35.9795 3.98057 -0.162644 0.00253027
87 130.825 -35.1067 3.96073 -0.165446 0.00264763
88 153.161 -40.9401 4.48736 -0.18305 0.00280753
89 200.647 -56.4445 6.28169 -0.270774 0.00435477
90 144.474 -39.0897 4.36152 -0.181656 0.0028695
91 159.241 -42.4142 4.69219 -0.195064 0.00305236
92 167.882 -47.2113 5.24115 -0.220175 0.00345256
93 138.013 -36.9677 4.14597 -0.171468 0.00268198
94 119.586 -29.5455 3.28987 -0.132958 0.00208319
95 156.362 -41.0504 4.54652 -0.187961 0.00291353
