0 177.493 -55.1569 6.55845 -0.294572 0.00484793
1 141.083 -43.1827 5.26464 -0.236096 0.00389151
2 186.964 -60.3218 7.22371 -0.329792 0.00551654
3 195.336 -62.7785 7.53969 -0.345791 0.00578938
4 153.75 -46.9531 5.52237 -0.23993 0.00382296
5 183.512 -56.7619 6.59636 -0.288435 0.0046035
6 156.464 -49.0859 5.92886 -0.267445 0.0044323
7 160.904 -50.1942 5.96102 -0.264367 0.0043006
8 170.889 -52.584 6.20752 -0.275549 0.00448763
9 196.961 -62.2856 7.36264 -0.331136 0.0054263
10 145.8 -44.8336 5.37692 -0.237697 0.00385761
11 170.108 -54.18 6.55219 -0.298089 0.00495754
12 163.846 -51.9277 6.28023 -0.286012 0.00478139
13 202.169 -63.8507 7.54074 -0.340068 0.00559512
14 197.449 -61.0029 7.0612 -0.311432 0.00502565
15 154.396 -48.745 5.89722 -0.267029 0.00443958
16 152.192 -47.2004 5.69101 -0.255184 0.00420951
17 176.754 -54.2896 6.42091 -0.286822 0.00469848
18 136.89 -41.3317 4.93979 -0.215625 0.00346251
19 178.746 -55.9128 6.6133 -0.295293 0.00481791
20 167.57 -51.9704 6.24247 -0.283422 0.00472776
21 167.421 -53.0402 6.39542 -0.290082 0.00481586
22 199.192 -60.7799 7.13148 -0.320776 0.00527736
23 223.775 -71.1559 8.39048 -0.382346 0.0063453
24 164.703 -50.7702 5.9721 -0.261601 0.00419223
25 174.983 -55.9504 6.72725 -0.304956 0.00504291
26 179.901 -55.6069 6.64068 -0.301567 0.00501245
27 166.669 -52.0889 6.26609 -0.283409 0.00469144
28 182.912 -56.7518 6.65019 -0.293582 0.00471641
29 181.727 -57.6603 6.95335 -0.318485 0.00532931
30 161.825 -51.3076 6.25544 -0.285472 0.00475858
31 145.892 -45.4094 5.55286 -0.250277 0.00413451
32 200.93 -60.1273 7.00955 -0.312366 0.0051067
33 214.002 -64.6716 7.52838 -0.335798 0.00545949
34 187.81 -56.3968 6.60286 -0.292056 0.00471801
35 190.423 -57.3017 6.81244 -0.308373 0.00511503
36 214.492 -65.0205 7.57418 -0.338653 0.00552862
37 186.261 -55.6506 6.48718 -0.285094 0.00457372
38 184.794 -55.9187 6.63991 -0.298641 0.00491955
39 114.467 -32.4767 3.9292 -0.169502 0.0027335
40 182.035 -53.645 6.23905 -0.273103 0.00437866
41 163.348 -47.2192 5.56381 -0.245409 0.00399469
42 185.705 -53.0579 6.16221 -0.272697 0.0044401
43 202.603 -63.0516 7.45338 -0.336506 0.00553541
44 209.159 -62.4288 7.32509 -0.329714 0.00542273
45 204.448 -60.4467 6.9905 -0.308895 0.00499179
46 188.938 -56.0252 6.55968 -0.292939 0.00480679
47 94.8265 -26.4663 3.26667 -0.13927 0.00224514
48 196.947 -58.7166 6.87603 -0.308085 0.00506276
49 202.466 -60.6773 7.13683 -0.32198 0.00532113
50 149.954 -46.1456 5.63237 -0.25505 0.00425194
51 153.56 -46.8287 5.63672 -0.253777 0.0042126
52 179.448 -52.8702 6.21552 -0.277174 0.00454026
53 185.814 -54.4423 6.35896 -0.282044 0.00458195
54 210.763 -62.4649 7.30437 -0.329635 0.00545056
55 154.526 -45.6306 5.49765 -0.247027 0.00409596
56 196.375 -57.1516 6.59195 -0.291061 0.00472939
57 183.735 -55.4188 6.56292 -0.295399 0.004882
58 193.352 -58.0185 6.85877 -0.308337 0.00506441
59 190.84 -56.7457 6.6778 -0.299287 0.00491442
60 199.47 -57.2563 6.5611 -0.287167 0.00461225
61 204.65 -62.3656 7.33371 -0.330868 0.00545712
62 159.048 -48.5595 5.83443 -0.260771 0.00428453
63 192.891 -57.4063 6.71211 -0.296331 0.00476366
64 197.784 -53.7427 6.07121 -0.266233 0.00433982
65 199.536 -56.0221 6.41853 -0.284049 0.0046445
66 203.482 -58.8339 6.81408 -0.3057 0.00506631
67 218.799 -62.5792 7.13245 -0.317039 0.00518943
68 224.556 -65.5349 7.53875 -0.339037 0.00561548
69 200 -56.1714 6.48377 -0.290861 0.00483765
70 196.716 -56.1158 6.42643 -0.285068 0.00469012
71 179.038 -50.8682 5.9151 -0.2631 0.00432772
72 180.228 -50.2451 5.78458 -0.255671 0.00420049
73 201.391 -55.098 6.20226 -0.268401 0.00428143
74 225.071 -64.7106 7.35453 -0.325795 0.00531421
75 208.773 -57.9922 6.58233 -0.290737 0.00474869
76 225.908 -65.8549 7.53865 -0.337453 0.00556336
77 221.333 -63.3837 7.20342 -0.321061 0.00528607
78 192.4 -53.8471 6.16094 -0.272071 0.00445938
79 227.952 -67.0102 7.70074 -0.345446 0.00569056
80 204.055 -58.5285 6.70751 -0.297114 0.00485328
81 189.706 -51.5892 5.71015 -0.240211 0.00372649
82 188.758 -51.6427 5.83143 -0.252368 0.00403567
83 182.251 -50.9969 5.8933 -0.261386 0.00429309
84 219.271 -62.5281 7.10661 -0.314118 0.00510778
85 191.846 -53.1287 6.08011 -0.266346 0.00430195
86 200.892 -57.3777 6.61998 -0.294134 0.00481254
87 174.594 -48.559 5.63476 -0.249095 0.00407565
88 159.295 -41.2116 4.53926 -0.183988 0.0027516
89 190.047 -53.0624 6.01634 -0.260062 0.00415008
90 196.369 -55.273 6.34687 -0.279996 0.00455323
91 178.421 -49.2663 5.69522 -0.250597 0.00407792
92 190.991 -54.037 6.21121 -0.274241 0.00447754
93 177.549 -50.4658 5.91765 -0.263076 0.00431143
94 187.846 -52.8556 6.13408 -0.273432 0.00450818
95 161.446 -43.3636 5.09135 -0.224223 0.00365188
