0 322.216 -90.0012 9.49148 -0.385177 0.00568787
1 363.21 -106.446 11.7363 -0.510462 0.00814312
2 181.313 -49.3154 5.35663 -0.204471 0.00279773
3 208.619 -57.885 6.30633 -0.246912 0.00345611
4 347.505 -101.853 11.3005 -0.493728 0.00793088
5 318.456 -93.0693 10.3661 -0.453196 0.00733479
6 265.756 -73.0782 7.67141 -0.300764 0.00427143
7 335.494 -94.8017 10.1021 -0.4178 0.00630821
8 275.037 -77.1734 8.31068 -0.340453 0.00510178
9 344.303 -97.596 10.4448 -0.433487 0.00654155
10 254.837 -71.0872 7.71634 -0.317929 0.00481799
11 359.031 -100.557 10.7678 -0.457866 0.00724582
12 295.095 -84.5069 9.25909 -0.39601 0.00626923
13 396.566 -112.263 11.9174 -0.500891 0.00770043
14 157.337 -36.9845 3.56009 -0.10928 0.00112529
15 263.251 -70.1188 7.23609 -0.28296 0.00408931
16 217.211 -58.7997 6.2119 -0.240444 0.00339595
17 210.811 -57.0877 6.18488 -0.248411 0.00371571
18 331.725 -91.7523 9.61496 -0.390909 0.00581468
19 329.246 -91.4552 9.62859 -0.3911 0.00577302
20 251.416 -70.2503 7.59845 -0.312536 0.00476156
21 242.874 -62.9534 6.37033 -0.235966 0.00314485
22 706.692 -195.466 19.9793 -0.838239 0.0128794
23 232.875 -61.3906 6.32087 -0.236849 0.00317463
24 345.185 -96.8969 10.2973 -0.427401 0.00649415
25 116.439 -24.9808 2.24157 -0.0437722 -9.21484e-05
26 318.033 -88.1828 9.27907 -0.378145 0.00565021
27 365.618 -103.722 11.1008 -0.470231 0.00734154
28 657.807 -189.421 20.2286 -0.889944 0.0144011
29 327.531 -89.9297 9.38797 -0.378528 0.00556794
30 242.658 -64.2412 6.6648 -0.256856 0.00360715
31 385.681 -109.1 11.6595 -0.494168 0.00768879
32 554.559 -165.521 18.2183 -0.817782 0.0135185
33 364.634 -103.545 10.8737 -0.439423 0.00638571
34 316.503 -88.5568 9.25163 -0.367518 0.00526736
35 373.289 -108.018 11.5825 -0.486352 0.00744852
36 473.179 -138.814 14.9172 -0.641147 0.0100604
37 299.185 -89.097 9.88868 -0.422944 0.00662769
38 161.674 -42.6577 4.38286 -0.149336 0.00175751
39 165.197 -45.5248 4.90108 -0.184249 0.00253014
40 369.878 -105.124 11.1305 -0.462038 0.00702132
41 81.8544 -21.0302 2.20298 -0.0582172 0.000421588
42 216.66 -60.0306 6.25881 -0.235717 0.00320055
43 572.872 -162.254 16.9156 -0.714249 0.0110284
44 356.167 -99.87 10.4062 -0.421932 0.00624974
45 138.98 -36.417 3.77966 -0.127242 0.0015032
46 253.297 -70.0574 7.30008 -0.281036 0.00389709
47 121.993 -30.5003 3.07324 -0.0932499 0.000932241
48 485.52 -138.353 14.4968 -0.607839 0.00931057
49 203.925 -55.545 5.80828 -0.220634 0.00308381
50 237.924 -67.0988 7.16784 -0.288563 0.00431101
51 259.073 -74.6855 8.1156 -0.337267 0.00520333
52 287.539 -80.963 8.71454 -0.36653 0.00578057
53 42.6997 -10.4869 1.15156 -0.00986049 -0.000430401
54 267.348 -73.2705 7.58353 -0.298443 0.00433971
55 218.546 -59.7029 6.15264 -0.2292 0.00307627
56 56.3727 -9.69578 0.696414 0.0218789 -0.001084
57 288.651 -82.72 8.96634 -0.376442 0.00585827
58 125.092 -32.1915 3.33913 -0.10929 0.00126771
59 137.896 -34.171 3.34087 -0.0999288 0.000954013
60 -6.58401 8.99448 -1.34278 0.120438 -0.00284367
61 154.725 -39.8834 4.00723 -0.129659 0.00138301
62 153.567 -44.4927 4.97163 -0.196183 0.00287817
63 72.1767 -19.5236 2.13214 -0.0569954 0.000400037
64 186.723 -57.8433 7.08755 -0.336155 0.0060523
65 139.403 -38.1624 4.16373 -0.151074 0.00197309
66 168.472 -45.9981 4.82177 -0.167824 0.00197683
67 206.905 -58.7309 6.42342 -0.257415 0.00378668
68 147.488 -39.7374 4.22713 -0.146518 0.00174641
69 453.264 -133.748 14.5899 -0.640919 0.0103925
70 177.198 -51.5417 5.90249 -0.243627 0.00370305
71 207.505 -60.4871 6.7386 -0.275264 0.0041131
72 228.459 -66.9621 7.46684 -0.311412 0.00476224
73 172.354 -47.3018 5.04643 -0.18723 0.00250969
74 211.274 -59.362 6.30659 -0.241251 0.00331668
75 542.222 -157.931 16.7947 -0.719489 0.0112514
76 110.732 -28.887 3.13071 -0.103459 0.00120737
77 224.699 -67.3136 7.66371 -0.331219 0.00533395
78 155.82 -43.9356 4.9049 -0.194635 0.00292197
79 173.946 -47.9647 5.13497 -0.191465 0.00256658
80 258.65 -75.1046 8.20473 -0.340061 0.00516973
81 209.369 -60.2294 6.55278 -0.26327 0.00391316
82 265.175 -77.5412 8.45606 -0.353044 0.00544603
83 207.156 -60.2603 6.6864 -0.2727 0.00408208
84 272.789 -79.9124 8.76583 -0.369981 0.00576253
85 222.121 -64.9584 7.2393 -0.301021 0.00461669
86 175.988 -51.1226 5.82254 -0.239626 0.00364467
87 254.122 -75.7429 8.47217 -0.358903 0.00555739
88 325.026 -96.5049 10.5644 -0.449086 0.00698723
89 230.419 -68.881 7.75869 -0.328301 0.00511273
90 190.902 -54.7404 6.05904 -0.24258 0.00355206
91 216.264 -64.0884 7.21685 -0.303885 0.00471832
92 289.678 -94.1621 11.6011 -0.575814 0.010721
93 265.174 -79.6594 8.93961 -0.382622 0.00599633
94 274.359 -77.6562 8.13429 -0.319623 0.00455483
95 184.423 -56.5245 6.82969 -0.310021 0.00527099
