0 95.2194 -23.6645 2.78076 -0.114403 0.00186205
1 34.5984 -1.36579 -0.0168551 0.0301732 -0.000786657
2 93.4266 -22.4416 2.56144 -0.0992951 0.00150786
3 94.1765 -24.2846 2.86288 -0.117762 0.00188429
4 139.607 -38.3594 4.38929 -0.188336 0.00307943
5 145.875 -38.4208 4.37269 -0.188929 0.00311343
6 138.6 -37.721 4.36808 -0.190438 0.0031614
7 150.404 -41.6133 4.7556 -0.206697 0.00339749
8 121.144 -31.3368 3.58069 -0.150252 0.00243768
9 121.228 -29.3811 3.24972 -0.130448 0.00203517
10 195.704 -57.1693 6.59212 -0.296384 0.00496732
11 64.8053 -10.7819 1.12647 -0.0283385 0.000265274
12 116.245 -30.6275 3.58243 -0.153804 0.00254402
13 183.129 -49.5898 5.59918 -0.246098 0.00406789
14 138.351 -35.1732 3.93031 -0.164967 0.00265381
15 149.976 -40.9565 4.6957 -0.204664 0.00338199
16 68.4856 -12.9812 1.36718 -0.0396958 0.000464242
17 134.273 -32.35 3.53494 -0.141749 0.00219196
18 181.126 -50.867 5.8012 -0.255968 0.00423839
19 81.7555 -17.7642 1.9874 -0.0713651 0.0010299
20 121.128 -32.7582 3.80456 -0.163318 0.00268834
21 145.48 -41.8542 4.93055 -0.220126 0.00370014
22 145.398 -39.0778 4.42502 -0.188832 0.00306559
23 166.883 -46.0233 5.2558 -0.230329 0.00379643
24 169.841 -47.5439 5.43203 -0.239161 0.00396465
25 187.308 -51.6624 5.85383 -0.256813 0.00420997
26 169.422 -47.645 5.45346 -0.239161 0.00393164
27 162.465 -43.016 4.84424 -0.208573 0.00339323
28 167.236 -45.8549 5.20897 -0.226872 0.00372204
29 73.9476 -14.9477 1.66433 -0.0557439 0.00075684
30 132.85 -35.4937 4.12925 -0.180125 0.00299271
31 131.248 -34.7285 4.00809 -0.171006 0.00277573
32 36.6064 -5.20035 0.629452 -0.00723058 -5.77772e-05
33 143.514 -42.4149 5.01727 -0.222252 0.00369878
34 131.853 -38.5638 4.52259 -0.196698 0.00324164
35 125 -35.4733 4.19073 -0.182931 0.00303636
36 85.9995 -22.2426 2.60854 -0.103383 0.00162032
37 75.4306 -17.4836 2.04631 -0.0762741 0.00114774
38 153.584 -45.5264 5.33271 -0.235588 0.00390667
39 115.221 -31.8288 3.72275 -0.157286 0.00254215
40 73.2094 -19.2385 2.30355 -0.0902572 0.00140922
41 130.426 -36.1432 4.2028 -0.18092 0.00297232
42 8.25822 3.53825 -0.408409 0.0435424 -0.000944997
43 153.04 -43.4452 5.02827 -0.220193 0.00364029
44 13.4261 1.9522 -0.224915 0.0360914 -0.00084839
45 118.164 -33.7309 3.98679 -0.171966 0.00283
46 90.7308 -24.1209 2.89847 -0.121287 0.00198603
47 109.091 -30.6239 3.65694 -0.157823 0.00259949
48 50.985 -9.59126 1.07885 -0.0283522 0.00030626
49 135.484 -37.9382 4.37375 -0.187504 0.00305094
50 159.207 -46.2285 5.39441 -0.239514 0.00399244
51 152.257 -42.7122 4.87253 -0.210938 0.0034526
52 114.994 -30.5327 3.58084 -0.153132 0.00251313
53 163.171 -46.0674 5.31397 -0.235435 0.00393206
54 180.207 -52.7944 6.08891 -0.269736 0.00445442
55 152.576 -45.5095 5.42539 -0.244241 0.00410029
56 173.154 -50.4015 5.81633 -0.25822 0.00429777
57 154.069 -43.1617 5.00647 -0.219485 0.00362227
58 125.399 -35.0544 4.13692 -0.178769 0.00292278
59 106.365 -29.0296 3.4582 -0.146971 0.00239149
60 56.9228 -11.4996 1.36807 -0.0451911 0.00063218
61 108.814 -31.789 3.85042 -0.168954 0.00282183
62 37.2281 -5.1146 0.636035 -0.00904585 -1.57245e-05
63 80.517 -21.1337 2.58457 -0.106426 0.00171083
64 154.674 -41.4608 4.64518 -0.198782 0.0032467
65 155.244 -43.5472 4.89705 -0.208342 0.00337255
66 175.708 -49.8146 5.61367 -0.243086 0.00397212
67 125.588 -36.8232 4.34642 -0.188737 0.00311379
68 82.0474 -19.603 2.21409 -0.081187 0.00118728
69 121.106 -31.4716 3.51953 -0.142882 0.00224488
70 214.448 -61.8819 6.91932 -0.300135 0.00483595
71 48.1744 -9.15474 1.04367 -0.0249554 0.00022294
72 118.063 -32.438 3.68454 -0.15289 0.0024615
73 89.8703 -23.5212 2.72069 -0.107121 0.00166379
74 162.062 -47.1632 5.41488 -0.236481 0.00389384
75 76.7833 -18.1454 2.04086 -0.073441 0.00108285
76 214.628 -61.8445 6.96165 -0.305384 0.00498563
77 129.819 -36.6412 4.22059 -0.182148 0.00302095
78 178.175 -52.7909 6.05609 -0.266321 0.00437627
79 175.234 -51.6577 5.92101 -0.259837 0.00426531
80 104.409 -25.7504 2.90929 -0.116598 0.0018471
81 144.926 -40.7895 4.67064 -0.201518 0.00330579
82 157.792 -45.9512 5.27931 -0.231036 0.00381701
83 134.089 -36.278 4.09692 -0.172103 0.00277618
84 92.8018 -23.9059 2.75825 -0.111339 0.00177163
85 95.2194 -24.3742 2.78865 -0.108962 0.00165956
86 157.745 -46.0567 5.32925 -0.233466 0.00384471
87 122.05 -33.3991 3.87737 -0.164432 0.00266631
88 88.411 -22.3714 2.5977 -0.101854 0.00157444
89 140.494 -39.8861 4.66044 -0.20411 0.00338717
90 140.627 -39.0174 4.49362 -0.192603 0.00312845
91 116.259 -32.0867 3.78791 -0.162452 0.0026732
92 128.724 -37.3402 4.40663 -0.191497 0.00315322
93 218.065 -62.848 7.16689 -0.318571 0.00525464
94 10.9564 2.19798 -0.150667 0.0287502 -0.00065642
95 83.9166 -22.5048 2.74085 -0.112073 0.00178544
