0 94.9458 -19.3433 2.06953 -0.0723587 0.0010256
1 67.9183 -11.6428 1.16456 -0.0264002 0.000180219
2 102.842 -21.2657 2.19804 -0.0753636 0.00102488
3 116.021 -27.8856 3.04787 -0.118208 0.00179202
4 187.271 -49.2086 5.36768 -0.227289 0.00365406
5 142.224 -34.8546 3.77242 -0.151789 0.0023574
6 206.077 -57.0914 6.33796 -0.273675 0.00442632
7 164.385 -41.3389 4.45493 -0.183375 0.00288673
8 114.282 -24.9038 2.56875 -0.0921664 0.00131304
9 153.183 -37.9627 4.08488 -0.16565 0.00259031
10 189.556 -50.9335 5.64007 -0.242517 0.00393766
11 148.993 -37.1616 4.06872 -0.167723 0.00265002
12 179.943 -47.7909 5.24047 -0.221876 0.00355828
13 156.855 -41.2466 4.56152 -0.192045 0.00308787
14 86.5488 -15.9918 1.59263 -0.0476858 0.000590969
15 223.741 -61.1549 6.74022 -0.292418 0.00473688
16 160.391 -42.1595 4.71314 -0.202194 0.00330864
17 175.716 -46.2691 5.0713 -0.214248 0.00343184
18 231.833 -62.785 6.88069 -0.298171 0.00482882
19 117.488 -25.8355 2.74335 -0.103791 0.00155377
20 172.824 -46.3535 5.17206 -0.222139 0.00360224
21 134.103 -32.9322 3.61386 -0.146658 0.0023116
22 191.051 -51.216 5.64931 -0.242318 0.00391874
23 163.743 -41.3571 4.49789 -0.185746 0.0029184
24 140.073 -34.834 3.79002 -0.153451 0.00240448
25 152.46 -36.5416 3.9532 -0.161948 0.00255931
26 117.67 -26.7603 2.86612 -0.109059 0.00164317
27 118.732 -26.4692 2.85233 -0.110324 0.00168596
28 130.808 -30.4203 3.30699 -0.132155 0.00207618
29 88.9405 -18.1348 1.95952 -0.0683387 0.000969961
30 161.902 -41.7329 4.62515 -0.195716 0.00315962
31 150.915 -39.2544 4.42354 -0.187313 0.00301076
32 75.4213 -16.3273 1.75476 -0.056674 0.000733159
33 15.4186 4.885 -0.817295 0.0731315 -0.00159146
34 89.9475 -19.1958 2.01199 -0.066234 0.000857317
35 147.483 -38.2063 4.21025 -0.173141 0.00271085
36 105.893 -25.0038 2.73656 -0.104356 0.00156683
37 36.9006 -1.58979 -0.0762747 0.0372688 -0.000957983
38 80.6875 -15.4514 1.60765 -0.0486953 0.000582876
39 145.187 -37.7269 4.20843 -0.175312 0.00277714
40 139.048 -36.108 3.96942 -0.160233 0.00247102
41 97.7423 -21.9707 2.35118 -0.084083 0.00119053
42 145.066 -38.8985 4.34241 -0.181765 0.00290073
43 113.154 -26.2639 2.80369 -0.104663 0.00152187
44 114.265 -28.0954 3.08509 -0.120264 0.00182796
45 154.758 -41.5133 4.5752 -0.191007 0.00303979
46 135.827 -34.1099 3.74553 -0.152094 0.00238196
47 175.999 -48.6423 5.42895 -0.232585 0.00375831
48 87.0659 -17.6028 1.84828 -0.0614694 0.000833323
49 116.894 -27.5027 2.98894 -0.115723 0.001752
50 127.761 -32.9654 3.70126 -0.152299 0.00240602
51 107.777 -26.4231 2.91863 -0.11437 0.00175634
52 154.722 -41.9926 4.69968 -0.199124 0.0032043
53 71.0805 -11.9436 1.17427 -0.0280363 0.000235863
54 22.6285 6.44457 -1.48381 0.128095 -0.0029086
55 137.616 -36.2806 4.09247 -0.171265 0.0027304
56 171.565 -45.7948 5.04279 -0.212904 0.00340486
57 193.238 -54.4206 6.08961 -0.26363 0.00427615
58 134.012 -35.6865 4.01655 -0.167285 0.00265843
59 126.862 -32.9111 3.71752 -0.153646 0.00243373
60 101.959 -24.2284 2.68515 -0.103988 0.00159488
61 97.0764 -22.8153 2.53432 -0.0959567 0.00142814
62 112.208 -27.7351 3.12649 -0.126231 0.00199027
63 82.4535 -18.6998 2.16244 -0.0813998 0.00121592
64 136.229 -34.6231 3.72195 -0.147802 0.0022654
65 28.067 2.95033 -0.793777 0.0780632 -0.00176048
66 122.415 -30.7903 3.38242 -0.134248 0.00205914
67 115.595 -26.389 2.74932 -0.101023 0.00145311
68 101.264 -22.7903 2.37761 -0.0826397 0.00112671
69 129.598 -32.1202 3.43306 -0.134189 0.00203392
70 90.0405 -19.5941 2.02988 -0.0670415 0.00087752
71 79.6155 -16.8862 1.78723 -0.0573798 0.000730309
72 219.738 -60.0085 6.47735 -0.273966 0.00434227
73 90.9068 -17.2301 1.64413 -0.0447369 0.000436129
74 113.354 -25.5518 2.65959 -0.096637 0.00139851
75 117.645 -27.7783 2.93189 -0.110022 0.00160418
76 130.495 -31.7537 3.37969 -0.130104 0.00192696
77 150.62 -37.6082 3.99032 -0.159049 0.00243031
78 198.791 -53.8347 5.88932 -0.250488 0.00399573
79 240.323 -68.0996 7.44375 -0.321127 0.0051516
80 160.211 -42.3604 4.63551 -0.193354 0.0030713
81 139.93 -36.3875 3.94996 -0.159644 0.00247298
82 110.694 -26.0928 2.76579 -0.103551 0.00153239
83 112.506 -26.9029 2.91956 -0.112899 0.00170855
84 178.971 -48.0443 5.2138 -0.218868 0.00348081
85 222.32 -60.7218 6.60725 -0.281874 0.00448643
86 82.6604 -16.2272 1.6592 -0.0504445 0.000608807
87 155.04 -40.7496 4.47279 -0.184781 0.00289511
88 53.0368 -8.02789 0.734167 -0.0047535 -0.000200881
89 156.712 -42.2148 4.7324 -0.200196 0.00319862
90 169.14 -44.4498 4.90241 -0.206471 0.00328655
91 111.608 -27.5635 3.02109 -0.116853 0.00174372
92 94.0264 -19.7917 2.10779 -0.073446 0.00101747
93 130.623 -32.6316 3.58546 -0.143639 0.00219915
94 84.8337 -18.6307 2.04674 -0.0721254 0.00100343
95 77.1377 -18.0247 2.04914 -0.0732769 0.00103109
