0 102.49 -32.6989 4.09425 -0.178236 0.00285388
1 167.037 -54.8588 6.72113 -0.308912 0.00517849
2 85.9615 -27.1798 3.51079 -0.152207 0.00243849
3 124.895 -40.8485 5.07565 -0.228715 0.00378392
4 126.009 -40.9452 5.07929 -0.228287 0.00377349
5 141.032 -46.093 5.64804 -0.254465 0.00419998
6 186.239 -60.6203 7.24492 -0.327174 0.00538123
7 151.676 -49.3962 6.04052 -0.274561 0.00456801
8 125.304 -40.7981 5.00044 -0.221333 0.0036028
9 179.28 -58.4712 7.07662 -0.324618 0.00544167
10 134.805 -44.4448 5.45077 -0.244599 0.0040353
11 86.3006 -27.84 3.57039 -0.155992 0.00253078
12 220.52 -71.4612 8.45365 -0.385673 0.00642581
13 122.674 -39.4364 4.88549 -0.219236 0.00362874
14 163.774 -52.1117 6.25203 -0.281149 0.00463466
15 159.365 -51.5263 6.23872 -0.282908 0.00470651
16 183.685 -58.9159 6.99594 -0.313894 0.00514216
17 170.759 -54.9892 6.63162 -0.300703 0.00498642
18 134.567 -43.6619 5.3414 -0.238429 0.00390204
19 126.125 -40.1586 4.93614 -0.219277 0.00357466
20 145.512 -46.679 5.6678 -0.254264 0.00418714
21 151.887 -48.5069 5.89963 -0.267436 0.00445222
22 141.225 -44.422 5.38118 -0.239782 0.00392615
23 129.125 -41.6774 5.19139 -0.235689 0.00392871
24 168.556 -54.4022 6.53495 -0.294602 0.00485661
25 112.491 -35.9372 4.491 -0.199239 0.0032585
26 85.8744 -26.9295 3.40656 -0.144658 0.00227273
27 116.33 -34.9334 4.27891 -0.186214 0.00298088
28 163.758 -53.6965 6.48897 -0.29405 0.00487065
29 156.22 -50.6394 6.23757 -0.286417 0.00479955
30 97.8012 -31.2624 3.92962 -0.169849 0.00269992
31 157.135 -50.1685 6.17055 -0.283753 0.00476942
32 141.496 -40.3038 4.74009 -0.20365 0.00324069
33 191.308 -58.5003 6.78525 -0.296932 0.00473573
34 205.972 -63.7663 7.47129 -0.334217 0.00545311
35 188.086 -56.5115 6.60761 -0.294178 0.00480862
36 151.778 -47.7534 5.76352 -0.258244 0.00425136
37 168.992 -53.0508 6.34389 -0.284433 0.0046651
38 202.222 -64.7289 7.67075 -0.346946 0.00572371
39 187.548 -58.2712 6.97081 -0.317376 0.00528716
40 192.76 -59.7509 7.01341 -0.313286 0.00511867
41 177 -55.9464 6.66687 -0.299341 0.00490936
42 143.363 -43.7111 5.21502 -0.229153 0.00371517
43 175.899 -56.3815 6.79628 -0.309819 0.00516721
44 123.387 -39.2259 4.81574 -0.215029 0.00356394
45 187.896 -59.2342 7.01166 -0.315043 0.00517069
46 139.409 -42.9543 5.19552 -0.231506 0.00381533
47 159.563 -49.6471 5.94949 -0.267533 0.00442242
48 180.028 -55.9321 6.63241 -0.297199 0.00487666
49 182.808 -57.0135 6.74718 -0.301988 0.00495437
50 151.863 -47.8839 5.74577 -0.25651 0.00422042
51 164.06 -51.8626 6.2138 -0.27888 0.00458591
52 178.039 -54.564 6.49094 -0.292006 0.00481938
53 146.459 -45.0156 5.43389 -0.242525 0.00397716
54 118.3 -34.9605 4.2282 -0.182854 0.00293442
55 149.878 -45.1075 5.38663 -0.238891 0.00391461
56 201.148 -61.502 7.17028 -0.319932 0.00522533
57 167.18 -51.2186 6.11016 -0.272905 0.00446878
58 134.511 -39.9014 4.75449 -0.206758 0.00333703
59 124.362 -38.3607 4.72449 -0.211083 0.00348223
60 174.84 -55.5214 6.652 -0.301252 0.00499245
61 160.699 -49.2837 5.90852 -0.265884 0.00439812
62 168.838 -52.1053 6.19358 -0.275227 0.0044687
63 122.729 -37.3092 4.54905 -0.200268 0.00326826
64 171.626 -51.7507 6.08857 -0.269887 0.00441174
65 215.95 -66.7371 7.82126 -0.352566 0.0058125
66 186.91 -57.5959 6.88222 -0.311616 0.00516579
67 176.64 -53.7409 6.45364 -0.29358 0.0048999
68 245.401 -77.0432 9.02476 -0.41188 0.0068777
69 258.189 -80.8337 9.40964 -0.426521 0.0070423
70 188.077 -58.7033 7.02714 -0.31957 0.0053233
71 129.722 -38.8661 4.78524 -0.212282 0.00346187
72 208.081 -64.4185 7.56698 -0.341162 0.00564028
73 217.592 -67.6139 7.98102 -0.362284 0.00600678
74 185.565 -56.0141 6.66452 -0.299722 0.004934
75 189.292 -57.8919 6.82349 -0.3052 0.00499687
76 232.379 -74.562 8.86272 -0.407696 0.00684366
77 175.631 -54.6577 6.51618 -0.29321 0.00484049
78 163.209 -49.9664 6.06918 -0.275928 0.00460724
79 206.058 -64.9953 7.74363 -0.354744 0.00595086
80 162.985 -48.0301 5.71665 -0.255243 0.00421661
81 181.409 -53.5919 6.07569 -0.255739 0.00391258
82 126.935 -37.7917 4.6109 -0.20449 0.00337473
83 150.226 -44.4476 5.35722 -0.238598 0.00391116
84 200.386 -61.188 7.02779 -0.307066 0.0049152
85 180.045 -54.6595 6.55568 -0.295226 0.00485431
86 141.323 -43.8164 5.44855 -0.248711 0.00416489
87 185.134 -56.8548 6.77564 -0.305485 0.00503565
88 140.777 -42.5384 5.18028 -0.230889 0.0038021
89 170.872 -51.9781 6.22605 -0.27848 0.00455034
90 152.64 -47.0793 5.6966 -0.255761 0.00421597
91 154.058 -48.9168 6.03092 -0.277389 0.00468807
92 183.144 -58.5308 7.11456 -0.327331 0.00549731
93 156.539 -46.9943 5.69148 -0.255168 0.00418115
94 97.6132 -29.4953 3.74163 -0.162307 0.00260775
95 113.366 -33.5476 4.20412 -0.184894 0.00299623
