0 43.6661 -11.8465 1.46531 -0.0487001 0.000664899
1 101.616 -32.3359 3.84364 -0.161826 0.00257292
2 170.15 -51.9786 5.90028 -0.255478 0.00414117
3 -0.26349 -0.847175 0.355511 0.000889735 -0.000156831
4 94.3986 -30.833 3.65559 -0.153944 0.00247753
5 363.37 -110.84 12.225 -0.545031 0.00894032
6 137.388 -43.2162 4.97567 -0.213462 0.00344816
7 198.359 -61.7487 7.06499 -0.314064 0.0051828
8 88.9925 -29.268 3.56196 -0.1528 0.00250164
9 196.901 -59.855 6.77865 -0.297471 0.00485844
10 118.927 -37.7507 4.40036 -0.18808 0.00303876
11 119.776 -37.683 4.40057 -0.18817 0.0030399
12 81.4479 -27.2503 3.36354 -0.143923 0.00235193
13 143.282 -44.2348 5.11577 -0.222467 0.00363839
14 165.581 -50.4961 5.79411 -0.253522 0.00414769
15 206.284 -63.6048 7.29102 -0.325698 0.00539233
16 47.7903 -16.9122 2.23199 -0.091759 0.00148449
17 224.734 -69.5547 7.85951 -0.349366 0.00575901
18 305.519 -93.7684 10.4607 -0.467356 0.00769744
19 45.0765 -14.4855 1.89597 -0.0727716 0.00110881
20 109.698 -35.0501 4.21201 -0.183387 0.0030109
21 66.3369 -19.8049 2.36718 -0.0917018 0.00139291
22 178.798 -55.4671 6.34741 -0.280311 0.00461506
23 114.129 -35.8002 4.2066 -0.180098 0.00292319
24 134.541 -41.5993 4.88318 -0.213725 0.00351296
25 194.446 -59.3553 6.74138 -0.295788 0.00482469
26 182.238 -55.9408 6.37396 -0.279777 0.00457328
27 158.473 -49.3738 5.70592 -0.250477 0.00410332
28 -15.7835 4.01673 -0.10551 0.0190294 -0.000421044
29 61.0193 -18.8841 2.36674 -0.0953824 0.00151276
30 24.6063 -8.60921 1.29303 -0.0455477 0.000655299
31 222.233 -69.1156 7.96791 -0.358535 0.00594939
32 125.383 -35.5391 4.19046 -0.181621 0.00299329
33 139.663 -36.86 4.20743 -0.17834 0.00287925
34 72.5671 -16.9496 1.97895 -0.0731715 0.00110719
35 84.8202 -20.7131 2.43149 -0.0960102 0.00150184
36 158.547 -45.6862 5.3239 -0.235943 0.00393914
37 126.548 -34.3328 4.0083 -0.172348 0.00282884
38 38.7165 -3.0255 0.215566 0.0190338 -0.000615665
39 138.476 -36.6209 4.21426 -0.180958 0.00296483
40 144.536 -37.4042 4.22428 -0.179173 0.00290176
41 203.714 -57.8888 6.55223 -0.287399 0.00468604
42 82.6757 -20.1613 2.33721 -0.0903189 0.00139636
43 137.27 -36.3756 4.1547 -0.176731 0.00285904
44 176.073 -48.4062 5.55086 -0.245286 0.00407399
45 117.716 -30.2489 3.51873 -0.148918 0.00243727
46 121.092 -31.5646 3.64729 -0.155827 0.00256825
47 196.862 -55.2735 6.28926 -0.278513 0.00458758
48 121.3 -30.9978 3.51581 -0.146147 0.00234859
49 156.213 -42.1543 4.79212 -0.206222 0.00336962
50 86.9128 -18.8276 2.1161 -0.0782888 0.00117949
51 68.2646 -13.4236 1.50463 -0.0491907 0.000674517
52 189.484 -54.1024 6.2244 -0.277174 0.00460466
53 139.337 -37.4737 4.29911 -0.185034 0.00302707
54 156.056 -42.5672 4.87929 -0.212793 0.00351262
55 123.031 -32.9413 3.83144 -0.163892 0.00268785
56 68.975 -13.2621 1.43639 -0.0437467 0.000555975
57 124.5 -32.7096 3.79388 -0.160839 0.0026152
58 158.519 -44.3631 5.14577 -0.226009 0.00372934
59 154.701 -42.019 4.79276 -0.206946 0.0033784
60 71.6992 -14.4798 1.61088 -0.0536036 0.000734075
61 135.661 -37.1896 4.34012 -0.188887 0.00312541
62 100.632 -23.992 2.75943 -0.110818 0.0017455
63 107.947 -26.9542 3.12553 -0.128196 0.00203186
64 116.085 -29.3976 3.29689 -0.13394 0.00212355
65 133.532 -35.8605 4.07352 -0.17167 0.0027703
66 145.856 -39.8614 4.54898 -0.194808 0.00317239
67 75.7544 -18.2533 2.11775 -0.0781484 0.00115606
68 58.7372 -11.9242 1.32303 -0.0378349 0.000446825
69 84.7397 -21.1325 2.45039 -0.0954741 0.00149175
70 143.521 -39.3878 4.5165 -0.194039 0.00316641
71 153.981 -44.5159 5.18038 -0.226913 0.00374091
72 168.462 -48.0451 5.50648 -0.241371 0.0039832
73 70.3805 -14.4651 1.59055 -0.0512005 0.000687977
74 98.6147 -24.7719 2.82367 -0.111893 0.00173887
75 96.5024 -25.1225 2.93236 -0.119652 0.00192367
76 95.1278 -23.3221 2.71286 -0.108639 0.00172308
77 169.525 -48.4794 5.54818 -0.243687 0.00403206
78 153.593 -41.9232 4.74939 -0.20421 0.00333576
79 124.61 -32.3915 3.69732 -0.155276 0.00251869
80 66.2228 -11.3126 1.15695 -0.0295066 0.000309083
81 138.29 -37.1856 4.25407 -0.181383 0.00295613
82 107.078 -27.3091 3.10204 -0.125342 0.00199066
83 105.38 -25.4179 2.86322 -0.11436 0.00180561
84 49.0408 -6.6847 0.672039 -0.00689934 -8.58871e-05
85 87.2601 -22.3816 2.66939 -0.108247 0.00172629
86 93.9341 -21.6603 2.41967 -0.0910512 0.00137319
87 112.921 -30.0511 3.53075 -0.148805 0.00240785
88 115.464 -29.2393 3.33154 -0.135207 0.00212845
89 193.11 -54.045 6.11439 -0.265835 0.00431995
90 77.2241 -17.8685 2.0794 -0.0770032 0.00115031
91 128.552 -31.986 3.63373 -0.151632 0.00243697
92 5.90791 4.4177 -0.471505 0.0476299 -0.00103455
93 104.729 -25.9979 3.02947 -0.124209 0.0019783
94 27.9745 -1.14541 0.134893 0.0180183 -0.000517744
95 130.619 -34.4265 4.01942 -0.171096 0.00277264
