0 104.151 -25.314 3.04319 -0.12481 0.0019422
1 134.757 -37.8911 4.596 -0.200151 0.00320095
2 212.424 -63.8635 7.49442 -0.337946 0.00558215
3 175.872 -52.5014 6.32847 -0.286042 0.00473236
4 197.345 -58.8477 7.00122 -0.316865 0.00524314
5 167.121 -48.2855 5.74781 -0.25449 0.00412535
6 165.016 -48.3585 5.75129 -0.254213 0.00411862
7 194.593 -58.1667 6.92599 -0.313397 0.00517962
8 213.556 -63.4662 7.47318 -0.337175 0.00556672
9 169.673 -49.3207 5.9082 -0.263429 0.00429884
10 237.436 -71.9649 8.44438 -0.385234 0.00642749
11 204.733 -62.019 7.43315 -0.340289 0.00568189
12 113.791 -30.0175 3.6764 -0.159694 0.00261662
13 201.054 -60.8828 7.30038 -0.334114 0.0055869
14 217.497 -65.3689 7.68127 -0.347219 0.00574091
15 175.304 -50.4186 5.96418 -0.265562 0.00433746
16 83.801 -21.1943 2.66346 -0.108718 0.00168302
17 182.549 -53.255 6.34806 -0.284412 0.00465622
18 201.898 -59.6471 7.11465 -0.324869 0.00542405
19 178.034 -52.3817 6.23299 -0.279158 0.00458684
20 141.826 -40.7867 5.06192 -0.233464 0.00401409
21 120.585 -31.5937 3.86472 -0.168153 0.00272374
22 189.203 -55.2272 6.63794 -0.302867 0.00505955
23 204.419 -61.0672 7.29264 -0.333596 0.00557368
24 234.323 -69.1118 8.05612 -0.363553 0.0059895
25 154.463 -43.9675 5.28953 -0.236225 0.00390564
26 201.314 -60.5372 7.2258 -0.329744 0.00550664
27 174.619 -51.5883 6.24065 -0.283723 0.00471951
28 135.403 -38.3785 4.77678 -0.217988 0.00368267
29 197.083 -56.5518 6.71518 -0.303399 0.00501423
30 147.511 -41.7328 5.05669 -0.224744 0.00367765
31 217.643 -64.1107 7.55191 -0.342851 0.00568806
32 169.89 -53.3916 6.40292 -0.288658 0.00477666
33 199.982 -63.2349 7.51578 -0.340531 0.0056216
34 133.368 -41.5745 5.10005 -0.228716 0.00378646
35 268.485 -85.2865 9.91818 -0.452315 0.00751065
36 190.12 -61.4232 7.4138 -0.341734 0.0057606
37 166.969 -53.2569 6.43422 -0.293216 0.00490891
38 288.625 -90.844 10.4549 -0.472626 0.00777686
39 215.425 -66.6091 7.84202 -0.355801 0.0058907
40 182.661 -58.9987 7.12932 -0.327645 0.00551564
41 225.592 -71.5383 8.37859 -0.380151 0.0063122
42 198.103 -62.3048 7.33763 -0.329925 0.00542641
43 182.13 -58.2074 6.95219 -0.314764 0.00521933
44 152.537 -48.9738 5.97964 -0.273137 0.00458011
45 216.82 -70.0229 8.36988 -0.387084 0.00653089
46 196.215 -61.6942 7.22609 -0.320162 0.0051606
47 210.583 -66.1737 7.7443 -0.34805 0.00571138
48 141.84 -44.2968 5.41268 -0.24529 0.00410904
49 108.719 -33.9013 4.17607 -0.182741 0.00296891
50 192.84 -61.9374 7.41988 -0.339343 0.00566358
51 169.41 -52.9492 6.3816 -0.290335 0.00484094
52 144.499 -46.4091 5.7311 -0.262763 0.00443084
53 197.844 -63.7312 7.65631 -0.352606 0.00593135
54 214.456 -68.6579 8.11936 -0.369872 0.00614339
55 212.809 -67.8424 8.01808 -0.36537 0.00608722
56 131.049 -40.7892 5.02121 -0.227871 0.00383098
57 216.501 -70.0375 8.38979 -0.387065 0.00650433
58 196.371 -62.2793 7.5104 -0.345875 0.00581411
59 153.007 -48.5352 5.92303 -0.268819 0.00446983
60 183.689 -58.6834 7.1126 -0.327869 0.00552045
61 137.182 -42.6702 5.21353 -0.235053 0.00390806
62 173.446 -51.9443 5.90662 -0.248139 0.00377792
63 225.707 -71.6725 8.48572 -0.388136 0.00646924
64 140.614 -46.1478 5.64921 -0.254775 0.00423047
65 227.513 -75.1641 8.94886 -0.411975 0.00691421
66 74.9149 -23.5342 3.02976 -0.128254 0.0020388
67 235.302 -77.0911 9.14481 -0.421137 0.00706678
68 121.219 -40.3061 5.07006 -0.231238 0.00388954
69 202.411 -66.9713 8.02635 -0.368331 0.0061738
70 266.047 -86.3908 10.1113 -0.46237 0.00769942
71 178.786 -58.6448 7.12796 -0.326847 0.0054572
72 175.108 -57.8313 6.97092 -0.316211 0.00523814
73 128.774 -42.7989 5.31819 -0.239846 0.00397402
74 191.633 -64.1466 7.75165 -0.356344 0.00598284
75 234.755 -76.5348 8.98571 -0.408893 0.0067873
76 180.903 -61.1017 7.4208 -0.341461 0.00575216
77 193.184 -63.7898 7.64122 -0.348843 0.00581476
78 215.402 -68.5393 7.9025 -0.346954 0.00553127
79 223.52 -73.7376 8.73268 -0.398449 0.00662547
80 171.804 -56.5687 6.8838 -0.316028 0.00531502
81 156.827 -51.596 6.25218 -0.281568 0.00464348
82 203.523 -66.4904 7.93904 -0.363689 0.00609006
83 214.711 -71.469 8.56747 -0.396119 0.00668333
85 128.276 -43.7618 5.50615 -0.250904 0.00418492
86 208.403 -67.0822 7.8386 -0.349729 0.00568984
87 218.206 -71.3117 8.44851 -0.383722 0.00634712
88 138.98 -46.8061 5.76725 -0.260333 0.00430504
89 167.399 -57.0212 6.99715 -0.319416 0.00530553
90 197.863 -66.3442 7.96616 -0.36338 0.00603485
91 236.904 -78.9155 9.3859 -0.431224 0.00719732
92 141.965 -49.0231 6.15878 -0.285132 0.00483792
93 124.115 -40.3339 5.05733 -0.227576 0.00374613
94 153.129 -51.6925 6.38924 -0.291666 0.00485353
95 184.867 -62.0472 7.55984 -0.347009 0.00579525
