0 133.832 -32.1874 3.31789 -0.0994991 0.000879211
1 149.435 -36.9864 3.79107 -0.113439 0.00087658
2 211.919 -59.3261 6.47749 -0.24961 0.00337043
3 170.362 -45.4111 4.93579 -0.179489 0.00224979
4 198.359 -55.6612 6.36858 -0.267292 0.0041817
5 226.978 -66.3632 7.71543 -0.340898 0.00566625
6 180.416 -48.6237 5.36169 -0.202729 0.00267439
7 215.569 -60.4955 6.79134 -0.280597 0.00428287
8 232.211 -61.9995 6.35705 -0.225311 0.00265728
9 116.525 -24.9794 2.16747 -0.0270698 -0.000686133
10 178.458 -45.1589 4.5024 -0.138176 0.0011812
11 218.333 -62.8582 7.28748 -0.316758 0.00515008
12 215.278 -57.9864 6.02541 -0.216119 0.00263047
13 178.192 -46.9401 4.90423 -0.169825 0.00197234
14 185.242 -47.328 4.78859 -0.158367 0.00168817
15 195.487 -51.3937 5.4028 -0.195714 0.00245629
16 109.769 -20.799 1.69594 -0.00531902 -0.00107033
17 143.487 -35.892 3.80621 -0.129826 0.0015593
18 161.352 -40.3915 4.15621 -0.140866 0.00166217
19 176.805 -44.6825 4.59911 -0.1537 0.00164574
20 227.15 -66.5687 7.80551 -0.351182 0.00599181
21 269.376 -76.1642 8.26207 -0.336407 0.00499163
22 165.816 -40.4668 3.98655 -0.117151 0.000897165
23 188.97 -51.2734 5.69391 -0.226172 0.00331838
24 207.359 -56.1119 6.06995 -0.23457 0.0032638
25 177.056 -43.5875 4.24879 -0.126619 0.00103655
26 186.821 -50.6946 5.60293 -0.218843 0.0031115
27 180.524 -46.6722 4.85441 -0.170181 0.00204775
28 230.706 -68.2255 8.07038 -0.368001 0.00634632
29 119.08 -27.183 2.649 -0.0626616 0.000152175
30 131.172 -30.2038 2.99083 -0.0789577 0.000416328
31 196.009 -57.7489 6.91323 -0.313099 0.00542048
32 263.218 -73.2057 7.73612 -0.301671 0.00421375
33 374.68 -111.419 12.4156 -0.546081 0.00884519
34 242.625 -67.5193 7.21282 -0.281954 0.00396467
35 235.974 -65.42 6.95355 -0.269558 0.00375456
36 432.196 -125.737 13.5708 -0.583194 0.00918704
37 252.275 -75.6083 8.7357 -0.391868 0.00659167
38 407.376 -123.623 14.0301 -0.635815 0.0106114
39 293.911 -82.7215 8.75164 -0.349528 0.00505489
40 248.934 -73.1156 8.24337 -0.35412 0.00562925
41 224.397 -66.3543 7.74551 -0.348741 0.00595292
42 217.058 -60.9155 6.60279 -0.261089 0.00375674
43 242.808 -70.3322 7.88077 -0.337398 0.00538252
44 270.025 -77.5874 8.49188 -0.353444 0.00541416
45 401.908 -115.478 12.4425 -0.534438 0.00848872
46 321.167 -91.4573 9.81295 -0.406713 0.00617137
47 233.489 -65.4691 7.11037 -0.287279 0.00424877
48 262.262 -75.9139 8.44425 -0.36453 0.00592181
49 178.502 -50.1481 5.60306 -0.226683 0.00343394
50 170.975 -45.9885 5.08564 -0.203205 0.0031179
51 329.379 -93.7588 10.0699 -0.419865 0.00644079
52 342.7 -97.6224 10.4517 -0.435134 0.00664093
53 231.226 -67.1868 7.53535 -0.319624 0.00504103
54 318.007 -91.6075 9.95808 -0.419103 0.00647259
55 114.132 -29.7593 3.3128 -0.116085 0.00148605
56 135.68 -36.9304 4.235 -0.173764 0.00286208
57 206.257 -58.1166 6.40859 -0.259877 0.00389768
58 171.397 -45.0395 4.75635 -0.17253 0.00224312
59 457.659 -132.485 14.3412 -0.625017 0.010046
60 146.164 -39.7277 4.41454 -0.168497 0.00239107
61 245.593 -69.7611 7.56232 -0.305837 0.00451349
62 -15.5545 14.8508 -2.16986 0.165607 -0.00364954
63 240.271 -68.6842 7.6296 -0.322669 0.00508132
64 814.276 -238.958 25.6031 -1.13711 0.0185606
65 867.834 -251.813 26.6477 -1.16712 0.0187494
66 497.87 -145.161 15.4971 -0.663229 0.0104114
67 1247.89 -353.505 36.4971 -1.58016 0.0250869
68 444.718 -131.635 14.1642 -0.600123 0.00923942
69 314.399 -92.4777 10.0888 -0.425048 0.0065802
70 267.211 -79.3544 8.75855 -0.365475 0.00558414
71 398.759 -115.763 12.2936 -0.507184 0.00756243
72 458.848 -132.648 13.9924 -0.582379 0.00881207
73 753.896 -231.335 25.9632 -1.20942 0.0207785
74 1067.15 -309.741 32.5589 -1.42017 0.0225973
75 632.642 -186.238 19.9542 -0.872388 0.0140075
76 485.839 -147.186 16.3376 -0.732807 0.0121075
77 684.607 -203.865 22.1257 -0.988212 0.01624
78 610.473 -176.617 18.554 -0.786439 0.0121443
79 229.265 -66.5088 7.20425 -0.284691 0.00408947
80 235.868 -69.1919 7.61728 -0.31516 0.00485276
81 336.981 -104.086 11.9086 -0.541615 0.0091744
82 485.961 -141.722 14.9562 -0.623995 0.00944425
83 329.525 -96.9669 10.5153 -0.443398 0.00687597
84 190.772 -56.2002 6.16604 -0.247328 0.0037041
85 219.143 -67.0674 7.76975 -0.337873 0.0054777
86 250.314 -71.9588 7.64662 -0.293841 0.00398663
87 349.267 -106.127 11.835 -0.515279 0.00824627
88 470.975 -143.942 16.005 -0.714204 0.0117229
89 214.948 -65.2877 7.43142 -0.312212 0.00484852
90 439.689 -130.087 13.9644 -0.590992 0.00910278
91 565.238 -165.623 17.6034 -0.749548 0.0116129
92 264.915 -77.6407 8.38708 -0.337374 0.00492907
93 266.562 -77.5283 8.37486 -0.33839 0.00500727
94 475.378 -143.303 15.6651 -0.682419 0.0108439
95 309.111 -94.9896 10.7385 -0.467399 0.00744762
