0 89.8737 -23.9372 2.57427 -0.0888376 0.00115853
1 105.645 -28.6414 3.03293 -0.106693 0.00137963
2 111.336 -30.5691 3.26899 -0.117349 0.00155145
3 138.448 -38.6173 4.13591 -0.16025 0.00232595
4 108.971 -29.6685 3.15701 -0.113253 0.00150748
5 123.368 -33.8749 3.63855 -0.136855 0.00192923
6 119.351 -31.4796 3.2659 -0.11375 0.00143975
7 96.4372 -24.1081 2.45002 -0.077251 0.000849742
8 70.8954 -16.7914 1.73678 -0.0461196 0.000350044
9 113.199 -29.4593 3.04727 -0.103371 0.00124803
10 94.5631 -23.5607 2.45137 -0.0792179 0.000900347
11 94.6868 -23.6955 2.44873 -0.0790788 0.00090779
12 111.99 -30.5033 3.24804 -0.117205 0.00156851
13 163.888 -46.7861 5.02367 -0.200325 0.00297596
14 124.066 -33.7087 3.53588 -0.128732 0.0017299
15 102.008 -26.1733 2.74694 -0.0941993 0.00118271
16 140.96 -40.3755 4.40655 -0.174105 0.00256551
17 111.003 -30.405 3.24198 -0.117654 0.00157674
18 104.335 -28.06 2.94151 -0.101784 0.00129366
19 87.2464 -20.5385 2.08822 -0.0614238 0.000589729
20 96.6028 -25.7578 2.68107 -0.0887541 0.00105103
21 89.8731 -21.3732 2.15656 -0.0632836 0.000600544
22 119.389 -32.1865 3.40104 -0.124771 0.00170522
23 88.4229 -20.5679 2.01842 -0.05592 0.000474699
24 82.6623 -21.0487 2.19224 -0.0667478 0.00069186
25 146.695 -41.8763 4.49282 -0.174647 0.0025256
26 107.68 -27.6984 2.83111 -0.0926355 0.00106604
27 95.5043 -23.3117 2.38571 -0.0752656 0.000828275
28 108.743 -29.4435 3.19319 -0.11622 0.0015546
29 101.881 -26.8437 2.81296 -0.0947678 0.00113807
30 90.4463 -22.7534 2.42053 -0.0794254 0.000923745
31 100.473 -24.7537 2.57125 -0.0850684 0.0010093
32 91.203 -18.6979 1.80473 -0.0438637 0.000254055
33 86.9608 -19.9619 2.06063 -0.0598543 0.000568692
34 73.9909 -16.0979 1.70082 -0.045777 0.000380944
35 63.0397 -11.8557 1.19572 -0.0226413 1.32883e-06
36 73.6942 -16.7275 1.73364 -0.0463329 0.000370861
37 59.965 -11.3091 1.12292 -0.0156587 -0.000196527
38 75.4067 -16.325 1.76278 -0.0501297 0.000471532
39 68.7148 -15.1756 1.62755 -0.0443224 0.000376789
40 70.6581 -14.4847 1.40173 -0.0279636 2.70336e-05
41 96.0883 -23.7679 2.49333 -0.0804064 0.000922611
42 79.2646 -17.318 1.81378 -0.0505465 0.000435884
43 65.8267 -13.174 1.35417 -0.0299182 0.000110824
44 75.2075 -15.7482 1.648 -0.0451098 0.000402424
45 83.653 -19.4135 1.99389 -0.0569279 0.000532916
46 75.4668 -18.0255 1.96796 -0.0603231 0.000645614
47 70.5399 -15.6196 1.68103 -0.0478127 0.000454152
48 72.7759 -14.9306 1.53706 -0.0377645 0.000248909
49 53.457 -10.49 1.08946 -0.0181491 -6.02496e-05
50 72.4199 -15.3287 1.6041 -0.041032 0.0002988
51 70.568 -13.537 1.30358 -0.0242726 -2.08719e-05
52 74.0096 -15.5075 1.46515 -0.0290105 2.81347e-05
53 80.1724 -16.72 1.69039 -0.04316 0.000297804
54 77.3015 -16.5028 1.68726 -0.0436637 0.000310829
55 67.6224 -14.5581 1.51874 -0.0366843 0.000202057
56 65.6596 -12.4476 1.15241 -0.016024 -0.000164537
57 81.2004 -18.3584 1.94907 -0.0574256 0.000564036
58 79.88 -18.2356 1.91093 -0.0539311 0.00047874
59 69.9645 -14.1517 1.47109 -0.0360218 0.000225378
60 58.5198 -10.9607 1.0715 -0.0159315 -0.000125458
61 89.7237 -20.4071 2.11708 -0.0633827 0.000638688
62 87.7717 -19.3018 2.00262 -0.0591986 0.000594416
63 96.9555 -18.5744 1.73454 -0.0396031 0.000157816
64 65.6051 -12.9299 1.14519 -0.0171902 -9.74045e-05
65 66.5172 -12.5865 1.01567 -0.00629865 -0.000374491
66 81.8214 -18.9734 1.88544 -0.0526547 0.000485417
67 69.8598 -16.3357 1.65388 -0.0447541 0.000399201
68 65.8471 -12.7096 1.02193 -0.00619043 -0.000374091
69 82.2011 -18.3474 1.75516 -0.0460147 0.000365507
70 82.5917 -20.7713 2.13678 -0.0663875 0.000754417
71 59.1173 -11.4005 1.13319 -0.0221989 4.86459e-05
72 70.6563 -14.1731 1.18813 -0.015581 -0.000184908
73 76.1066 -14.2794 1.18789 -0.0153895 -0.000196081
74 78.6508 -16.4607 1.55898 -0.0365037 0.000198751
75 85.7457 -19.8272 2.03253 -0.0638806 0.000754151
76 76.9047 -16.6734 1.51449 -0.0321719 9.63901e-05
77 67.6586 -13.8756 1.23732 -0.0205663 -8.25903e-05
78 71.2078 -16.45 1.66361 -0.0456691 0.000410833
79 78.3795 -19.2131 2.07645 -0.0688198 0.000853325
80 71.266 -14.0022 1.25259 -0.0223907 -1.73951e-05
81 81.1979 -17.6029 1.69151 -0.0440586 0.00035087
82 71.9855 -16.2142 1.55831 -0.0383249 0.000268063
83 73.8253 -17.0788 1.68289 -0.0442737 0.000353825
84 64.8322 -11.1309 0.848305 -0.000844785 -0.0004172
85 77.0703 -15.6152 1.39314 -0.0252505 -5.18888e-05
86 77.5412 -17.0906 1.63832 -0.0387881 0.000195481
87 67.8295 -15.5136 1.59235 -0.0430678 0.00037534
88 73.7725 -14.7378 1.29866 -0.0220242 -6.87534e-05
89 80.5155 -18.1132 1.76807 -0.046101 0.000344955
90 78.0463 -18.3079 1.833 -0.0516351 0.000475087
91 67.5655 -14.2037 1.32629 -0.0255332 -6.18514e-06
92 65.6354 -12.8439 1.13672 -0.0171583 -0.00011539
93 90.9699 -21.0916 2.16317 -0.0678739 0.000766381
94 89.7641 -21.1364 2.16571 -0.0676434 0.000766554
95 91.6703 -20.6966 2.07341 -0.0622493 0.000655437
