0 138.433 -45.5415 5.66446 -0.257784 0.00429996
1 227.2 -74.5525 8.94062 -0.413989 0.00697147
2 101.519 -34.7494 4.35456 -0.190222 0.00305765
3 149.427 -49.3631 5.98921 -0.268143 0.00439881
4 193.528 -63.6125 7.59959 -0.346267 0.00577474
5 295.382 -95.5951 11.1379 -0.51028 0.0084997
6 292.636 -94.7994 11.1148 -0.512812 0.00860291
7 325.72 -103.744 11.8917 -0.54103 0.00896666
9 186.05 -61.1279 7.41691 -0.339527 0.00565477
10 219.257 -71.848 8.45574 -0.382012 0.00628982
11 220.852 -73.026 8.72985 -0.401594 0.00672773
12 182.055 -60.1373 7.26354 -0.331526 0.0055229
13 253.555 -81.8564 9.5877 -0.437794 0.00727952
14 184.099 -59.7741 7.16377 -0.324043 0.00535324
15 285.183 -91.9964 10.7048 -0.488947 0.00812278
16 202.32 -67.2205 8.10188 -0.373701 0.0062922
17 293.923 -95.1088 11.064 -0.506247 0.00842559
18 219.014 -71.5964 8.47836 -0.386231 0.00641671
19 295.269 -94.5502 10.8721 -0.491684 0.00809431
20 69.4111 -25.1468 3.42895 -0.155192 0.00261096
21 248.751 -80.9585 9.56969 -0.439871 0.00734931
22 252.931 -81.7465 9.58569 -0.437608 0.00727537
23 248.987 -81.2034 9.5716 -0.439482 0.00735223
24 84.5214 -30.1091 3.95823 -0.17807 0.00296827
25 274.772 -89.266 10.4069 -0.475495 0.00791338
26 248.21 -81.7492 9.67439 -0.444297 0.00741996
27 253.846 -83.2707 9.88106 -0.456686 0.00767665
28 141.468 -46.8104 5.90628 -0.274094 0.0046492
29 187.271 -62.34 7.64669 -0.355037 0.00598823
30 273.299 -88.72 10.4491 -0.48117 0.00804237
31 288.541 -94.1802 11.11 -0.513742 0.0086161
32 121.67 -40.8002 5.15755 -0.234145 0.00389146
33 203.34 -67.6638 8.20175 -0.378403 0.00634524
34 162.845 -54.2243 6.61591 -0.300327 0.00496992
35 235.113 -77.6348 9.24416 -0.425324 0.00711212
36 122.138 -41.664 5.30342 -0.24335 0.00409165
37 239.282 -78.8621 9.40173 -0.433048 0.00723658
38 120.018 -42.0178 5.29654 -0.240289 0.00399481
39 192.228 -64.0402 7.8442 -0.364728 0.00616137
40 89.217 -30.2115 3.91177 -0.173974 0.00288429
41 185.468 -61.922 7.52343 -0.346929 0.00582958
42 135.725 -45.5836 5.66839 -0.257533 0.00428849
43 249.082 -82.6393 9.86147 -0.456014 0.00764858
44 163.295 -54.5305 6.73767 -0.311996 0.00528208
45 229.696 -76.1432 9.14625 -0.424224 0.00714914
46 191.644 -63.9182 7.76259 -0.358207 0.0060196
47 191.391 -63.4117 7.66263 -0.352753 0.00591917
48 104.032 -35.8068 4.59381 -0.209327 0.00352504
49 185.622 -62.1698 7.56176 -0.347744 0.00581879
50 153.49 -50.8248 6.19792 -0.280005 0.00461544
51 134.097 -44.5035 5.55764 -0.253399 0.00422925
52 151.386 -51.0913 6.3593 -0.293048 0.00492888
53 96.4479 -32.3896 4.13516 -0.182412 0.00296271
54 169.649 -57.2384 7.0174 -0.322291 0.00540084
55 130.412 -44.2939 5.48988 -0.247582 0.00409141
56 92.0532 -30.572 3.91339 -0.17273 0.0028283
57 147.638 -49.4263 6.14056 -0.281355 0.00471114
58 214.625 -72.0654 8.68115 -0.40103 0.00673759
59 231.578 -75.9965 9.04209 -0.415014 0.0069259
60 128.146 -45.7829 5.83549 -0.271412 0.0046242
61 168.189 -57.3516 7.11456 -0.330983 0.00560144
62 203.201 -67.7014 8.21388 -0.379713 0.00637977
63 66.9939 -22.4269 3.08856 -0.13655 0.00223712
64 136.404 -42.8908 5.28196 -0.240095 0.00403633
65 137.49 -41.0705 4.95063 -0.219583 0.00361383
66 203.565 -65.0187 7.78102 -0.356123 0.00594441
67 214.373 -68.061 8.12836 -0.374188 0.00628531
68 191.044 -61.579 7.41275 -0.341604 0.00577139
69 287.943 -91.4067 10.5962 -0.486715 0.00816829
70 193.435 -61.4353 7.33178 -0.335499 0.00563398
71 177.111 -55.3741 6.63564 -0.299182 0.00493062
72 167.851 -52.6351 6.31083 -0.284042 0.00469294
73 196.952 -62.1173 7.40353 -0.338955 0.00569661
74 207.397 -65.7508 7.76507 -0.352288 0.00585395
75 175.454 -54.0423 6.34437 -0.280174 0.00453039
76 198.819 -63.7488 7.6401 -0.351659 0.00592466
77 151.769 -47.5251 5.70405 -0.256352 0.00425486
78 138.027 -43.6605 5.32973 -0.240351 0.00401853
79 158.025 -48.3781 5.84355 -0.263274 0.00436103
80 165.874 -51.4492 6.13945 -0.276338 0.00459407
81 194.055 -61.2137 7.25331 -0.328657 0.00545887
82 138.961 -43.7211 5.32566 -0.242735 0.0041409
83 183.331 -57.5833 6.86324 -0.310438 0.00514622
84 127.783 -38.8035 4.72065 -0.209214 0.00343378
85 127.208 -39.5696 4.91782 -0.221886 0.00369428
86 69.1751 -17.5076 2.18074 -0.0844853 0.00128147
87 166.449 -51.9094 6.25917 -0.28379 0.00472742
88 122.965 -37.5171 4.57696 -0.201067 0.00327679
89 140.584 -43.8615 5.31565 -0.235167 0.00383588
90 148.68 -46.6334 5.66424 -0.254578 0.0042075
91 190.195 -60.0084 7.18318 -0.327417 0.00546006
92 136.309 -43.1207 5.3394 -0.243944 0.00412047
93 153.578 -48.7677 6.00798 -0.275103 0.00461248
94 148.168 -46.7403 5.77874 -0.264934 0.00446958
95 107.881 -31.6593 3.95944 -0.174613 0.00285897
