0 40.1839 -0.903862 -0.501841 0.0754609 -0.00190097
1 189.302 -53.4167 5.93039 -0.251074 0.00395854
2 155.756 -40.8156 4.42595 -0.175656 0.00260615
3 159.488 -44.0815 4.90905 -0.204981 0.00323162
4 173.063 -45.5716 4.80816 -0.18669 0.00267619
5 194.9 -54.0987 5.97876 -0.252466 0.00397218
6 175.292 -48.4289 5.40889 -0.228177 0.00358947
7 174.898 -48.5886 5.39892 -0.228284 0.00362481
8 176.093 -46.9352 5.04614 -0.20079 0.00295115
9 201.396 -56.1714 6.14223 -0.255943 0.00394661
10 194.175 -54.8126 6.09985 -0.260067 0.00412988
11 145.245 -39.033 4.37556 -0.180289 0.00279409
12 172.711 -46.0817 4.94697 -0.198552 0.00297167
13 173.716 -48.7523 5.44949 -0.230432 0.0036402
14 226.559 -65.4169 7.27175 -0.315977 0.00509931
15 176.636 -50.3219 5.67911 -0.245295 0.00397273
16 133.578 -34.4141 3.84069 -0.158163 0.00250583
17 198.783 -56.4871 6.34253 -0.273974 0.00440135
18 172.426 -48.8299 5.56389 -0.241143 0.00391274
19 145.837 -39.5896 4.53389 -0.193621 0.00313239
20 197.425 -55.6552 6.15031 -0.259812 0.00407265
21 185.369 -51.2211 5.64116 -0.235034 0.00362747
22 202.165 -57.6441 6.40815 -0.274156 0.00436275
23 141.58 -37.3596 4.16696 -0.170832 0.00264867
24 168.501 -46.8333 5.27653 -0.225435 0.00361253
25 173.695 -48.024 5.43077 -0.233989 0.0037845
26 173.843 -48.9492 5.5789 -0.241487 0.00390404
27 158.226 -43.7164 4.91942 -0.2062 0.00323054
28 174.23 -48.895 5.52236 -0.236226 0.00377536
29 179.708 -49.1455 5.42019 -0.224968 0.00346498
30 151.086 -40.8755 4.64428 -0.196451 0.00312536
31 193.644 -54.52 6.13581 -0.264875 0.004245
32 154.652 -45.8654 5.23104 -0.220904 0.00346777
33 123.627 -30.9022 2.98569 -0.0889548 0.000801731
34 113.204 -32.1781 3.74008 -0.154891 0.00244948
35 146.963 -43.1077 4.97233 -0.213729 0.00345262
36 169.863 -48.9072 5.4926 -0.231946 0.00365064
37 152.037 -46.6585 5.44552 -0.237989 0.00388948
38 115.172 -32.3831 3.73587 -0.153069 0.00238969
39 153.619 -44.4728 4.99866 -0.208314 0.00323763
40 88.085 -24.3633 2.8183 -0.110089 0.00167423
41 178.001 -53.146 6.05076 -0.261267 0.00418492
42 146 -43.9377 5.04148 -0.214724 0.00342826
43 128.538 -38.4581 4.44091 -0.186772 0.00295861
44 159.628 -48.9041 5.66975 -0.246697 0.00399605
45 147.602 -41.2397 4.52554 -0.179922 0.00263809
46 132.233 -39.2308 4.60586 -0.19939 0.00324918
47 143.96 -41.9479 4.85874 -0.209419 0.00339237
48 112.494 -30.2536 3.43857 -0.138518 0.00213433
49 189.488 -55.9948 6.32312 -0.271074 0.00430049
50 183.002 -53.2677 6.02639 -0.260323 0.00418932
51 135.365 -40.2826 4.6878 -0.200732 0.00322229
52 134.085 -39.6288 4.60766 -0.198001 0.00321055
53 157.359 -46.0381 5.29149 -0.229302 0.00372
54 144.889 -42.4046 4.92513 -0.212884 0.00345201
55 129.385 -38.557 4.52769 -0.196402 0.00322447
56 177.068 -51.3773 5.74178 -0.241562 0.00376192
57 69.606 -14.0015 1.06927 0.00307447 -0.000778744
58 103.583 -29.0073 3.43717 -0.143538 0.0022959
59 159.818 -45.9566 5.24712 -0.223907 0.00356141
60 145.031 -42.5151 4.93735 -0.213851 0.00347057
61 131.071 -36.3462 3.91674 -0.147339 0.00201732
62 144.324 -42.2176 4.89342 -0.209407 0.00334967
63 147.374 -42.5487 4.90237 -0.208578 0.00330341
64 152.477 -41.4052 4.57607 -0.189362 0.00298142
65 192.727 -53.4719 5.90014 -0.2479 0.00388621
66 129.716 -34.7594 3.94607 -0.163855 0.00262032
67 131.817 -35.4771 3.95444 -0.16165 0.00255522
68 160.907 -44.8213 4.98378 -0.205166 0.0031556
69 207.702 -58.2976 6.30495 -0.261285 0.00400949
70 164.055 -45.2127 5.02385 -0.210563 0.00332528
71 176.279 -50.3525 5.69032 -0.24321 0.00388196
72 177.651 -49.7226 5.5918 -0.240062 0.00389862
73 169.166 -44.0155 4.39691 -0.154346 0.00192791
74 160.621 -45.212 5.16838 -0.222887 0.00363022
75 198.259 -56.1455 6.2809 -0.270998 0.0043654
76 180.754 -50.9026 5.72578 -0.245672 0.00394909
77 235.755 -66.8527 7.23354 -0.304758 0.00476436
78 186.463 -52.1337 5.82883 -0.250498 0.00403715
79 178.647 -50.3787 5.69124 -0.244649 0.00394208
80 166.852 -45.679 4.99316 -0.20384 0.00311873
81 44.371 -1.3667 -0.482623 0.0727601 -0.0018038
82 43.306 -1.53383 -0.50885 0.0686446 -0.00244962
83 154.028 -41.7967 4.7053 -0.198036 0.00315446
84 155.412 -43.4134 4.88331 -0.205128 0.00323744
85 145.143 -39.4422 4.46669 -0.186843 0.00296213
86 155.844 -41.3987 4.616 -0.190578 0.00295488
87 180.658 -52.0352 5.92669 -0.256788 0.00415749
88 175.641 -48.5163 5.31563 -0.217539 0.0032999
89 174.346 -48.8866 5.46804 -0.230101 0.00362216
90 139.043 -38.4196 4.42789 -0.189085 0.00307399
91 148.445 -42.203 4.89068 -0.211194 0.00343491
92 148.675 -42.1781 4.88347 -0.211544 0.00347727
93 169.137 -45.5685 5.08718 -0.213432 0.00334802
94 121.366 -32.8575 3.83998 -0.162155 0.00262441
95 134.321 -37.1241 4.33371 -0.184784 0.00297678
