0 98.0036 -24.2493 2.72999 -0.10529 0.00158121
1 97.2986 -23.6651 2.60894 -0.0957611 0.00133605
2 117.394 -32.259 3.649 -0.147309 0.00224492
3 109.51 -29.1117 3.25221 -0.126765 0.00186709
4 137.107 -36.2693 3.98981 -0.159772 0.00241153
5 81.4518 -20.1959 2.2378 -0.0786553 0.00106337
6 97.148 -26.0128 2.96654 -0.114677 0.00166906
7 126.113 -34.384 3.88403 -0.159561 0.00247836
8 123.685 -35.3032 4.07016 -0.170907 0.00271588
9 152.927 -41.5373 4.62133 -0.191467 0.00297162
10 112.431 -29.5718 3.30851 -0.130171 0.00194259
11 151.628 -42.8977 4.80998 -0.200759 0.00312971
12 131.195 -36.0176 4.11007 -0.172651 0.00274247
13 57.5904 -11.7885 1.26225 -0.0318599 0.00027433
14 136.687 -37.2046 4.07915 -0.161327 0.00237153
15 121.87 -32.3835 3.59732 -0.143146 0.002159
16 129.239 -35.2575 3.88437 -0.153945 0.00230192
17 106.667 -28.6232 3.24626 -0.129877 0.0019978
18 101.935 -25.5388 2.842 -0.109196 0.00162554
19 148.55 -40.9387 4.68657 -0.201053 0.00324052
20 149.258 -41.0824 4.5953 -0.191268 0.00299108
21 164.808 -46.5577 5.23197 -0.222633 0.00354772
22 109.956 -29.1505 3.30729 -0.133152 0.00204998
23 148.713 -40.0153 4.50962 -0.191433 0.00307389
24 132.211 -36.6182 4.1208 -0.169668 0.00263597
25 131.291 -36.896 4.2263 -0.177027 0.00279054
26 139.001 -39.0707 4.46858 -0.190408 0.0030592
27 141.299 -38.779 4.46064 -0.191261 0.00308699
28 156.348 -43.9435 4.93767 -0.206589 0.00321086
29 113.593 -29.6306 3.41318 -0.141501 0.00224671
30 153.067 -42.9721 4.90598 -0.210443 0.00338171
31 177.707 -49.3973 5.60093 -0.241664 0.00386508
32 147.379 -40.3 4.48785 -0.18525 0.00287844
33 124.063 -35.1812 3.98908 -0.16408 0.00255851
34 112.159 -33.0746 3.81243 -0.156457 0.00243377
35 151.888 -44.0351 4.95003 -0.205733 0.00318228
36 155.055 -43.948 4.92563 -0.206873 0.00326159
37 125.984 -36.0857 4.11324 -0.170682 0.00267842
38 174.663 -50.3537 5.6895 -0.243268 0.00387194
39 163.205 -46.3031 5.23509 -0.224033 0.00359175
40 111.73 -31.6007 3.59116 -0.146114 0.00227659
41 132.765 -37.7048 4.28044 -0.178429 0.00280272
42 122.769 -34.2701 3.83971 -0.155523 0.00239363
43 144.077 -40.3261 4.59047 -0.195025 0.00312616
44 123.622 -34.7173 3.93922 -0.161662 0.0025133
45 156.638 -44.0133 4.90332 -0.205358 0.00322959
46 157.062 -44.1033 4.91641 -0.204734 0.00317866
47 127.452 -36.7254 4.20517 -0.176675 0.00280769
48 154.728 -44.2449 4.98264 -0.211206 0.00336627
49 111.83 -30.6163 3.48078 -0.141935 0.00222559
50 143.586 -40.3201 4.57529 -0.19295 0.00306154
51 114.206 -31.3778 3.59622 -0.148388 0.00233623
52 141.991 -40.5338 4.55799 -0.190361 0.0029891
53 155.781 -46.2513 5.29714 -0.229224 0.00371636
54 142.546 -39.4796 4.43087 -0.184126 0.00287558
55 128.965 -37.1323 4.31124 -0.184164 0.00296651
56 154.55 -44.2351 4.95717 -0.208265 0.00328154
57 127.603 -34.6385 3.89337 -0.158794 0.00245438
58 134.464 -37.6859 4.30678 -0.181061 0.0028706
59 129.901 -35.32 4.02763 -0.168108 0.00265413
60 168.023 -47.8032 5.36947 -0.228439 0.00361904
61 140.686 -39.4574 4.5108 -0.191823 0.00306959
62 135.948 -38.096 4.369 -0.18478 0.00293367
63 136.148 -39.1849 4.55479 -0.195325 0.00314267
64 165.399 -46.0706 5.01083 -0.205701 0.00317376
65 130.616 -35.8945 3.98759 -0.160508 0.00243216
66 159.206 -47.439 5.42318 -0.233628 0.00375225
67 144.095 -42.6016 4.89298 -0.208827 0.003331
68 137.957 -40.0025 4.49692 -0.185797 0.00287908
69 131.203 -34.8716 3.60039 -0.128179 0.00163602
70 125.699 -36.5268 4.16751 -0.172398 0.0026817
71 135.652 -37.035 4.16427 -0.171537 0.00266365
72 138.999 -40.581 4.60998 -0.193998 0.00306434
73 21.3845 2.92007 -0.790432 0.0794589 -0.00179367
74 96.943 -26.7914 3.04778 -0.120216 0.00181766
75 123.9 -34.451 3.87053 -0.158582 0.00247181
76 139.805 -40.026 4.54766 -0.19097 0.00300383
77 111.769 -31.3181 3.49671 -0.137971 0.00205235
78 143.33 -41.9221 4.7958 -0.204092 0.0032495
79 140.36 -41.4491 4.78908 -0.205195 0.00328769
80 123.495 -33.3205 3.64772 -0.142327 0.002088
81 117.825 -31.7089 3.48272 -0.13537 0.00197716
82 130.578 -39.2216 4.56711 -0.197026 0.00320192
83 112.199 -30.9906 3.55663 -0.147047 0.00232
84 164.553 -49.3022 5.63135 -0.244758 0.00397009
85 131.086 -36.6906 4.19027 -0.174929 0.0027527
86 118.562 -33.9058 3.86762 -0.158136 0.00242707
87 157.028 -41.5348 4.544 -0.185707 0.00285186
88 124.307 -34.3496 3.85132 -0.155147 0.00235361
89 46.8757 -7.51115 0.651072 0.00308659 -0.000413771
90 116.021 -31.7534 3.56801 -0.141291 0.00209256
91 140.929 -41.0165 4.69065 -0.197744 0.00311288
92 72.3128 -18.9064 2.20535 -0.0810547 0.00115168
93 133.302 -37.4109 4.27811 -0.178885 0.00280844
94 158.212 -44.4168 4.96479 -0.206101 0.00316745
95 103.438 -30.7366 3.68409 -0.155561 0.00246625
