0 165.354 -45.6568 5.11872 -0.214867 0.00339584
1 159.026 -43.4786 4.86711 -0.202734 0.00317058
2 152.925 -42.3767 4.84227 -0.206259 0.00332491
3 150.113 -42.932 4.97492 -0.214142 0.00346674
4 72.7664 -15.6005 1.63169 -0.0448516 0.00042508
5 184.594 -51.5136 5.68792 -0.236881 0.00366314
6 186.852 -53.136 5.9883 -0.25656 0.00409481
7 177.583 -51.3058 5.77999 -0.246709 0.00393433
8 177.14 -48.8926 5.37425 -0.221774 0.0034178
9 204.564 -60.7651 6.95563 -0.307214 0.00504746
10 171.464 -47.8696 5.28209 -0.216275 0.0032869
11 175.523 -50.0675 5.63205 -0.239591 0.00381302
12 176.623 -51.8658 6.00448 -0.264931 0.00437268
13 237.625 -69.4484 7.69795 -0.332553 0.0053178
14 164.419 -45.9593 5.21558 -0.222615 0.00357235
15 200.291 -58.489 6.59665 -0.284316 0.00454266
16 189.933 -53.2761 5.82313 -0.239423 0.00365477
17 167.097 -47.3889 5.34054 -0.226809 0.00361617
18 156.884 -44.8634 5.21165 -0.227487 0.00372425
19 113.822 -28.8397 3.29708 -0.133214 0.00207125
20 174.495 -49.853 5.66543 -0.24429 0.00394431
21 138.92 -34.2255 3.35566 -0.107003 0.0011177
22 161.844 -45.3282 5.21419 -0.226228 0.00368902
23 226.906 -66.9426 7.57141 -0.333308 0.00543473
24 202.688 -57.2287 6.27875 -0.262702 0.00408193
25 234.875 -67.8232 7.42555 -0.313858 0.00488734
26 165.349 -47.9901 5.56276 -0.243366 0.00398773
27 185.685 -54.4369 6.22325 -0.272658 0.00446023
28 161.868 -46.5116 5.36954 -0.233407 0.0037921
29 208.599 -60.4792 6.87752 -0.301692 0.00490786
30 170.176 -49.4093 5.71572 -0.250724 0.00411275
31 181.873 -52.0515 5.94054 -0.258028 0.00416506
32 166.089 -45.8676 5.05167 -0.207385 0.00316536
33 169.777 -47.5234 5.37005 -0.229774 0.00367922
34 179.331 -51.082 5.61088 -0.23076 0.00350177
35 179.838 -50.6276 5.64597 -0.240375 0.0038287
36 142.411 -38.5942 4.16747 -0.160969 0.00228677
37 158.701 -43.1096 4.63019 -0.181308 0.00260995
38 171.644 -46.6955 5.25603 -0.224399 0.00359078
39 152.903 -43.0741 4.92002 -0.211309 0.00341341
40 105.359 -27.2531 3.08407 -0.121945 0.00186746
41 26.6004 -0.27979 -0.182096 0.0426872 -0.00108657
42 155.94 -42.6611 4.86593 -0.208658 0.00336173
43 134.499 -37.8405 4.35861 -0.185288 0.002977
44 154.724 -43.1493 4.9171 -0.210812 0.00340741
45 175.108 -51.5169 5.84246 -0.252227 0.00406588
46 159.894 -43.2383 4.86168 -0.207268 0.0033426
47 111.143 -28.5878 3.22831 -0.129473 0.0020009
48 181.571 -52.4271 5.89299 -0.252776 0.00403889
49 172.569 -49.8394 5.60532 -0.238267 0.00378135
50 178.013 -49.3786 5.45355 -0.228344 0.00355813
51 145.59 -40.8068 4.66992 -0.19982 0.003227
52 172.202 -47.6504 5.28396 -0.221156 0.00344629
53 187.864 -53.0164 6.00033 -0.261108 0.00423079
54 138.253 -38.1946 4.34276 -0.18296 0.00292063
55 117.741 -30.9256 3.53521 -0.145896 0.00231544
56 154.27 -39.9179 4.16067 -0.156674 0.00216993
57 143.475 -37.3202 3.90184 -0.142622 0.00188145
58 138.326 -37.2569 4.22579 -0.178266 0.00286235
59 151.167 -43.6896 5.05779 -0.219999 0.00359177
60 127.092 -35.6372 4.11439 -0.174472 0.00280967
61 165.856 -45.6383 5.07688 -0.211503 0.00328351
62 184.912 -51.8523 5.84378 -0.251956 0.00404339
63 121.992 -30.9671 3.52014 -0.144518 0.00227551
64 188.734 -49.319 5.20852 -0.212323 0.00326507
65 194.632 -49.5912 5.1359 -0.203498 0.00301454
66 194.519 -50.4674 5.43249 -0.227429 0.00360154
67 164.266 -42.8532 4.63567 -0.191267 0.00299606
68 186.863 -47.716 4.95171 -0.194928 0.00286993
69 195.393 -52.2493 5.58448 -0.232317 0.00364062
70 169.311 -44.3678 4.83028 -0.201846 0.00321011
71 168.434 -43.0147 4.66688 -0.19413 0.00307771
72 164.14 -41.5143 4.34778 -0.170551 0.0025204
73 175.547 -45.3791 4.78877 -0.191487 0.00287619
74 120.339 -22.1791 1.60268 -0.0166354 -0.000456267
75 199.315 -52.4153 5.51956 -0.22456 0.00342485
76 149.396 -37.9564 4.16349 -0.173659 0.00279072
77 174.895 -44.5276 4.70293 -0.18977 0.00289397
78 175.257 -44.8058 4.72065 -0.18859 0.00283093
79 176.25 -46.2186 4.91554 -0.198565 0.00300722
80 192.215 -49.889 5.25354 -0.214015 0.00328514
81 117.273 -20.5945 1.36586 -0.00215125 -0.000759156
82 169.571 -44.1526 4.71357 -0.192338 0.00297477
83 175.664 -45.7536 4.8396 -0.194306 0.00293219
84 184.25 -47.7091 4.99052 -0.199454 0.00298909
85 161.441 -38.3258 3.77069 -0.132073 0.00167472
86 183.318 -46.496 4.89685 -0.196381 0.00296402
87 156.817 -40.6942 4.45061 -0.185021 0.00292919
88 195.342 -51.061 5.38394 -0.216616 0.00324821
89 173.992 -45.0462 4.81077 -0.193929 0.00292592
90 152.173 -37.7858 4.00054 -0.157965 0.00237673
91 146.584 -37.0397 4.05221 -0.166124 0.00259368
92 198.69 -53.6056 5.84261 -0.248071 0.00395171
93 175.295 -44.9317 4.72524 -0.186763 0.00275719
94 168.92 -46.2765 5.18226 -0.22171 0.00357095
95 107.004 -23.9634 2.57296 -0.0953362 0.00138749
