0 109.627 -30.0391 3.28973 -0.119576 0.00153093
1 179.866 -52.9289 6.03874 -0.259948 0.00409899
2 216.987 -67.6054 7.78724 -0.34667 0.00564858
3 175.38 -54.3956 6.3466 -0.278958 0.00448217
4 133.575 -37.142 4.00269 -0.149519 0.00197565
5 113.188 -29.7015 3.05581 -0.10026 0.0010799
6 145.05 -43.1281 5.01733 -0.215382 0.00341044
7 127.793 -35.9226 3.93522 -0.150975 0.00209654
8 127.75 -37.2251 4.28504 -0.176288 0.00265686
9 172.057 -50.4507 5.58382 -0.227938 0.0033665
10 147.593 -42.5588 4.77125 -0.194554 0.00289578
11 136.815 -40.4 4.62331 -0.190418 0.00285866
12 155.853 -47.5061 5.54288 -0.2411 0.00385415
13 151.014 -42.3602 4.51936 -0.170746 0.00229278
14 112.456 -29.8225 3.08132 -0.102094 0.00111733
15 141.454 -43.0094 5.0613 -0.21997 0.00351758
16 149.691 -44.6006 5.18902 -0.223427 0.00354108
17 136.861 -36.8677 3.91552 -0.144507 0.00189304
18 130.163 -36.1087 3.98158 -0.154773 0.0021812
19 140.21 -39.104 4.19003 -0.157533 0.00210568
20 138.75 -40.4169 4.64475 -0.194942 0.00300971
21 163.548 -48.986 5.61863 -0.240202 0.00375702
22 150.192 -40.0742 4.23211 -0.159146 0.00213931
23 144.56 -41.9657 4.60575 -0.180601 0.00254604
24 151.432 -42.0762 4.52214 -0.174001 0.00240947
25 133.238 -37.8789 4.16176 -0.160645 0.00221897
26 172.669 -49.0607 5.39894 -0.220978 0.00328982
27 158.929 -45.7664 5.14529 -0.213985 0.00325801
28 118.96 -30.9444 3.12467 -0.10024 0.001018
29 142.197 -40.5863 4.51715 -0.180525 0.00261052
30 134.688 -37.937 4.16443 -0.160253 0.00219928
31 172.421 -52.2874 6.16665 -0.274567 0.00448352
32 163.295 -45.6606 5.09376 -0.209516 0.00315657
33 131.521 -32.9094 3.32199 -0.109056 0.00116344
34 144.906 -37.9462 4.01283 -0.148069 0.00193418
35 164.671 -44.8896 4.90165 -0.195014 0.00280907
36 129.572 -32.5756 3.26437 -0.104911 0.00106898
37 142.023 -35.2349 3.47106 -0.11182 0.00115471
38 175.897 -51.1573 5.87677 -0.253617 0.00401289
39 138.41 -39.9017 4.73983 -0.20854 0.00341098
40 134.478 -32.9367 3.28511 -0.106542 0.00112041
41 204.081 -58.7398 6.70571 -0.2946 0.00475894
42 190.29 -51.0146 5.51557 -0.224523 0.00334108
43 156.427 -43.8187 4.77043 -0.187267 0.00264363
44 160.062 -42.7674 4.64397 -0.181985 0.00256426
45 150.786 -38.5995 4.0008 -0.144502 0.00182845
46 166.661 -44.8019 4.80971 -0.188949 0.00269407
47 131.293 -37.6243 4.47228 -0.19598 0.00320653
48 169.707 -46.955 5.20178 -0.213793 0.00320972
49 163.755 -44.8531 4.96056 -0.201796 0.00299297
50 162.809 -47.9698 5.54613 -0.238689 0.00377235
51 163.931 -48.364 5.59076 -0.24309 0.0038962
52 158.857 -42.4818 4.60682 -0.182448 0.00263164
53 158.547 -40.6994 4.18079 -0.150992 0.00190646
54 154.402 -40.1674 4.29692 -0.165415 0.00230135
55 157.265 -45.1553 5.27914 -0.230609 0.00371961
56 158.807 -40.467 4.16758 -0.152804 0.00200204
57 181.623 -53.7375 6.22658 -0.273589 0.00441043
58 161.946 -43.8837 4.81434 -0.192268 0.00277715
59 174.265 -48.5203 5.399 -0.223342 0.00336359
60 161.521 -40.0914 4.05297 -0.143617 0.00177417
61 132.682 -35.7111 3.94345 -0.15366 0.00216693
62 140.63 -39.7381 4.50005 -0.183532 0.00274481
63 120.728 -30.0303 3.14477 -0.106849 0.00121741
64 187.254 -47.0199 4.93455 -0.196429 0.00289119
65 198.987 -53.5528 5.904 -0.250635 0.00393082
66 229.211 -64.6383 7.17697 -0.311257 0.00497776
67 180.02 -47.0765 5.0309 -0.202381 0.00299271
68 215.587 -60.944 6.83812 -0.298678 0.00480702
69 173.915 -45.4336 5.01015 -0.210218 0.00328568
70 242.134 -69.4263 7.79331 -0.345713 0.00566109
71 198.065 -55.3005 6.25254 -0.27419 0.00445152
72 183.094 -50.1617 5.68562 -0.248668 0.00404409
73 172.96 -42.3932 4.37724 -0.165764 0.00228014
74 172.635 -45.0905 4.79821 -0.189307 0.00273194
75 187.087 -47.6819 5.03531 -0.200928 0.00294927
76 185.184 -51.1669 5.7065 -0.24366 0.00384877
77 179.416 -47.4681 5.14033 -0.211696 0.00322345
78 193.228 -52.7015 5.87605 -0.25262 0.00402386
79 222.532 -62.4479 6.89145 -0.295389 0.00464997
80 173.724 -45.878 4.94439 -0.199195 0.0029464
81 135.022 -30.7072 2.97716 -0.0943972 0.000977232
82 159.256 -38.3938 3.90975 -0.143051 0.00187881
83 194.954 -53.0924 5.89725 -0.252015 0.00397213
84 147.111 -34.5034 3.41539 -0.11634 0.00137332
85 152.281 -37.147 3.8961 -0.14613 0.00197664
86 187.238 -49.7506 5.34359 -0.215374 0.00317539
87 205.809 -55.2452 6.05352 -0.256444 0.00401126
88 150.455 -34.9523 3.4682 -0.118031 0.00137772
89 152.319 -38.1 4.00592 -0.150792 0.00205143
90 161.515 -40.0362 4.14906 -0.154821 0.00207677
91 152.552 -39.6761 4.46665 -0.186756 0.0028952
92 143.686 -35.8987 3.80338 -0.143542 0.0019646
93 160.209 -43.7756 5.03117 -0.216047 0.0034234
94 152.928 -40.0793 4.46822 -0.183927 0.00279351
95 213.882 -58.2916 6.58785 -0.289698 0.00469923
