0 123.127 -36.8898 4.23816 -0.180113 0.00287936
1 285.845 -84.0073 9.02385 -0.38586 0.00607428
2 246.57 -70.9259 7.47581 -0.308424 0.00468215
3 264.587 -78.0313 8.45153 -0.365481 0.00585418
4 396.1 -116.959 12.4926 -0.544667 0.00874184
5 381.373 -107.466 10.9236 -0.445739 0.00664318
6 337.856 -100.303 10.7632 -0.465192 0.00739043
7 255.376 -73.7724 7.81056 -0.325497 0.00498185
8 366.922 -106.844 11.3162 -0.486352 0.00769482
9 215.009 -62.0632 6.65205 -0.276072 0.00421178
10 325.692 -95.4039 10.1493 -0.434591 0.00684686
11 309.319 -90.7956 9.68873 -0.413956 0.00650278
12 279.116 -83.1154 9.08734 -0.398301 0.00645222
13 245.092 -72.1531 7.78992 -0.331309 0.00519055
14 221.844 -64.8747 6.98483 -0.291711 0.00446834
15 203.02 -57.342 6.00794 -0.240104 0.00350412
16 343.137 -99.9214 10.6083 -0.456018 0.00722896
17 340.377 -97.1462 10.0814 -0.420509 0.00643311
18 291.799 -82.2344 8.4169 -0.339313 0.00499627
19 262.897 -78.1101 8.5561 -0.373032 0.00600309
20 308.368 -91.1976 9.88093 -0.429598 0.0068692
21 295.339 -87.5133 9.51615 -0.415606 0.00668982
22 285.744 -82.4079 8.66622 -0.362445 0.00556921
23 356.725 -103.809 10.9988 -0.471331 0.00742996
24 216.117 -64.6572 7.12617 -0.305556 0.00481338
25 204.139 -59.0356 6.32079 -0.259561 0.00390823
26 238.902 -69.416 7.41139 -0.309944 0.00476314
27 270.575 -79.9764 8.63599 -0.370001 0.00582459
28 184.155 -55.3681 6.23085 -0.272538 0.00443395
29 267.608 -80.6192 8.92141 -0.393617 0.00640304
30 232.484 -70.0967 7.82562 -0.344922 0.00561928
31 222.847 -62.8126 6.5346 -0.259791 0.00375002
32 204.378 -57.7722 6.38496 -0.273694 0.00433452
33 218.6 -59.2614 6.41214 -0.270289 0.00421027
34 197.38 -54.8202 6.05418 -0.260841 0.00419341
35 202.07 -55.3326 6.0636 -0.259674 0.00413927
36 213.821 -58.018 6.15361 -0.252174 0.00381194
37 172.397 -46.4985 5.08605 -0.211375 0.00325967
38 132.203 -33.7275 3.82269 -0.162649 0.00264232
39 193.907 -51.2131 5.51302 -0.228496 0.00351149
40 202.06 -52.173 5.52422 -0.226555 0.00344914
41 149.875 -34.8705 3.36521 -0.112129 0.00129684
42 184.52 -51.4715 5.74633 -0.248866 0.00401735
43 164.789 -41.8238 4.4253 -0.175889 0.00259233
44 183.166 -46.3027 4.78364 -0.185386 0.00263299
45 173.405 -45.4768 4.94239 -0.204308 0.00314234
46 162.88 -42.1625 4.51477 -0.182985 0.0027629
47 114.425 -22.4095 1.91572 -0.0435275 0.000132617
48 190.307 -50.408 5.41041 -0.224497 0.00346589
49 172.712 -45.2238 4.90867 -0.202205 0.00309634
50 203.539 -55.1624 6.09859 -0.26422 0.00427019
51 183.569 -48.733 5.3679 -0.230802 0.00372958
52 155.576 -37.8726 3.78138 -0.134636 0.00171456
53 193.98 -51.7878 5.574 -0.23199 0.00357846
54 189.114 -49.3269 5.23021 -0.212228 0.00318583
55 202.173 -54.8827 5.99702 -0.25563 0.004049
56 178.962 -48.2214 5.36817 -0.232297 0.00377596
57 188.511 -50.893 5.59292 -0.236277 0.00369995
58 179.223 -46.2359 4.84315 -0.190156 0.00273981
59 171.352 -43.7774 4.61562 -0.183264 0.00269582
60 182.025 -48.4322 5.35917 -0.231652 0.0037616
61 179.837 -47.8279 5.14797 -0.211127 0.00321094
62 210.194 -55.6703 6.01555 -0.2548 0.00401936
63 199.358 -54.2332 5.99888 -0.25773 0.00410364
64 233.942 -63.1729 6.71764 -0.2819 0.00439444
65 169.132 -43.8468 4.63135 -0.184455 0.00273045
66 181.719 -48.3259 5.20717 -0.214885 0.00330435
67 186.971 -51.5459 5.64986 -0.23874 0.00375934
68 166.343 -45.6861 5.08629 -0.217234 0.00349101
69 170.201 -46.4704 5.10883 -0.215092 0.00339828
70 186.394 -49.0936 5.18428 -0.208346 0.003098
71 168.757 -45.3312 4.87335 -0.196252 0.00292435
72 164.918 -42.1073 4.35746 -0.167292 0.00237456
73 155.717 -40.8118 4.51098 -0.190488 0.00305118
74 178.248 -48.1056 5.22322 -0.217248 0.00336778
75 197.289 -53.9915 5.87731 -0.248527 0.00392239
76 204.054 -56.3654 6.22938 -0.267883 0.00428097
77 123.98 -29.616 2.96682 -0.101781 0.00126106
78 161.447 -41.4234 4.41759 -0.1779 0.00268037
79 178.189 -47.166 5.11022 -0.212079 0.0032787
80 175.443 -45.9854 5.05281 -0.216255 0.00349695
81 166.288 -42.4019 4.44093 -0.173573 0.00251466
82 191.043 -52.567 5.78557 -0.247171 0.0039437
83 157.001 -40.7453 4.45119 -0.184525 0.00287778
84 159.466 -41.932 4.67326 -0.20125 0.00328568
85 172.89 -47.3541 5.21159 -0.218353 0.00340086
86 184.649 -49.223 5.42617 -0.232362 0.00373841
87 149.389 -39.8963 4.44415 -0.184823 0.00286726
88 179.758 -48.5265 5.3146 -0.221295 0.00342017
89 157.089 -38.5485 3.93738 -0.144565 0.00193031
90 141.745 -38.1195 4.31021 -0.182193 0.00289784
91 209.439 -55.1143 5.926 -0.248161 0.0038598
92 90.939 -23.1589 2.7416 -0.113498 0.0018406
93 178.991 -47.5079 5.27996 -0.22668 0.00364043
94 150.787 -40.0392 4.52956 -0.194928 0.00317385
95 201.818 -55.4419 6.18276 -0.266395 0.00424902
