0 197.546 -50.8867 5.35177 -0.218141 0.00331194
1 211.207 -55.7064 5.95706 -0.250249 0.0039242
2 216.954 -56.9522 5.98902 -0.246939 0.00379427
3 179.695 -46.2907 4.93701 -0.205 0.00322255
4 196.425 -49.3942 5.02472 -0.197287 0.00288656
5 208.144 -53.8161 5.6378 -0.231393 0.00354353
6 230.091 -60.2509 6.24074 -0.252856 0.00378789
7 212.756 -57.195 6.15448 -0.26135 0.004147
8 206.811 -50.8831 4.99532 -0.186184 0.00254256
9 211.552 -56.1217 5.94722 -0.246701 0.00380609
10 190.453 -48.9353 5.09341 -0.204064 0.00304226
11 203.248 -52.551 5.59341 -0.233809 0.00365834
12 193.531 -48.948 5.08751 -0.204269 0.0030517
13 186.572 -46.0607 4.62602 -0.175594 0.00245221
14 179.853 -47.0503 5.03451 -0.208477 0.00323969
15 200.109 -52.3916 5.52781 -0.226951 0.00347444
16 171.335 -44.4429 4.79116 -0.200176 0.00316477
17 206.031 -52.9987 5.48182 -0.219565 0.00325759
18 204.524 -52.7725 5.47279 -0.220214 0.00329255
19 207.417 -55.0784 5.86279 -0.244216 0.00378848
20 218.159 -55.4752 5.65743 -0.224098 0.00328522
21 216.297 -55.2301 5.64848 -0.224807 0.00331733
22 194.259 -49.4072 5.02563 -0.194846 0.00278418
23 219.086 -57.4536 6.14807 -0.259668 0.00408668
24 217.973 -54.5524 5.4896 -0.214337 0.00310485
25 181.019 -46.8155 4.9804 -0.204169 0.00312756
26 195.037 -48.944 5.03534 -0.198833 0.00290748
27 198.169 -51.182 5.31793 -0.212799 0.0031594
28 211.877 -55.9403 5.92938 -0.246326 0.00381135
29 227.626 -61.5899 6.60647 -0.27907 0.00436698
30 208.168 -55.7895 5.99493 -0.252115 0.00393872
31 218.588 -57.3708 6.042 -0.247904 0.00375944
32 203.04 -57.9333 6.35805 -0.269258 0.00422879
33 174.699 -45.9806 5.01823 -0.208485 0.00324574
34 198.446 -52.9356 5.54534 -0.219407 0.00318413
35 186.405 -50.4372 5.46879 -0.226444 0.00348528
36 115.601 -29.0315 3.21088 -0.126487 0.0019081
37 166.178 -43.9623 4.81315 -0.200074 0.00313262
38 204.372 -55.7903 6.04913 -0.252103 0.00389331
39 152.955 -40.0927 4.33899 -0.174718 0.00263293
40 171.486 -46.4499 5.09392 -0.212814 0.00334185
41 211.348 -57.9868 6.22366 -0.25854 0.00398531
42 188.556 -51.1526 5.60612 -0.235625 0.00369005
43 174.634 -46.0217 4.84638 -0.189756 0.00273687
44 198.821 -54.1192 5.82333 -0.241355 0.00371923
45 182.31 -49.5341 5.27936 -0.212397 0.00316418
46 189.548 -50.4505 5.2915 -0.210596 0.00309845
47 180.524 -49.418 5.38419 -0.223237 0.00344237
48 217.669 -57.4566 6.14046 -0.256667 0.00400541
49 174.759 -46.8893 5.10596 -0.212387 0.00331213
50 157.609 -40.8547 4.3119 -0.166439 0.00236487
51 206.057 -55.511 5.98118 -0.249095 0.00385326
52 193.416 -51.6657 5.44287 -0.217391 0.00319684
53 197.001 -53.9226 5.84422 -0.244107 0.0037867
54 203.847 -55.7792 6.08933 -0.257729 0.00405979
55 154.797 -41.9571 4.66341 -0.195255 0.00307819
56 177.845 -46.6121 4.97742 -0.202506 0.0030846
57 168.887 -43.5432 4.38121 -0.159158 0.00207958
58 199.499 -54.3887 5.94809 -0.250575 0.00392471
59 191.674 -50.6114 5.43633 -0.222583 0.00338673
60 156.182 -41.3479 4.53797 -0.187853 0.00293199
61 196.324 -53.5029 5.78471 -0.239796 0.00368434
62 200.011 -55.551 6.13572 -0.262826 0.0042043
63 155.757 -41.1551 4.33369 -0.165291 0.00229599
64 203.219 -52.3747 5.4756 -0.221899 0.00335531
65 217.045 -55.6156 5.78691 -0.23522 0.00355827
66 177.193 -41.1873 3.98621 -0.140793 0.00179754
67 162.838 -39.4941 4.08636 -0.157949 0.00227836
68 197.638 -52.356 5.53883 -0.225404 0.00341141
69 155.493 -36.0252 3.46001 -0.116701 0.00138905
70 170.515 -39.6957 3.79598 -0.129822 0.00157632
71 175.578 -43.0255 4.54197 -0.185168 0.00286324
72 158.258 -39.1345 4.17852 -0.169464 0.00260706
73 179.463 -43.3405 4.30122 -0.158572 0.00214745
74 177.246 -42.6155 4.29013 -0.160088 0.00219222
75 201.756 -52.0702 5.4845 -0.22506 0.00344937
76 207.822 -53.0427 5.63245 -0.235245 0.00368971
77 200.337 -51.9651 5.52129 -0.229962 0.00359863
78 178.112 -45.8838 4.86181 -0.196636 0.00296586
79 179.262 -45.2472 4.83017 -0.198931 0.00308154
80 180.473 -44.1148 4.50505 -0.173482 0.00247344
81 183.378 -46.1449 4.82028 -0.19327 0.00289916
82 200.283 -50.8032 5.34816 -0.219027 0.00335385
83 168.089 -43.4308 4.70841 -0.19683 0.0031054
84 200.142 -51.107 5.34678 -0.218029 0.00332595
85 225.288 -59.6855 6.42521 -0.272935 0.00432455
86 190.264 -49.7174 5.38624 -0.227496 0.00360644
87 186.52 -48.3868 5.24022 -0.220619 0.00348618
88 191.074 -50.0517 5.30452 -0.215456 0.00325393
89 166.593 -40.2752 4.16811 -0.159691 0.00224948
90 190.149 -46.7408 4.92976 -0.200739 0.00305701
91 191.526 -51.3423 5.60732 -0.23848 0.00378797
92 133.806 -31.6446 3.43997 -0.137703 0.00210549
93 163.779 -42.0894 4.61072 -0.192318 0.00300895
94 151.703 -36.4415 3.93715 -0.160941 0.00249772
95 117.287 -27.6257 3.04439 -0.120265 0.00182232
