0 58.9319 -9.81784 0.573639 0.0236008 -0.00108723
1 81.7697 -20.6463 2.12863 -0.0643295 0.000619119
2 96.93 -24.1847 2.41552 -0.0728796 0.000688782
3 71.1245 -15.1548 1.30365 -0.0163077 -0.000332778
4 93.3057 -21.9576 2.04749 -0.0514537 0.000271639
5 66.2687 -14.8408 1.29241 -0.0154385 -0.000360544
6 88.731 -19.1748 1.65922 -0.0291872 -0.000169306
7 78.9673 -18.0314 1.67552 -0.0366933 5.81091e-05
8 31.3126 -0.85494 -0.500968 0.0781308 -0.00207031
9 72.1707 -14.8167 1.15482 -0.00409765 -0.000621502
10 113.285 -28.4732 2.8016 -0.0883412 0.000918424
11 89.878 -21.2688 2.06942 -0.0563705 0.000402547
12 98.7108 -25.3179 2.76942 -0.10287 0.00143264
13 79.5028 -17.9225 1.56723 -0.0269006 -0.000187765
14 99.4681 -24.9101 2.54728 -0.0830474 0.000927109
15 94.1769 -21.6616 2.08189 -0.0566773 0.000410777
16 123.288 -31.9987 3.36342 -0.12345 0.00165744
17 120.161 -28.9241 2.76957 -0.084371 0.000817641
18 128.131 -34.0544 3.56634 -0.132421 0.00180218
19 110.348 -29.5402 3.2837 -0.130615 0.00197547
20 100.518 -24.8453 2.49351 -0.0795176 0.000862728
21 117.185 -29.6332 3.04624 -0.105687 0.00130429
22 72.9384 -13.6955 0.949017 0.00695433 -0.000810475
23 95.0019 -22.9415 2.20957 -0.0610227 0.000452091
24 99.4077 -23.3188 2.07764 -0.0483088 0.00015443
25 92.8777 -18.8936 1.51414 -0.0194911 -0.000363311
26 110.472 -27.6138 2.78393 -0.0908908 0.00100196
27 102.972 -24.9576 2.42721 -0.0724917 0.000677618
28 140.199 -37.7551 3.99436 -0.151647 0.00209888
29 121.519 -33.9045 3.78026 -0.151215 0.00224499
30 95.3923 -24.6937 2.59869 -0.0870338 0.00099807
31 122.972 -33.2869 3.62071 -0.138885 0.00194689
32 191.407 -51.4929 5.38486 -0.213052 0.00311318
33 121.031 -28.4863 2.8255 -0.0926496 0.00106073
34 124.685 -31.1504 3.21162 -0.114463 0.00148542
35 139.947 -36.7772 3.90883 -0.150521 0.0021552
36 177.568 -47.9277 5.03446 -0.196565 0.00281321
37 156.493 -43.1474 4.78321 -0.199168 0.00310295
38 142.401 -35.8068 3.70484 -0.136375 0.00183731
39 143.764 -36.2471 3.80968 -0.144936 0.00204592
40 146.16 -34.4456 3.37625 -0.114448 0.00136993
41 153.46 -39.3729 4.06466 -0.152984 0.00212358
42 166.717 -42.2788 4.27946 -0.158451 0.00214929
43 167.584 -44.6666 4.84295 -0.199482 0.00307885
44 148.325 -39.1614 4.19713 -0.165215 0.00242193
45 118.228 -25.3999 2.23457 -0.0539763 0.000244144
46 174.065 -44.7901 4.53021 -0.168592 0.00229141
47 153.185 -39.7717 4.09233 -0.153553 0.0021165
48 142.536 -33.8116 3.31877 -0.113069 0.00137124
49 148.752 -37.4645 3.86466 -0.145113 0.00201849
50 137.749 -32.1531 3.11796 -0.102071 0.00116235
51 134.245 -30.1361 2.88495 -0.0924726 0.00101941
52 126.898 -28.9434 2.76598 -0.0855075 0.000872293
53 184.99 -47.2066 4.68219 -0.170706 0.00226265
54 138.991 -33.6472 3.26308 -0.106255 0.00117538
55 138.85 -34.1379 3.41088 -0.118463 0.00147166
56 145.019 -35.5514 3.64742 -0.136261 0.00189554
57 147.079 -35.8676 3.66825 -0.134924 0.00182635
58 158.932 -42.2383 4.50626 -0.177311 0.00258276
59 69.1942 -12.0848 1.22057 -0.0316651 0.000305813
60 158.327 -40.641 4.17179 -0.155948 0.0021325
61 98.5748 -18.0999 1.33048 -0.00806597 -0.000587507
62 141.927 -34.6167 3.56973 -0.131981 0.00179215
63 155.121 -39.0678 4.01873 -0.150236 0.00205153
64 148.789 -35.0945 3.38328 -0.114705 0.00138539
65 149.88 -34.6455 3.35949 -0.11626 0.00146354
66 172.15 -43.8478 4.45842 -0.169767 0.00239467
67 114.97 -23.1015 1.90325 -0.0384311 -1.59041e-05
68 154.713 -38.4986 3.95449 -0.149922 0.0021148
69 165.364 -41.6433 4.22457 -0.160785 0.00228116
70 118.727 -24.8863 2.12546 -0.0492773 0.000168129
71 169.337 -43.179 4.38869 -0.165784 0.00230041
72 114.953 -22.1255 1.72605 -0.0278604 -0.000218518
73 181.064 -48.8433 5.24385 -0.218459 0.00343013
74 107.983 -20.6227 1.59848 -0.0226658 -0.00030036
75 89.9879 -15.7684 1.11481 -0.00352864 -0.000560209
76 173.906 -45.8463 4.86106 -0.196558 0.00297631
77 138.68 -31.7843 2.95522 -0.0922631 0.000966727
78 148.205 -35.9968 3.63861 -0.133792 0.00181816
79 149.123 -37.3041 3.95188 -0.156698 0.0023462
80 117.736 -25.7385 2.40562 -0.0715662 0.000697672
81 138.097 -31.2913 2.88468 -0.0876353 0.000866273
82 128.679 -28.962 2.62021 -0.0749682 0.000646024
83 154.597 -36.9982 3.55011 -0.121246 0.00147476
84 106.775 -19.7341 1.46435 -0.0158298 -0.000421547
85 137.522 -32.8404 3.28787 -0.116279 0.00149544
86 170.248 -44.0185 4.64744 -0.186613 0.00280087
87 166.154 -44.8649 4.89008 -0.203716 0.00318274
88 134.773 -30.2328 2.77604 -0.0818968 0.000753263
89 124.053 -27.1116 2.43622 -0.0652199 0.000450708
90 163.349 -42.4397 4.5012 -0.180372 0.00270336
91 126.619 -26.8572 2.42767 -0.0676181 0.000546178
92 132.541 -31.2035 2.93665 -0.0908632 0.000919861
93 117.959 -28.5129 3.00919 -0.111844 0.00155559
94 125.812 -29.633 3.14143 -0.121541 0.00180155
95 111.906 -23.6718 2.27715 -0.0686739 0.00067674
