0 227.414 -58.8558 6.28045 -0.265592 0.00420749
1 192.571 -49.7521 5.32095 -0.221503 0.00346567
2 210.938 -53.3192 5.60763 -0.232287 0.0036168
3 221.054 -58.5902 6.26689 -0.264346 0.00417085
4 234.293 -60.7176 6.3173 -0.259138 0.00395777
5 245.417 -64.539 6.8059 -0.285102 0.00444378
6 222.349 -58.2374 6.0519 -0.243462 0.00361161
7 243.779 -62.0643 6.36408 -0.258761 0.00392053
8 201.689 -51.296 5.43427 -0.226657 0.00356701
9 221.867 -56.9502 5.92539 -0.241907 0.00368554
10 190.043 -46.4065 4.64407 -0.175638 0.00245777
11 218.513 -55.587 5.77383 -0.234954 0.00355879
12 226.783 -58.7063 6.05043 -0.243582 0.00363325
13 212.004 -56.2899 5.99068 -0.249984 0.00388979
14 200.152 -51.2505 5.49954 -0.233546 0.0037527
15 186.19 -42.887 4.05165 -0.139364 0.00170489
16 201.94 -51.9312 5.45025 -0.222499 0.00338552
17 218.73 -56.4436 5.84441 -0.236266 0.00354591
18 192.936 -44.7093 4.25327 -0.149396 0.00188941
19 213.176 -54.2712 5.72102 -0.237482 0.00369102
20 229.497 -59.1241 6.07653 -0.244158 0.0036266
21 211.485 -55.8354 5.99462 -0.252465 0.0039668
22 205.899 -51.5138 5.23971 -0.205418 0.00298677
23 234.255 -60.706 6.363 -0.263005 0.00403801
24 241.07 -64.6895 6.90507 -0.292573 0.0046129
25 252.57 -65.5349 6.90929 -0.291016 0.00456271
26 210.003 -54.9682 5.94578 -0.253699 0.00406238
27 210.153 -54.0066 5.78042 -0.243827 0.0038524
28 249.603 -66.0673 7.06388 -0.301295 0.00479122
29 192.093 -49.4371 5.34477 -0.225926 0.0035927
30 224.447 -58.6477 6.18129 -0.25547 0.00392011
31 234.171 -62.0086 6.57576 -0.273579 0.00420907
32 178.879 -47.697 5.1718 -0.217424 0.00344227
33 75.7819 -14.1223 1.35397 -0.0347463 0.000311218
34 175.95 -45.6693 4.93681 -0.205918 0.003239
35 185.482 -48.3045 5.1488 -0.21091 0.00322052
36 168.013 -43.7535 4.75573 -0.198436 0.00311901
37 74.712 -12.6103 1.15674 -0.0249455 0.00014661
38 147.95 -35.8416 3.84098 -0.155471 0.002408
39 197.506 -52.1529 5.56812 -0.229586 0.00351225
40 190.415 -51.1685 5.54452 -0.231978 0.00362265
41 173.42 -44.8796 4.83142 -0.200099 0.00312228
42 205.793 -54.6934 5.77013 -0.236558 0.00360892
43 174.835 -45.5367 4.90988 -0.203582 0.00316946
44 179.076 -47.9904 5.2363 -0.220313 0.00347361
45 199.75 -52.7206 5.53114 -0.224989 0.00341248
46 199.619 -52.0725 5.51614 -0.226585 0.00346741
47 225.136 -60.0998 6.30624 -0.258657 0.00393575
48 163.57 -41.76 4.54056 -0.1897 0.00299643
49 197.978 -51.6248 5.51763 -0.229316 0.00355934
50 158.401 -40.658 4.3409 -0.174096 0.00260963
51 201.343 -54.2343 5.86308 -0.248555 0.00393788
52 181.401 -47.9105 5.09373 -0.206933 0.00312441
53 147.441 -34.409 3.58779 -0.141441 0.00214503
54 9.0417 10.6025 -1.80804 0.131688 -0.00276695
55 182.34 -48.0006 5.15321 -0.212131 0.00324953
56 181.551 -45.2612 4.59724 -0.176352 0.00250733
57 174.735 -45.8276 4.85691 -0.195026 0.00291122
58 197.895 -52.8075 5.61787 -0.231217 0.00353493
59 167.362 -43.3081 4.65004 -0.189722 0.00289568
60 204.118 -55.3431 6.05587 -0.26064 0.00419282
61 187.42 -50.569 5.57114 -0.239043 0.00383598
62 166.752 -43.5934 4.77089 -0.199905 0.0031457
63 179.99 -47.8864 5.23074 -0.219559 0.00343523
64 228.687 -60.7826 6.33433 -0.259497 0.00395401
65 48.6774 -4.19389 0.139377 0.0248127 -0.000722119
66 186.611 -49.3969 5.29049 -0.218811 0.00338352
67 184.281 -46.7282 4.87641 -0.197043 0.00299366
68 182.966 -47.5928 5.08445 -0.210741 0.00329492
69 207.409 -54.5617 5.7324 -0.236346 0.00365551
70 190.441 -50.3868 5.38451 -0.224114 0.00350637
71 188.516 -49.9303 5.3743 -0.225258 0.0035461
72 197.757 -48.5905 4.73897 -0.173513 0.00232201
73 204.352 -51.3203 5.31925 -0.216049 0.00330821
74 187.662 -48.2091 5.13432 -0.213404 0.00335835
75 196.958 -49.9968 5.17554 -0.209021 0.00317203
76 190.04 -50.0028 5.34925 -0.221528 0.00342477
77 185.139 -47.2822 4.92983 -0.198545 0.00299559
78 185.39 -43.6478 4.16202 -0.145951 0.00184575
79 172.101 -41.4063 3.94484 -0.135461 0.00165452
80 191.048 -48.3396 4.8972 -0.189127 0.00270504
81 208.621 -55.6172 5.83648 -0.2389 0.00363715
82 232.498 -61.9949 6.53833 -0.273985 0.00429231
83 218.662 -57.5918 6.06523 -0.251624 0.00389694
84 206.36 -53.9355 5.56104 -0.222606 0.00331109
85 172.781 -40.7021 3.92963 -0.138289 0.00175655
86 153.251 -37.7993 4.03506 -0.163846 0.0025365
87 211.38 -55.926 5.88243 -0.240628 0.00365165
88 142.311 -35.6052 3.81075 -0.153568 0.00237785
89 205.404 -53.9029 5.65141 -0.228503 0.00341643
90 238.112 -60.6678 6.15447 -0.243863 0.00356728
91 157.037 -41.8502 4.6029 -0.19248 0.00301601
92 182.847 -47.4575 5.16788 -0.218932 0.00348517
93 165.837 -42.7495 4.62565 -0.190955 0.00295262
94 192.798 -50.856 5.50168 -0.232548 0.003682
95 170.398 -45.7725 5.0322 -0.212962 0.00338648
