0 152.301 -38.1483 3.85829 -0.139576 0.00183041
1 80.8394 -13.5839 0.96145 0.0052189 -0.000773503
2 88.2713 -18.1326 1.73363 -0.0460344 0.000356498
3 113.117 -25.8839 2.54289 -0.0807734 0.000878274
4 119.548 -27.6326 2.5957 -0.0761732 0.000686486
5 108.916 -23.927 2.09404 -0.047845 0.000130326
6 199.003 -53.0752 5.51445 -0.218765 0.00320647
7 138.32 -35.8138 3.73026 -0.140497 0.00196621
8 174.971 -44.3133 4.38234 -0.157871 0.00205061
9 141.139 -34.1812 3.434 -0.121699 0.00155984
10 138.16 -35.0006 3.58407 -0.130303 0.00172558
11 171.214 -45.7725 4.80448 -0.189171 0.00275004
12 114.83 -25.7497 2.40618 -0.0685897 0.000583888
13 135.051 -33.2444 3.36313 -0.118906 0.0015203
14 118.699 -24.9167 2.17896 -0.0526034 0.000229508
15 124.256 -30.3109 3.14255 -0.115382 0.00159038
16 138.995 -33.4712 3.23498 -0.106883 0.00122716
17 152.052 -37.8166 3.73182 -0.130351 0.00162034
18 100.878 -20.5265 1.73659 -0.0338775 -5.38003e-05
19 189.593 -51.6933 5.50236 -0.222669 0.0033283
20 126.76 -29.1263 2.77524 -0.0871775 0.000921015
21 155.918 -39.5327 4.13296 -0.159683 0.00228881
22 183.332 -48.6859 5.02055 -0.193883 0.00273808
23 145.958 -37.304 3.97932 -0.158068 0.00236857
24 133.542 -30.3666 2.81056 -0.0839377 0.000793987
25 117.351 -24.3194 2.12931 -0.0512443 0.000223992
26 164.089 -41.2218 4.07779 -0.144219 0.001811
27 140.46 -32.9105 3.1986 -0.10609 0.00121702
28 164.277 -43.3417 4.59769 -0.182372 0.00269004
29 96.3684 -18.5201 1.52948 -0.0240924 -0.000227083
30 136.153 -31.7779 3.06379 -0.0986591 0.00106835
31 169.441 -43.6464 4.55198 -0.175893 0.0024859
32 178.597 -44.0945 4.3584 -0.158697 0.00210419
33 124.662 -25.7302 2.10654 -0.0429243 -1.91149e-05
34 106.182 -21.3574 1.81546 -0.0376923 1.74467e-05
35 112.054 -26.4169 2.76112 -0.100682 0.00139688
36 137.159 -32.3856 3.19194 -0.1089 0.00132667
37 150.954 -36.8671 3.63935 -0.125949 0.00154189
38 137.071 -32.2941 3.07065 -0.0976266 0.00104576
39 113.121 -23.4872 1.99978 -0.0443242 0.000105987
40 141.866 -33.9361 3.38032 -0.120049 0.00155982
41 209.557 -55.8498 5.73186 -0.225792 0.00328033
42 136.938 -30.0832 2.67483 -0.0740217 0.000578421
43 159.377 -40.8819 4.2562 -0.165478 0.00239494
44 226.53 -60.6983 6.21083 -0.245136 0.00355381
45 135.597 -31.038 2.92152 -0.0918039 0.00096877
46 153.966 -36.276 3.49356 -0.11826 0.00140922
47 160.052 -40.5007 4.20261 -0.16301 0.00235365
48 183.498 -47.8814 4.89342 -0.188894 0.00269495
49 147.836 -35.4372 3.39051 -0.112087 0.00128813
50 140.214 -34.3623 3.3701 -0.114408 0.00136789
51 118.8 -26.0987 2.48481 -0.0766336 0.000793704
52 143.451 -35.8588 3.74877 -0.144177 0.00207695
53 141.267 -34.8216 3.71015 -0.147485 0.00222805
54 128.687 -29.8253 2.83495 -0.0889134 0.000935208
55 133.429 -32.892 3.48047 -0.134305 0.00195231
56 129.584 -32.0353 3.30991 -0.122673 0.00169701
57 137.202 -33.5372 3.37015 -0.118127 0.001489
58 171.369 -43.8307 4.38376 -0.161415 0.00216498
59 114.533 -26.6768 2.68631 -0.0900051 0.0010712
60 131.691 -33.0196 3.57299 -0.143429 0.0022038
61 164.404 -42.1592 4.36671 -0.167644 0.00236906
62 129.294 -30.2712 2.94533 -0.096165 0.0010818
63 99.4207 -21.0589 2.01749 -0.0567792 0.000471209
64 73.5123 -13.0285 0.803453 0.0145728 -0.000932057
65 91.2626 -20.3536 1.66436 -0.0263479 -0.00024119
66 77.1992 -14.6494 1.1542 -0.00797805 -0.000479522
67 83.4141 -22.2542 2.52968 -0.0974005 0.00143828
68 105.853 -28.2909 3.00246 -0.108971 0.00145657
69 102.68 -27.5106 2.84697 -0.0982428 0.00121699
70 91.018 -20.0339 1.78894 -0.0400009 0.000100055
71 45.6925 -4.61997 -0.0558235 0.0535836 -0.00159154
72 92.7668 -17.9317 1.3366 -0.0100118 -0.000536646
73 114.533 -27.8296 2.7239 -0.0876047 0.000970769
74 104.012 -24.1006 2.22144 -0.0576989 0.000344257
75 66.3963 -16.7152 1.81626 -0.0581612 0.000669646
76 83.4331 -17.214 1.48525 -0.0263609 -0.000119224
77 89.1239 -20.7211 1.9745 -0.0542899 0.000434323
78 91.4111 -21.1878 1.98812 -0.0531004 0.000384818
79 77.2077 -19.1062 1.95109 -0.0571329 0.000522539
80 82.9872 -17.0374 1.38479 -0.0179902 -0.000315142
81 77.8612 -16.8949 1.51306 -0.0295443 -4.52158e-05
82 62.9558 -12.5158 0.975591 -0.00159858 -0.000560044
83 101.216 -25.9139 2.74256 -0.0984385 0.00130626
84 58.8745 -8.15406 0.269103 0.0399461 -0.00137354
85 63.1149 -10.0863 0.549283 0.0254832 -0.00112821
86 81.595 -15.281 1.15579 -0.00501192 -0.000582466
87 71.4005 -15.4398 1.42756 -0.0277758 -5.61504e-05
88 111.751 -25.3395 2.36964 -0.0679555 0.000593718
89 158.244 -42.1051 4.40983 -0.170398 0.00242402
90 79.1416 -19.4744 1.99388 -0.0604261 0.000609342
91 111.501 -28.3645 3.02731 -0.112159 0.00153626
92 96.1168 -23.6454 2.41762 -0.0787058 0.000886105
93 91.192 -21.8102 2.23144 -0.0708033 0.000766338
94 97.305 -22.4902 2.24547 -0.0691897 0.000702171
95 83.9781 -20.7042 2.32806 -0.0871597 0.00125363
