0 130.325 -41.1394 4.99565 -0.221363 0.00361546
1 194.664 -60.9933 7.09484 -0.314325 0.00508665
2 96.832 -29.5939 3.65276 -0.155486 0.00245901
3 174.645 -55.5628 6.60498 -0.2978 0.00491632
4 139.668 -43.4764 5.12037 -0.220597 0.00349492
5 140.485 -44.4883 5.32331 -0.2349 0.00381427
6 198.968 -61.0987 6.90815 -0.295977 0.00462213
7 170.276 -53.4671 6.30043 -0.280263 0.0045759
8 142.594 -45.0526 5.35894 -0.235816 0.00383171
9 157.594 -50.1213 5.95386 -0.26376 0.00427349
10 132.909 -42.4698 5.07812 -0.221638 0.00355582
11 113.694 -35.1536 4.24916 -0.184316 0.0029683
12 223.75 -68.8177 7.75683 -0.336998 0.00536087
13 163.715 -51.1291 6.00808 -0.265647 0.00432511
14 160.932 -48.7602 5.57132 -0.236316 0.00367104
15 182.688 -57.6494 6.75351 -0.30091 0.00491377
16 170.717 -53.4892 6.24687 -0.273783 0.00438811
17 163.167 -51.2277 6.03448 -0.265338 0.00426247
18 172.92 -54.4849 6.42956 -0.287437 0.00472267
19 131.546 -40.9985 4.95288 -0.219203 0.00357747
20 169.444 -53.827 6.41084 -0.288708 0.00477166
21 156.434 -48.9506 5.79541 -0.256322 0.0041581
22 168.685 -52.6669 6.23313 -0.278718 0.00457731
23 181.08 -56.3793 6.60548 -0.293804 0.00478982
24 184.635 -56.8577 6.50079 -0.280524 0.00441876
25 138.935 -43.8243 5.30298 -0.236268 0.00387608
26 89.1337 -27.2265 3.37387 -0.142657 0.00224778
27 138.819 -41.1075 4.87141 -0.212281 0.00341031
28 199.326 -64.077 7.53946 -0.340755 0.00563158
29 173.923 -53.9721 6.32241 -0.278429 0.00446969
30 134.413 -42.6026 5.16944 -0.229424 0.0037415
31 181.413 -56.0978 6.63632 -0.298801 0.00492399
32 196.193 -56.7872 6.46816 -0.281938 0.00452821
33 136.745 -35.7161 3.62521 -0.122206 0.00136986
34 155.441 -42.7915 4.56747 -0.173573 0.00235114
35 194.153 -55.2619 6.11646 -0.256882 0.00395132
36 164.893 -50.328 5.84269 -0.253806 0.00404709
37 153.418 -44.3844 4.94268 -0.200438 0.00296009
38 183.288 -55.4555 6.2128 -0.259953 0.0039542
39 170.568 -49.7773 5.61369 -0.235563 0.00361031
40 170.929 -47.1765 4.95443 -0.188263 0.00255431
41 136.889 -38.7746 4.23429 -0.162661 0.00223843
42 175.109 -52.305 6.00452 -0.260664 0.00416977
43 178.493 -54.5917 6.30114 -0.27449 0.00437397
44 160.717 -50.0928 5.92172 -0.2642 0.0043564
45 165.964 -46.7905 4.99446 -0.193693 0.00270513
46 156.587 -46.4421 5.36475 -0.231359 0.0036902
47 168.428 -50.1243 5.74088 -0.247566 0.00392567
48 152.482 -43.1907 4.7248 -0.186089 0.00264515
49 180.691 -53.4114 6.01977 -0.254754 0.00394853
50 174.983 -54.0533 6.3031 -0.278416 0.00452218
51 170.611 -50.0998 5.57792 -0.230866 0.00348887
52 188.605 -54.9216 6.18354 -0.263225 0.0041024
53 173.268 -52.2045 6.03059 -0.262013 0.00416518
54 165.23 -49.8374 5.85482 -0.259626 0.00424793
55 220.028 -66.5305 7.63611 -0.339797 0.00554854
56 172.003 -47.5325 5.06183 -0.196936 0.00275833
57 164.595 -49.1801 5.74475 -0.251203 0.0040338
58 178.206 -53.2416 6.17891 -0.272814 0.00444518
59 163.301 -49.5685 5.82599 -0.257864 0.00420013
60 152.002 -44.8557 5.06633 -0.210228 0.00319258
61 173.763 -51.7684 5.99285 -0.262632 0.00423054
62 146.425 -41.4865 4.6066 -0.183624 0.00264616
63 164.336 -49.748 5.84742 -0.259082 0.00423214
64 173.693 -51.764 6.02638 -0.265735 0.00432393
65 185.472 -53.8881 6.01749 -0.252033 0.0038571
66 186.363 -53.8907 6.10231 -0.26054 0.0040781
67 185.859 -54.6668 6.3312 -0.279114 0.00451744
68 248.239 -75.072 8.46787 -0.371677 0.00597119
69 207.143 -58.4245 6.18634 -0.243414 0.00344025
70 198.327 -59.8661 6.9163 -0.30483 0.00491943
71 171.693 -51.6972 6.15482 -0.276002 0.00454117
72 205.087 -61.8754 7.10488 -0.312601 0.00504296
73 143.48 -39.6734 4.31472 -0.165291 0.00227139
74 154.589 -42.2741 4.66178 -0.185202 0.00266638
75 152.457 -42.2047 4.58494 -0.178493 0.00250262
76 270.494 -82.789 9.34674 -0.41259 0.00663933
77 192.804 -56.4556 6.30525 -0.266726 0.00413687
78 179.976 -53.0072 6.11678 -0.266242 0.00425295
79 233.361 -70.554 8.03565 -0.355592 0.00576252
80 136.787 -37.717 4.31416 -0.178394 0.00272922
81 117.4 -27.8199 2.58926 -0.0670636 0.000355185
82 157.865 -47.2107 5.61716 -0.251544 0.004169
83 164.989 -48.2906 5.72097 -0.255342 0.00420335
84 161.103 -45.5251 4.89063 -0.189247 0.00262828
85 164.35 -46.7081 5.31143 -0.221559 0.0033591
86 132.62 -37.4278 4.29834 -0.175877 0.00263197
87 154.154 -43.2532 4.81992 -0.194537 0.00284607
88 152.089 -45.3021 5.41213 -0.240615 0.00395831
89 171.244 -49.0953 5.53925 -0.230399 0.00347638
90 170.707 -51.6115 6.0863 -0.271331 0.00444865
91 202.706 -61.8704 7.21759 -0.323794 0.00533304
92 177.909 -53.4239 6.1322 -0.26348 0.00412831
93 181.56 -50.9499 5.69415 -0.237112 0.0035841
94 136.613 -41.38 5.0296 -0.224246 0.00370094
95 146.998 -43.8939 5.36287 -0.242678 0.00404548
