0 52.1965 -6.38165 0.172833 0.0438088 -0.00145313
1 100.529 -22.5952 2.03687 -0.0473634 0.000149641
2 74.8088 -16.9154 1.63639 -0.0393146 0.000188509
3 79.2194 -16.5564 1.43005 -0.0216863 -0.000246909
4 44.4516 -0.840619 -0.772248 0.0991899 -0.00251826
5 101.594 -22.6843 2.06234 -0.0515585 0.000294236
6 91.3415 -19.7141 1.74268 -0.0363752 3.08634e-05
7 66.4085 -12.3782 0.963249 -0.000864035 -0.000565353
8 105.734 -24.5178 2.28592 -0.0617058 0.000438848
9 124.042 -33.8425 3.6582 -0.140252 0.00199403
10 79.6431 -16.6341 1.44535 -0.0243998 -0.000150465
11 83.9372 -14.5865 0.974032 0.00772959 -0.000842054
12 85.3259 -18.1441 1.52511 -0.0233267 -0.000255471
13 140.745 -39.3974 4.23757 -0.166708 0.00243026
14 43.032 -2.75461 -0.340349 0.069955 -0.00189239
15 92.5836 -21.8564 2.14105 -0.061889 0.000553651
16 115.324 -31.6835 3.51197 -0.13875 0.00206324
17 92.6519 -21.7166 2.17038 -0.065406 0.000644055
18 82.3263 -18.5259 1.70345 -0.037712 8.62392e-05
19 81.3379 -16.6027 1.4476 -0.024203 -0.000171394
20 125.81 -33.9131 3.62759 -0.13789 0.00193967
21 103.154 -24.7409 2.40475 -0.0699349 0.00060669
22 74.8983 -13.5705 0.97847 0.00306456 -0.00070435
23 112.822 -28.7667 2.94346 -0.0997886 0.00119046
24 97.2877 -21.9209 2.03556 -0.0522513 0.000321321
25 81.7709 -14.5957 0.977951 0.00762532 -0.000844157
26 72.8771 -11.5064 0.612556 0.0262208 -0.00118139
27 72.8043 -16.685 1.59445 -0.0351855 6.18732e-05
28 112.975 -28.8959 2.94317 -0.0979221 0.00111433
29 120.05 -31.3397 3.20255 -0.109327 0.00129356
30 97.9627 -20.4279 1.79702 -0.0381778 3.07424e-05
31 103.506 -27.3155 3.1032 -0.123186 0.00184587
32 141.716 -37.2908 3.96707 -0.153339 0.00220036
33 125.376 -30.3197 3.026 -0.101467 0.00119435
34 130.388 -29.8374 2.82029 -0.085194 0.000807657
35 100.708 -24.3988 2.42023 -0.0741602 0.000742597
36 146.162 -40.8955 4.46053 -0.178887 0.00265961
37 114.391 -29.0661 3.05978 -0.110113 0.0014473
38 132.454 -36.9029 4.05337 -0.160057 0.00232657
39 92.4132 -21.7779 2.13316 -0.0604702 0.000495507
40 121.753 -30.3312 3.10205 -0.10824 0.00136084
41 120.746 -30.5639 3.11803 -0.107337 0.00131182
42 104.535 -28.4932 3.13741 -0.119104 0.0016808
43 129.472 -34.4227 3.63638 -0.136165 0.00187754
44 124.227 -34.579 3.87903 -0.158692 0.00244668
45 111.242 -27.9132 2.82385 -0.0938572 0.00108598
46 113.715 -29.0297 2.98333 -0.103218 0.00127623
47 121.456 -30.5219 3.11935 -0.108852 0.00136141
48 91.0416 -21.6793 2.15156 -0.0632191 0.000581029
49 127.912 -34.3452 3.78635 -0.153017 0.00233975
50 125.035 -33.9378 3.60091 -0.135132 0.00185944
51 76.416 -14.3416 1.13378 -0.00827545 -0.000445023
52 121.39 -31.1963 3.26619 -0.118679 0.00156944
53 122.58 -30.45 3.08892 -0.106027 0.00128458
54 94.4086 -21.4273 2.06164 -0.0570629 0.000451826
55 92.2346 -21.3012 2.06597 -0.057138 0.000439942
56 115.921 -28.3133 2.79354 -0.0899317 0.000986832
57 118.928 -31.7111 3.38653 -0.124738 0.00166898
58 123.179 -29.3909 2.9117 -0.0951633 0.00106849
59 72.0178 -11.8322 0.79088 0.0105823 -0.000798491
60 94.9044 -23.8607 2.50455 -0.0852375 0.00103727
61 94.2425 -18.5132 1.59126 -0.0293998 -0.0001026
62 109.129 -25.4109 2.48426 -0.0754014 0.000725247
63 109.073 -27.8681 3.07822 -0.117951 0.00168579
64 163.92 -38.4166 3.67693 -0.12764 0.00161198
65 155.404 -36.1998 3.44319 -0.11635 0.00141699
66 114.592 -22.2656 1.76219 -0.0314687 -0.000120223
67 127.379 -25.4756 2.04289 -0.0410624 -1.29822e-05
68 156.524 -39.3718 4.18916 -0.169606 0.00261061
69 116.557 -22.0321 1.72284 -0.0287335 -0.000183436
70 163.345 -38.4236 3.71037 -0.129233 0.00162348
71 149.448 -34.1122 3.20426 -0.104277 0.00118612
72 154.015 -35.6795 3.37985 -0.112153 0.0013134
73 169.578 -40.9031 3.9443 -0.138225 0.00175468
74 133.014 -29.6202 2.73469 -0.0814447 0.000776058
75 131.869 -28.5447 2.67479 -0.0853898 0.00096976
76 123.309 -26.6736 2.49084 -0.0750582 0.000751819
77 140.529 -31.5498 2.90029 -0.0896633 0.000936477
78 129.635 -29.8424 2.86171 -0.0935738 0.0010901
79 127.2 -26.1251 2.22716 -0.0541512 0.000273774
80 143.807 -32.2951 2.99444 -0.0937496 0.0010003
81 132.832 -31.2992 3.08627 -0.107343 0.00137218
82 144.594 -30.8041 2.74189 -0.080721 0.000779344
83 91.6843 -13.6491 0.702166 0.0221604 -0.0010776
84 174.406 -43.361 4.40921 -0.170519 0.00246762
85 173.537 -41.3583 4.10802 -0.152315 0.00209658
86 114.627 -21.8884 1.70827 -0.0276555 -0.000211496
87 118.087 -22.3181 1.80701 -0.0348716 -4.85999e-05
88 127.668 -27.5993 2.50867 -0.0710044 0.000599895
89 148.373 -32.8631 3.0214 -0.0910784 0.000868488
90 103.084 -19.9377 1.68336 -0.0337066 -8.0211e-06
91 119.115 -21.8373 1.65039 -0.0226467 -0.000334331
92 100.363 -21.4567 2.05 -0.059469 0.000561915
93 136.741 -29.6633 2.73643 -0.0823565 0.000803549
94 152.264 -37.0904 3.81281 -0.144181 0.00202908
95 96.2463 -16.0161 1.13827 -0.00203909 -0.000648582
