0 18.6858 -6.22482 0.773827 -0.0323851 0.000500638
1 26.0715 -7.38933 0.858757 -0.0350711 0.000527044
2 27.9021 -7.54774 0.867891 -0.03544 0.000532737
3 24.043 -7.69486 0.907131 -0.0375281 0.000567788
4 27.8006 -8.88786 1.05554 -0.0451972 0.000711636
5 23.8885 -7.22862 0.80701 -0.0311457 0.000444137
6 26.1788 -8.03697 0.919688 -0.0368636 0.000542348
7 31.0039 -8.64068 0.988489 -0.0412675 0.00063748
8 34.6069 -9.21806 1.02638 -0.0422339 0.000644378
9 30.9893 -8.68004 0.982433 -0.0404024 0.000613633
10 26.288 -8.00555 0.956105 -0.0408125 0.000641825
11 25.0865 -7.53049 0.91463 -0.0397417 0.000636869
12 30.1562 -9.00865 1.02304 -0.0418856 0.000634531
13 17.2753 -5.95214 0.746784 -0.0315592 0.000494895
14 29.2431 -9.13711 1.04668 -0.0432433 0.000656416
15 26.5061 -8.1642 0.946963 -0.0392115 0.000599581
16 25.042 -7.31954 0.834299 -0.0331085 0.000486503
17 19.3294 -6.44956 0.758532 -0.0302773 0.000451181
18 24.4549 -7.36615 0.859076 -0.0352501 0.000535786
19 25.2101 -7.30568 0.863133 -0.0361723 0.000562154
20 33.6428 -9.39621 1.05305 -0.043402 0.00066054
21 24.4402 -7.41748 0.874641 -0.0365696 0.000567517
22 25.9218 -8.07542 0.931702 -0.0381153 0.000576016
23 26.3008 -7.87496 0.92744 -0.0390557 0.000608774
24 31.4622 -8.92373 0.999622 -0.0408525 0.000618572
25 24.4717 -7.62797 0.899479 -0.0373262 0.000573479
26 26.0467 -6.8958 0.789187 -0.0319992 0.000484285
27 5.52589 -2.51539 0.398049 -0.0166681 0.00026696
28 33.2614 -9.42467 1.05508 -0.0432987 0.000655043
29 6.7705 -3.51522 0.504563 -0.0210407 0.000330457
30 39.57 -10.6029 1.16951 -0.0484266 0.000738587
31 10.8323 -4.561 0.5966 -0.0247039 0.00038473
32 33.0505 -8.95545 0.9999 -0.0407005 0.000615209
33 40.5357 -9.944 1.04455 -0.0411666 0.00060765
34 29.8441 -8.21242 0.921417 -0.0373825 0.000566894
35 37.9984 -9.81925 1.06065 -0.0428267 0.0006436
36 35.474 -9.53506 1.05562 -0.0431664 0.000654971
37 29.3894 -8.37719 0.955844 -0.0393312 0.000601451
38 28.9876 -8.2919 0.944425 -0.0384748 0.000579562
39 27.5589 -7.6993 0.881747 -0.0361606 0.000552879
40 34.1814 -8.54957 0.905588 -0.0351989 0.000515696
41 25.6771 -7.23923 0.821132 -0.0328985 0.000493459
42 38.4716 -9.96379 1.08119 -0.0440803 0.000669981
43 26.4812 -8.1275 0.953436 -0.0399179 0.000617322
44 26.1653 -7.71739 0.899532 -0.0374328 0.000579533
45 36.641 -9.15471 0.96703 -0.0380337 0.000561861
46 37.2139 -9.97675 1.09034 -0.0444586 0.000673032
47 26.8024 -7.51097 0.845968 -0.0339609 0.000507396
48 36.6839 -9.30324 0.989637 -0.0389773 0.000574308
49 44.7597 -10.9154 1.12986 -0.0442573 0.000648023
50 36.8249 -9.52749 1.03087 -0.0414948 0.000623668
51 27.572 -7.96064 0.896927 -0.0360891 0.000540619
52 29.156 -8.51747 0.960013 -0.0389036 0.000586325
53 28.089 -7.908 0.897848 -0.0366192 0.000555538
54 33.9984 -8.96408 0.983555 -0.0396954 0.000594128
55 28.7326 -7.85424 0.880261 -0.0355116 0.000536868
56 27.466 -7.71312 0.863407 -0.0346089 0.000518122
57 27.7875 -8.70286 1.00689 -0.0418073 0.000640005
58 28.7652 -7.91495 0.873988 -0.0343691 0.000502873
59 39.1445 -10.4201 1.14872 -0.0478694 0.000739358
60 40.552 -10.2511 1.08069 -0.0430714 0.00063958
61 28.9165 -8.18934 0.926005 -0.0377418 0.00057281
62 30.4415 -8.63428 0.973199 -0.0397524 0.000602707
63 24.764 -7.54473 0.865065 -0.0346445 0.000511811
64 51.0532 -11.3385 1.13738 -0.0445064 0.000654672
65 46.4214 -10.6849 1.09704 -0.0433294 0.000641333
66 52.2413 -11.7392 1.18796 -0.0470286 0.000697661
67 60.2135 -13.1764 1.29708 -0.0506143 0.000735996
68 73.7906 -15.7581 1.5185 -0.0593423 0.000869874
69 52.2632 -12.3035 1.26168 -0.0503483 0.000750398
70 52.1941 -12.1355 1.24909 -0.0501638 0.000751704
71 53.1602 -11.924 1.20639 -0.0474285 0.000693021
72 55.6815 -12.6747 1.26286 -0.0492979 0.000718078
73 51.2039 -11.6694 1.17617 -0.0459777 0.000672019
74 45.181 -10.2955 1.05295 -0.0412462 0.000608579
75 49.2044 -11.3894 1.15912 -0.0457015 0.000673607
76 57.1198 -12.8179 1.28062 -0.0503481 0.00074093
77 41.2384 -9.99147 1.04761 -0.0417239 0.000621849
78 41.5684 -9.47745 0.968039 -0.0370849 0.000530035
79 46.9159 -11.0653 1.15113 -0.0464526 0.000701643
80 51.5873 -12.1691 1.2407 -0.0491078 0.000726888
81 52.5558 -11.5914 1.13397 -0.0430344 0.000614323
82 52.8221 -11.8979 1.18579 -0.0461571 0.000671092
83 57.3015 -12.7528 1.26672 -0.0496872 0.000728749
84 61.4376 -13.4128 1.29904 -0.049856 0.000716766
85 45.9083 -10.0364 1.00674 -0.0386341 0.000557937
86 55.5777 -12.1402 1.19884 -0.0465474 0.000677213
87 46.9777 -10.7785 1.09385 -0.0426741 0.000622065
88 34.5515 -8.25113 0.866134 -0.0329871 0.000467108
89 57.4679 -12.6722 1.24798 -0.048337 0.000701445
90 56.8557 -12.4645 1.23278 -0.0481121 0.000702602
91 56.5329 -12.5496 1.24567 -0.048629 0.000708355
92 51.574 -11.1022 1.07275 -0.0399287 0.000554687
93 55.5585 -12.8096 1.29585 -0.0512499 0.000752272
94 60.2822 -13.2651 1.3228 -0.052439 0.000778385
95 51.8146 -11.9169 1.22478 -0.0491279 0.000735856
