0 -0.601272 -1.04402 0.234236 -0.00873019 0.000147508
1 28.5868 -9.52271 1.20297 -0.0545043 0.000900979
2 11.8634 -4.93435 0.682411 -0.0292647 0.000466078
3 18.4957 -6.66758 0.838733 -0.0353302 0.000550443
4 28.9472 -9.40434 1.1323 -0.0484442 0.000759114
5 19.5619 -6.90909 0.853327 -0.035365 0.000541472
6 16.2507 -5.71458 0.725715 -0.0297282 0.000449435
7 28.4153 -9.17818 1.10148 -0.0470805 0.000735633
8 15.4872 -6.09107 0.801714 -0.0344069 0.000548992
9 24.0913 -6.84885 0.81813 -0.0331133 0.000499703
10 28.3504 -9.05118 1.07127 -0.0448747 0.000691216
11 29.337 -9.44651 1.10391 -0.0459957 0.000702514
12 21.8612 -7.10943 0.886225 -0.0380392 0.000602853
13 25.8017 -7.6176 0.925806 -0.0392392 0.000613374
14 27.8741 -8.87264 1.04491 -0.0433711 0.000661311
15 23.4513 -7.43695 0.900674 -0.0375119 0.000573971
16 17.7136 -4.88152 0.615156 -0.0248341 0.000380535
17 28.055 -8.76515 1.06613 -0.045766 0.000720587
18 20.0349 -7.08741 0.824462 -0.0326064 0.000483842
19 21.1674 -7.26941 0.866596 -0.035172 0.000532298
20 21.5495 -6.83648 0.869322 -0.0377691 0.000606665
21 20.3264 -7.20149 0.874634 -0.0363343 0.000561426
22 20.6296 -7.16398 0.875812 -0.0363399 0.000559302
23 25.0082 -7.88497 0.944035 -0.0392052 0.000600689
24 -10.1759 -0.145825 0.250937 -0.012253 0.000222177
25 -1.13235 -1.45101 0.333506 -0.0145222 0.000244186
26 26.9062 -8.58038 1.02686 -0.0430854 0.000664817
27 25.5921 -8.26906 1.01492 -0.0436859 0.000689503
28 -3.35554 -0.498918 0.237558 -0.0108306 0.00019273
29 28.0744 -9.0569 1.06066 -0.0439349 0.000671174
30 24.8879 -8.16139 1.00323 -0.0430416 0.000678548
31 28.2865 -8.83315 1.00884 -0.0407707 0.000608167
32 178.54 -44.8999 4.06962 -0.152689 0.0021026
33 35.1078 -10.2366 1.01024 -0.03717 0.000520026
34 51.1524 -14.2528 1.39598 -0.0527833 0.000747092
35 -2.15655 -2.2341 0.403001 -0.0169613 0.000268854
36 161.526 -39.2418 3.44157 -0.124604 0.00165826
37 44.1684 -12.3144 1.19891 -0.0442188 0.000613574
38 22.538 -8.15995 0.911658 -0.0358563 0.000530022
39 -2.08062 -2.02195 0.399613 -0.0175902 0.000287519
40 62.9481 -16.6391 1.5449 -0.0561923 0.000765392
41 76.9657 -19.949 1.83966 -0.0675709 0.000926464
42 -8.34312 -1.06383 0.313225 -0.0142309 0.000243365
43 6.18353 -3.88532 0.531901 -0.0216075 0.000337549
44 3.60965 -2.99419 0.42439 -0.0164361 0.000246509
45 76.0991 -20.4028 1.9412 -0.0736957 0.0010386
46 25.455 -8.53837 0.923719 -0.0353222 0.000506201
47 20.8035 -7.48482 0.81907 -0.031258 0.000449875
48 0.574137 -2.35256 0.39181 -0.015968 0.000250868
49 69.5272 -18.0165 1.64856 -0.0594939 0.000802025
50 13.1563 -5.45452 0.688914 -0.0280262 0.000423819
51 9.38096 -4.58619 0.628567 -0.0265481 0.000416131
52 92.6032 -24.2732 2.29563 -0.08703 0.00121086
53 261.923 -63.1697 5.52772 -0.203708 0.00275882
54 14.3618 -6.19338 0.761934 -0.031132 0.000473582
55 30.4544 -9.54546 1.0185 -0.0395763 0.000576095
56 18.5563 -6.41685 0.726233 -0.0281023 0.000411615
57 25.1764 -8.37899 0.899469 -0.0344386 0.000496913
58 20.0672 -7.32845 0.817467 -0.0315216 0.000458515
59 174.104 -42.0612 3.68051 -0.133643 0.00178735
60 27.2744 -8.99819 0.981134 -0.0384709 0.000563278
61 16.2013 -6.17502 0.712565 -0.0276749 0.000407665
62 35.998 -11.0351 1.141 -0.0435257 0.000617288
63 12.7218 -5.94025 0.720367 -0.0287289 0.000429164
64 49.2215 -11.6232 1.19238 -0.0471657 0.000691605
65 46.5054 -11.2518 1.17634 -0.0472664 0.00070369
66 50.5265 -11.6119 1.19081 -0.0478544 0.000717705
67 48.5169 -11.7567 1.22562 -0.0493708 0.000735124
68 35.1421 -9.10453 1.00418 -0.0412201 0.000624713
69 54.705 -12.4225 1.23841 -0.0484013 0.000704313
70 47.2348 -10.8339 1.09028 -0.0421035 0.000605672
71 55.1417 -12.327 1.2209 -0.0473923 0.000684106
72 52.8115 -12.2934 1.24718 -0.0494625 0.000730075
73 50.5217 -11.8757 1.22358 -0.0491071 0.000734481
74 45.2451 -10.789 1.12615 -0.0452129 0.000675059
75 42.1486 -10.4519 1.09562 -0.0437067 0.000648478
76 43.7499 -10.6945 1.12807 -0.0455268 0.000682829
77 40.2315 -9.51789 0.969568 -0.0370761 0.000526825
78 50.9892 -11.5811 1.15161 -0.0444507 0.000640976
79 50.6714 -11.7545 1.19345 -0.0472414 0.000696353
80 52.7431 -12.2389 1.24185 -0.0494233 0.000734938
81 37.9257 -9.57055 1.01314 -0.040175 0.000592296
82 51.896 -11.7932 1.1756 -0.0457668 0.000665254
83 56.6362 -12.488 1.21924 -0.0468175 0.000670586
84 53.4284 -12.8176 1.20051 -0.0440198 0.00203996
85 46.2201 -10.7252 1.10604 -0.0437832 0.000642969
86 51.5947 -11.5292 1.13043 -0.0430407 0.000612809
87 42.7987 -10.2825 1.06019 -0.0413442 0.000598975
88 48.2933 -11.5328 1.18792 -0.0473995 0.000703807
89 43.5326 -10.7821 1.15213 -0.0467995 0.000703008
90 47.257 -11.647 1.21832 -0.0492607 0.00074085
91 45.1827 -10.4673 1.07011 -0.0417987 0.000606521
92 39.0351 -10.4086 1.17497 -0.0506909 0.000814476
93 48.1382 -11.8907 1.23928 -0.0497103 0.000735385
94 49.944 -11.2515 1.13028 -0.0438868 0.000636431
95 54.3804 -12.1181 1.19929 -0.0463957 0.00066965
