0 42.4282 -9.24026 0.879547 -0.0331484 0.000475648
1 37.663 -8.74768 0.862433 -0.0332875 0.000484842
2 32.8307 -7.45854 0.730933 -0.0277228 0.000400842
3 45.1066 -9.70457 0.912665 -0.0343074 0.000487807
4 39.1218 -8.52633 0.797882 -0.0292545 0.000408695
5 36.1496 -8.092 0.784494 -0.0297496 0.00042984
6 32.6842 -7.67678 0.765042 -0.029497 0.000432483
7 45.0046 -9.53532 0.891053 -0.0333613 0.000473692
8 41.0992 -8.83829 0.831769 -0.031031 0.000440682
9 36.5257 -8.17712 0.791317 -0.0299817 0.000433504
10 41.3269 -9.114 0.864076 -0.032472 0.000463434
11 29.5599 -7.28862 0.738836 -0.0285409 0.000416742
12 28.4993 -6.89258 0.69202 -0.026312 0.000379041
13 41.2436 -9.21833 0.880893 -0.0334162 0.000479507
14 30.0034 -7.16374 0.704644 -0.0263197 0.000372669
15 32.8551 -7.58261 0.741127 -0.0279771 0.000401247
16 48.9485 -10.6343 1.00186 -0.0381922 0.000550992
17 51.9905 -10.9249 1.0049 -0.0375748 0.000531098
18 37.0282 -8.56019 0.823807 -0.0309364 0.000439472
19 24.1785 -6.21757 0.642706 -0.0246325 0.000357395
20 29.0373 -7.20917 0.727377 -0.0278638 0.000403878
21 36.6854 -8.43165 0.823933 -0.0314946 0.000454732
22 55.1437 -11.3482 1.02037 -0.0373221 0.000516393
23 41.487 -9.23163 0.877418 -0.0329632 0.00046918
24 40.8499 -9.06073 0.851122 -0.031503 0.000441735
25 47.4192 -10.1345 0.925907 -0.0338147 0.000466454
26 41.9525 -9.19455 0.855787 -0.0313618 0.000434357
27 40.0962 -9.1118 0.869906 -0.0326936 0.000462953
28 34.2272 -8.26881 0.818122 -0.0312879 0.000449882
29 47.267 -10.5088 0.993669 -0.037587 0.000533972
30 41.0976 -9.19635 0.870978 -0.0325794 0.000457961
31 41.2486 -9.62003 0.94499 -0.0368665 0.00053873
32 34.7669 -7.7572 0.764476 -0.0294527 0.000434157
33 46.7659 -10.1503 0.967413 -0.0371205 0.000540442
34 39.7404 -8.80101 0.854398 -0.0328536 0.000478711
35 45.2942 -9.63348 0.906649 -0.0343116 0.000493887
36 41.5408 -9.18425 0.891511 -0.0344367 0.000504448
37 35.853 -8.24585 0.820874 -0.0320377 0.000474761
38 39.5918 -8.86666 0.873103 -0.0339992 0.000500184
39 28.7014 -6.8069 0.686667 -0.0264669 0.000388371
40 46.9406 -9.79558 0.915499 -0.034489 0.000494891
41 44.4116 -9.59465 0.907816 -0.0344154 0.000496162
42 39.5852 -8.53477 0.816084 -0.0309096 0.000446415
43 42.5939 -9.34502 0.898961 -0.0344271 0.000499636
44 51.5627 -10.706 0.998404 -0.038041 0.000550979
45 32.9454 -7.69782 0.763547 -0.0292555 0.000425429
46 38.3663 -8.59891 0.828455 -0.0314124 0.000450853
47 31.7216 -7.42034 0.73753 -0.0283386 0.000414149
48 42.0971 -9.15704 0.863821 -0.0323295 0.000459138
49 42.8696 -9.24897 0.877122 -0.0333482 0.000482602
50 43.2837 -9.29139 0.874141 -0.032825 0.000467165
51 43.6575 -9.45583 0.888323 -0.0332926 0.000472429
52 39.6454 -9.21645 0.897819 -0.0344337 0.000497236
53 38.2636 -8.73593 0.845285 -0.0321189 0.00046245
54 36.1632 -8.21523 0.797503 -0.0302408 0.000434426
55 35.5099 -8.20608 0.809152 -0.0310465 0.000449859
56 54.7147 -11.3231 1.02887 -0.0380783 0.000532788
57 32.337 -7.92951 0.790424 -0.0302069 0.000435795
58 40.1926 -9.30267 0.900564 -0.0343023 0.000493971
59 49.4789 -10.7189 0.993321 -0.0368925 0.000515769
60 47.1645 -10.6209 1.00565 -0.0380738 0.000540903
61 41.7833 -9.39797 0.895942 -0.0337577 0.000480696
62 39.0156 -9.01436 0.873574 -0.0332024 0.000474645
63 47.3654 -10.4229 0.993446 -0.0381471 0.000550938
64 56.6763 -11.7356 1.08222 -0.0411862 0.000596253
65 44.7706 -9.57218 0.90141 -0.0342279 0.000497465
66 61.3037 -12.4497 1.12451 -0.042054 0.000595581
67 45.4575 -9.60118 0.893168 -0.0334197 0.000475388
68 60.6017 -12.236 1.11417 -0.0422027 0.000608492
69 66.8628 -13.0461 1.14776 -0.0422029 0.000590296
70 26.9192 -6.63004 0.679796 -0.0264339 0.000391466
71 48.9323 -10.1184 0.940042 -0.0355297 0.000511288
72 65.9302 -13.1058 1.16576 -0.0431427 0.000605623
73 55.7733 -11.4187 1.04188 -0.0391495 0.000560216
74 48.1933 -10.1562 0.949291 -0.0359325 0.000517833
75 53.6949 -11.0679 1.01513 -0.0382045 0.000546054
76 50.3747 -10.3366 0.947006 -0.0352816 0.000500284
77 46.9533 -9.93162 0.917467 -0.0342177 0.00048536
78 47.0131 -10.0836 0.944304 -0.0357166 0.000513356
79 48.8729 -10.3558 0.965848 -0.0365089 0.000522874
80 51.2208 -10.841 1.00619 -0.0380257 0.000545651
81 53.4405 -11.102 1.01311 -0.0377963 0.000534728
82 48.7253 -10.5115 0.976178 -0.0366204 0.000520148
83 59.2882 -11.9808 1.07545 -0.0398051 0.000557782
84 60.0962 -12.4224 1.121 -0.041738 0.000586863
85 40.3019 -9.03049 0.870851 -0.0333266 0.000483469
86 49.6705 -10.4719 0.968994 -0.0363627 0.000517477
87 57.9388 -12.0787 1.11008 -0.041891 0.000597116
88 44.5132 -9.9528 0.954762 -0.0366076 0.000529982
89 66.1339 -13.6513 1.23928 -0.0465191 0.000657163
90 41.9548 -9.37121 0.898327 -0.0341791 0.000492168
91 47.3967 -10.3037 0.971255 -0.036779 0.000525395
92 53.0724 -11.1847 1.0355 -0.0390236 0.000555825
93 48.0602 -10.715 1.02305 -0.0394011 0.000572226
94 44.7323 -9.71666 0.919844 -0.0349217 0.000501704
95 52.0405 -10.9764 1.02265 -0.0388333 0.000557304
