0 30.0623 -9.324 1.12452 -0.0495166 0.000825198
1 47.9191 -11.5953 1.19275 -0.0461603 0.000676553
2 60.1226 -13.3277 1.28941 -0.0481385 0.000683821
3 40.8797 -10.2658 1.0794 -0.0419933 0.000620518
4 55.0601 -12.1015 1.13931 -0.0401821 0.000534161
5 61.1704 -13.4881 1.29269 -0.0479176 0.000676287
6 48.17 -12.0567 1.28103 -0.0523805 0.000820009
7 55.7781 -12.3552 1.18256 -0.0428998 0.000586741
8 47.8006 -11.1107 1.09714 -0.0400468 0.000552366
9 42.8698 -10.2743 1.03893 -0.0387044 0.000547923
10 46.3847 -10.6817 1.04115 -0.0369094 0.000492253
11 60.1724 -13.3723 1.28934 -0.0479542 0.000677436
12 56.688 -12.1826 1.10969 -0.0370801 0.00045481
13 52.7109 -12.0769 1.17946 -0.0439373 0.00062645
14 40.8166 -10.1498 1.04115 -0.0394509 0.000572763
15 39.144 -9.55903 0.957566 -0.03484 0.000484537
16 45.744 -11.3593 1.20079 -0.0494705 0.00079813
17 56.4261 -12.261 1.14152 -0.0403185 0.000541698
18 41.676 -10.3042 1.05222 -0.040442 0.000603005
19 49.905 -11.9872 1.21056 -0.0468012 0.000694336
20 55.2701 -12.3003 1.15611 -0.0409983 0.000549724
21 52.4285 -11.3459 1.03662 -0.0345577 0.000425605
22 50.0881 -12.0314 1.21559 -0.0471794 0.000705373
23 50.511 -11.7327 1.13085 -0.0406304 0.000549081
24 68.437 -14.9299 1.42398 -0.0542178 0.000793908
25 55.3902 -11.7514 1.03807 -0.0329849 0.000374744
26 48.7294 -11.3319 1.12393 -0.0425558 0.000626724
27 50.6663 -11.3871 1.08094 -0.0382369 0.000507648
28 59.8292 -12.6567 1.15415 -0.040112 0.00052759
29 43.5947 -10.7547 1.12542 -0.0451909 0.000704352
30 54.6426 -12.2529 1.19093 -0.0449434 0.000658847
31 50.9667 -12.0185 1.20377 -0.0463504 0.000677278
32 51.2063 -13.9646 1.37774 -0.0509918 0.000701297
33 33.5677 -10.1922 1.11692 -0.0439004 0.000645234
34 37.5266 -11.5085 1.28216 -0.0529954 0.00081976
35 32.2169 -8.7818 0.945877 -0.0362858 0.000526364
36 29.8951 -8.94976 0.975336 -0.03765 0.00054411
37 34.0149 -9.26766 0.987709 -0.0378774 0.000548118
38 24.4796 -6.99344 0.761736 -0.0274768 0.000371161
39 26.1894 -7.18845 0.759776 -0.0269275 0.000360317
40 31.897 -8.81328 0.957652 -0.0374899 0.000555601
41 33.241 -9.30288 1.03122 -0.0420883 0.000653586
42 35.0106 -10.8646 1.22779 -0.0511769 0.000796796
43 40.4358 -12.4419 1.37735 -0.0571615 0.000880894
44 37.3036 -9.57373 0.983578 -0.0363288 0.000503045
45 29.3442 -8.49058 0.936038 -0.0370657 0.000561237
46 35.707 -10.3838 1.08295 -0.040733 0.000569047
47 35.5092 -10.4882 1.11633 -0.043067 0.000613695
48 50.5988 -13.7344 1.35767 -0.0512124 0.000729077
49 40.2336 -11.1194 1.12091 -0.0416392 0.000580574
50 33.4881 -9.2646 0.993876 -0.0384199 0.00055712
51 40.294 -9.98719 1.00104 -0.0365016 0.000503624
52 96.9432 -24.6347 2.25234 -0.081718 0.00108881
53 31.5426 -8.54306 0.921575 -0.0361354 0.000546979
54 30.3278 -7.89388 0.815039 -0.0295262 0.00040977
55 26.652 -7.87946 0.893981 -0.0365231 0.00058056
56 83.8809 -23.0434 2.30238 -0.0930346 0.00140921
57 28.2459 -8.32175 0.900541 -0.0342857 0.000495785
58 27.8659 -7.74178 0.820747 -0.0303234 0.000429306
59 34.9063 -10.0333 1.02511 -0.0370079 0.000491966
60 28.4351 -8.10322 0.881478 -0.0343335 0.000517355
61 28.0329 -7.62226 0.794519 -0.0284288 0.000386029
62 32.2053 -7.40481 0.672934 -0.0196668 0.000204399
63 46.4175 -13.1907 1.36154 -0.0533995 0.000784893
64 40.1956 -12.6952 1.45645 -0.063782 0.00105456
65 34.4499 -10.6249 1.1913 -0.0495912 0.000789104
66 74.2806 -21.9833 2.3445 -0.100098 0.00158803
67 39.6416 -12.0576 1.31829 -0.0541446 0.000837668
68 32.134 -7.79676 0.770743 -0.0259341 0.000330846
69 30.9183 -8.40197 0.89298 -0.0337037 0.000486601
70 39.7816 -12.3416 1.3873 -0.0587856 0.000931515
71 36.2077 -9.99383 1.10251 -0.0446726 0.000686652
72 112.751 -30.9827 3.07569 -0.125304 0.00190613
73 29.6257 -8.91188 0.979609 -0.0389281 0.000596401
74 90.8781 -26.1894 2.70286 -0.112518 0.00174031
75 24.2518 -6.8373 0.734357 -0.0268416 0.000380688
76 53.8523 -16.7389 1.86885 -0.0814369 0.00131799
77 27.4206 -6.41572 0.590013 -0.0162604 0.000144203
78 33.3375 -7.51416 0.666949 -0.018034 0.00015253
79 74.0189 -20.7236 2.09883 -0.0842664 0.00125827
80 28.0483 -7.33876 0.773563 -0.028904 0.00042758
81 21.4197 -5.16177 0.459337 -0.0103594 5.48166e-05
82 64.5175 -18.7596 1.94127 -0.0785198 0.00117872
83 34.6992 -8.50792 0.841644 -0.0297093 0.000407894
84 20.2727 -5.21113 0.504184 -0.0148629 0.00017971
85 63.6758 -18.543 1.9481 -0.0808717 0.00125599
86 26.943 -6.68434 0.632973 -0.0182229 0.000176529
87 24.8187 -7.00959 0.742788 -0.0263167 0.00035158
88 15.5832 -3.0437 0.146684 0.00904616 -0.000351225
89 22.8621 -6.40249 0.673511 -0.0231458 0.000306762
90 19.8242 -4.88257 0.414249 -0.00673684 -3.64211e-05
91 56.2554 -16.4534 1.71464 -0.0686589 0.00101934
92 25.7106 -7.38806 0.763396 -0.0259476 0.00032707
93 89.7695 -25.0753 2.51312 -0.10165 0.00153585
94 19.1079 -4.72306 0.426965 -0.00889425 2.45824e-05
95 51.851 -15.7338 1.70694 -0.0712153 0.00110184
