0 29.9333 -7.45238 0.818139 -0.0321567 0.000474227
1 23.6945 -7.23076 0.85323 -0.0350585 0.000533042
2 26.4011 -7.29922 0.843545 -0.0345904 0.000529298
3 29.6703 -8.43461 0.975788 -0.0408609 0.000632749
4 36.1475 -9.19341 0.994384 -0.0398606 0.000596777
5 28.6195 -7.41969 0.814201 -0.0318985 0.000470909
6 26.2677 -8.10195 0.94035 -0.0388693 0.000593372
7 39.6355 -9.64661 1.02083 -0.0405751 0.000602578
8 29.631 -8.2662 0.933869 -0.0380707 0.000577239
9 38.2814 -9.55045 1.02415 -0.0409757 0.000610007
10 27.0237 -7.47019 0.853652 -0.0347455 0.000528137
11 29.0285 -7.87578 0.888181 -0.035904 0.000540351
12 32.1411 -8.89892 0.997285 -0.0408477 0.000619655
13 24.7499 -7.4349 0.85835 -0.0348516 0.000528196
14 24.9199 -7.39956 0.848871 -0.0341371 0.000511586
15 25.4078 -7.06596 0.804315 -0.0323734 0.00048632
16 38.0583 -9.79696 1.05442 -0.0423281 0.000631164
17 36.8942 -9.60456 1.03593 -0.0415423 0.000620306
18 32.0871 -8.61577 0.946574 -0.0380076 0.000569934
19 44.5646 -10.8549 1.11908 -0.0437363 0.000636757
20 25.0154 -7.43295 0.853297 -0.0344862 0.000518624
21 41.9565 -10.2176 1.07274 -0.0426373 0.000632267
22 28.2276 -7.84724 0.880905 -0.0354797 0.000533142
23 27.3151 -7.48107 0.833177 -0.0328764 0.000483004
24 29.0138 -7.64424 0.832975 -0.0323761 0.000473158
25 33.4812 -8.53362 0.917103 -0.0358938 0.000523091
26 32.9755 -8.62173 0.937784 -0.0373575 0.000554501
27 37.8942 -9.30102 0.987093 -0.039329 0.000587406
28 44.812 -10.623 1.08418 -0.0420358 0.000607506
29 33.9879 -9.37124 1.03225 -0.0417809 0.000625905
30 34.8257 -8.554 0.913771 -0.0358903 0.00052816
31 38.7149 -10.0291 1.09143 -0.0445037 0.000668725
32 78.1854 -15.9251 1.47353 -0.055357 0.000779464
33 60.8238 -13.2417 1.28917 -0.0497262 0.000717137
34 62.1673 -13.4746 1.30622 -0.0503844 0.000729809
35 62.9675 -13.5696 1.30976 -0.0503338 0.000725126
36 76.2408 -15.5782 1.44292 -0.054237 0.000766591
37 79.0918 -15.8039 1.44224 -0.0536426 0.000751088
38 61.3567 -13.4633 1.33147 -0.0525633 0.000778617
39 60.4023 -13.2908 1.31149 -0.051667 0.000760912
40 66.414 -14.0045 1.3249 -0.0502378 0.000717996
41 71.6173 -15.3223 1.45873 -0.0560232 0.000805001
42 62.9786 -13.4491 1.29315 -0.0498447 0.000721088
43 65.8152 -13.8304 1.31296 -0.0499384 0.000712019
44 70.4485 -14.5803 1.36432 -0.0515158 0.000731156
45 64.147 -13.4488 1.26475 -0.0474296 0.000669574
46 70.2511 -14.5984 1.36537 -0.0516566 0.00073505
47 64.6614 -13.9264 1.34081 -0.0517356 0.000745686
48 72.2052 -15.1259 1.42396 -0.054292 0.000776537
49 74.0073 -15.2111 1.41003 -0.0529483 0.000746173
50 66.8968 -14.5055 1.40138 -0.0542437 0.000785299
51 68.5087 -14.6922 1.40507 -0.0542366 0.00078373
52 67.4179 -14.302 1.35412 -0.0515519 0.000736739
53 59.2498 -12.4691 1.18319 -0.0446237 0.000633603
54 68.5641 -14.5645 1.37672 -0.0522464 0.000743599
55 60.6791 -13.1116 1.27085 -0.0490649 0.000709528
56 71.0079 -14.6687 1.35276 -0.0501515 0.00069908
57 70.7995 -15.0039 1.42355 -0.0545082 0.000781615
58 65.8426 -14.1541 1.35356 -0.0517559 0.000740315
59 71.5849 -15.0253 1.41199 -0.0534081 0.000756096
60 64.8446 -14.23 1.36062 -0.051801 0.000737569
61 67.0863 -14.4155 1.37088 -0.0521352 0.000740681
62 77.7795 -16.516 1.56046 -0.0599155 0.000861026
63 63.4861 -13.8258 1.32536 -0.0503668 0.000715769
64 43.9766 -10.4744 1.08537 -0.0428681 0.000634101
65 36.505 -9.52145 1.04084 -0.0422394 0.000636802
66 27.8992 -7.65974 0.870579 -0.0352747 0.000533294
67 43.2761 -10.2736 1.06875 -0.0422882 0.000624278
68 27.2272 -7.6656 0.874087 -0.0354675 0.000533892
69 32.4615 -8.69247 0.971693 -0.0399351 0.000612477
70 32.4666 -8.36523 0.910061 -0.0361291 0.000535346
71 35.7668 -8.63251 0.924887 -0.0366594 0.000542032
72 35.5691 -9.17929 0.996778 -0.0401608 0.000604142
73 25.7184 -7.23366 0.826627 -0.0334347 0.000506123
74 49.6542 -10.923 1.081 -0.0412641 0.000593291
75 24.9708 -7.45203 0.858997 -0.0350802 0.000534492
76 32.8795 -8.52367 0.929693 -0.0371276 0.000553782
77 38.8184 -9.78475 1.0382 -0.0414476 0.000616187
78 36.0416 -8.83593 0.941184 -0.0372623 0.000553284
79 24.9953 -7.65134 0.887835 -0.0363891 0.000552971
80 39.2008 -9.85984 1.04909 -0.0416993 0.00061744
81 34.4028 -8.80922 0.93474 -0.0364055 0.000531987
82 35.442 -8.67023 0.916611 -0.0359687 0.00053033
83 32.3116 -8.20305 0.894935 -0.035791 0.0005363
84 46.5146 -11.0123 1.12251 -0.0437456 0.000636788
85 50.6438 -11.329 1.12172 -0.0426285 0.00060636
86 27.4407 -7.28947 0.80822 -0.0315874 0.000461783
87 29.6837 -8.05012 0.89845 -0.0361858 0.00054372
88 40.3215 -10.054 1.04729 -0.0408135 0.000592627
89 46.4535 -11.0171 1.13336 -0.044463 0.000651129
90 44.7451 -10.6349 1.09735 -0.0430798 0.000632327
91 36.3101 -8.52341 0.887875 -0.0339924 0.00048605
92 29.1026 -7.52335 0.81656 -0.031534 0.000455232
93 36.0324 -9.21532 1.00451 -0.040489 0.000606748
94 49.7686 -11.2054 1.11995 -0.0428124 0.000610841
95 54.3217 -12.5142 1.26973 -0.050398 0.000744727
