0 154.522 -33.7669 2.64844 -0.0872532 0.00107352
1 95.0139 -21.2398 1.70375 -0.0564254 0.00070337
2 83.2022 -18.6873 1.50588 -0.0499012 0.000627499
3 110.723 -24.5395 1.94796 -0.0643484 0.000800022
4 103.429 -22.786 1.80302 -0.0591827 0.000731468
5 102.176 -21.8478 1.68051 -0.0536601 0.000650138
6 104.735 -22.9043 1.79079 -0.0579942 0.000708697
7 82.8556 -18.3481 1.46847 -0.0483668 0.000603171
8 115.308 -25.0303 1.94428 -0.0628193 0.000764061
9 81.5654 -18.3542 1.48097 -0.0490457 0.000614288
10 58.8665 -13.6277 1.13125 -0.0378269 0.000483591
11 100.627 -22.286 1.77464 -0.0585699 0.000728062
12 106.408 -23.9781 1.93921 -0.0651913 0.000823299
13 103.576 -22.5215 1.75577 -0.0568187 0.000694508
14 111.872 -24.3683 1.90769 -0.0622263 0.000765527
15 63.1451 -14.7826 1.24758 -0.0427113 0.00055463
16 106.099 -23.4319 1.85097 -0.0606889 0.000749802
17 111.697 -23.9846 1.84664 -0.0592021 0.000715331
18 111.648 -23.622 1.7924 -0.0565874 0.000677111
19 102.959 -22.9817 1.83828 -0.0608317 0.000755482
20 88.1653 -19.8865 1.61052 -0.05373 0.000675482
21 125.022 -26.777 2.03813 -0.0647664 0.00077451
22 114.429 -24.7917 1.93653 -0.0631223 0.000774764
23 97.85 -21.2765 1.65083 -0.0528865 0.000640726
24 115.58 -25.5569 2.0375 -0.067729 0.00084379
25 111.262 -24.2507 1.90285 -0.0622173 0.000766542
26 73.6829 -17.3561 1.46879 -0.0507402 0.000658113
27 88.9439 -19.776 1.57935 -0.0520557 0.000647726
28 119.785 -26.9093 2.17035 -0.0729428 0.000916225
29 91.9475 -21.2039 1.76188 -0.0604871 0.000781192
30 108.941 -24.861 2.0414 -0.069741 0.000893681
31 106.567 -22.6472 1.7334 -0.0552352 0.000667037
32 33.6582 -7.66774 0.770991 -0.0301505 0.000449349
33 37.2558 -8.35343 0.833713 -0.0327246 0.000487868
34 19.9854 -5.11196 0.561172 -0.0225074 0.000349305
35 22.147 -5.13795 0.540789 -0.0210423 0.000317125
36 34.0692 -7.58116 0.748153 -0.0287017 0.000422277
37 26.1103 -6.05981 0.624347 -0.0242409 0.00036295
38 39.6011 -7.93763 0.750649 -0.0284234 0.000416019
39 27.9934 -6.32598 0.637371 -0.0243187 0.000356454
40 33.9657 -7.4618 0.728205 -0.0276525 0.000403149
41 34.727 -7.79041 0.763535 -0.0290566 0.000421119
42 39.0918 -8.22646 0.782795 -0.0295624 0.000428542
43 36.0214 -7.82483 0.759142 -0.028898 0.000418675
44 42.1276 -9.38061 0.904132 -0.0345662 0.000501811
45 33.239 -7.49818 0.746614 -0.0288664 0.000427246
46 35.5572 -7.6076 0.728741 -0.0274783 0.000397596
47 31.788 -7.30514 0.718313 -0.0270888 0.000387968
48 40.0247 -8.87785 0.861325 -0.0332397 0.000488062
49 34.6125 -7.88741 0.775438 -0.0296278 0.000432745
50 39.0666 -8.88107 0.878044 -0.0343172 0.000510618
51 45.9547 -10.1957 0.984548 -0.0382786 0.000563183
52 28.3426 -6.60013 0.662042 -0.0250399 0.000362494
53 38.0132 -8.44702 0.821108 -0.0314087 0.000455507
54 41.7584 -9.11533 0.870524 -0.032996 0.000474119
55 43.9408 -9.49168 0.908177 -0.0347889 0.000506429
56 31.8297 -7.26272 0.716133 -0.0272033 0.000396218
57 28.9664 -6.93631 0.707203 -0.0274088 0.000405128
58 33.5161 -7.79605 0.770936 -0.0293372 0.000423214
59 22.3439 -5.72347 0.601964 -0.0232049 0.000340545
60 25.0077 -5.94339 0.609838 -0.0235095 0.000348385
61 32.7753 -7.48239 0.732997 -0.0277211 0.00039955
62 33.4549 -7.41588 0.723613 -0.0274267 0.000397043
63 43.4936 -9.65823 0.922578 -0.0350762 0.00050211
64 22.2933 -5.19374 0.533801 -0.0201199 0.000295291
65 25.8765 -5.99626 0.609926 -0.0232329 0.00033976
66 23.7189 -5.66353 0.584506 -0.0223487 0.000328818
67 23.0448 -5.56795 0.582932 -0.02257 0.000337129
68 39.1226 -8.39916 0.804145 -0.0304122 0.000442328
69 21.0763 -5.0698 0.527644 -0.0199629 0.000295414
70 17.8824 -4.74977 0.517024 -0.0200058 0.000299266
71 34.3082 -7.72363 0.762323 -0.0290292 0.000422274
72 14.3243 -4.10135 0.456399 -0.0174393 0.000260845
73 23.6602 -5.56731 0.567666 -0.0214672 0.000316593
74 22.908 -5.32685 0.542782 -0.0203828 0.000296083
75 26.6093 -6.29355 0.639429 -0.0243317 0.000356455
76 40.2641 -8.75567 0.838995 -0.0317063 0.000457381
77 25.7763 -6.38818 0.648641 -0.0246742 0.000359995
78 24.5501 -5.82507 0.58938 -0.0222089 0.000322429
79 18.2941 -5.0017 0.542922 -0.0210936 0.000315751
80 33.2966 -7.66392 0.747609 -0.0282881 0.000408694
81 24.9723 -6.41665 0.66234 -0.0253326 0.000370008
82 35.322 -7.91038 0.759342 -0.028325 0.000405132
83 29.7466 -7.03449 0.698668 -0.0264957 0.00038546
84 22.7523 -5.55807 0.56998 -0.0216308 0.000316726
85 34.0449 -7.76385 0.761381 -0.0288721 0.000416723
86 38.4729 -8.64847 0.844934 -0.0325016 0.00047714
87 22.3137 -6.2084 0.666649 -0.0261623 0.000387596
88 34.8245 -8.16076 0.806389 -0.0306992 0.000444376
89 30.2815 -7.37847 0.743367 -0.028194 0.000405597
90 29.1961 -7.3393 0.754224 -0.029384 0.000433038
91 25.4869 -6.3087 0.649567 -0.0249195 0.000363746
92 17.6575 -4.54567 0.491258 -0.01878 0.000281587
93 26.9391 -6.32369 0.63798 -0.0241416 0.000350075
94 23.1768 -5.72375 0.596687 -0.0229072 0.000338464
95 25.1013 -6.25719 0.651076 -0.0252402 0.00037339
