0 38.4447 -10.4285 1.03538 -0.0397263 0.000573723
1 21.896 -6.27904 0.655368 -0.0249047 0.000362942
2 24.0755 -6.90369 0.733146 -0.0286753 0.000424594
3 16.8999 -5.44176 0.590023 -0.0227213 0.000338927
4 15.9013 -4.55073 0.501636 -0.0191704 0.000284637
5 23.9548 -6.76031 0.725944 -0.0286408 0.00042628
6 22.9919 -6.61008 0.721405 -0.0288222 0.000433923
7 27.0253 -7.57451 0.744569 -0.0273801 0.000385417
8 25.056 -7.08226 0.745644 -0.0289431 0.000424928
9 24.2638 -6.79754 0.714268 -0.0276208 0.000405084
10 26.9926 -6.89374 0.714233 -0.0275768 0.000405065
11 23.7356 -6.86226 0.740104 -0.0294295 0.000440596
12 13.8925 -4.57933 0.53987 -0.0218278 0.000337881
13 23.6316 -6.67858 0.712719 -0.0279375 0.000412417
14 21.589 -6.37883 0.686317 -0.0269686 0.000402835
15 23.4994 -6.77968 0.699857 -0.0264567 0.000379943
16 9.42699 -3.49269 0.421889 -0.0162719 0.000246573
17 24.0168 -6.82849 0.718468 -0.0277939 0.00040596
18 31.3303 -8.72145 0.875836 -0.033334 0.000477808
19 6.80708 -2.47973 0.328582 -0.0129814 0.00020301
20 20.9021 -6.15652 0.633771 -0.0236134 0.000337528
21 33.338 -9.11161 0.888714 -0.032895 0.000456346
22 16.6504 -5.07876 0.551759 -0.0210138 0.000306871
23 9.36191 -3.68037 0.445929 -0.0175208 0.000265708
24 24.576 -7.30025 0.741895 -0.0277817 0.000395086
25 17.6317 -5.44876 0.570642 -0.0210032 0.000296628
26 24.1314 -6.85344 0.741723 -0.0295202 0.000442302
27 9.12848 -3.47195 0.438453 -0.0178198 0.000278296
28 27.8683 -7.95999 0.837619 -0.0329034 0.000481337
29 34.3707 -9.38722 0.929077 -0.0350685 0.000496905
30 11.0228 -3.95324 0.452586 -0.0172008 0.000253656
31 12.5355 -4.28849 0.513894 -0.0207456 0.000317088
32 24.352 -6.91876 0.732746 -0.0286652 0.000421546
33 7.46387 -2.77407 0.34255 -0.0132159 0.000201703
34 23.3392 -6.60774 0.700733 -0.0273341 0.000401786
35 13.7364 -4.34007 0.499388 -0.019791 0.000300387
36 21.7482 -5.73972 0.604898 -0.0232218 0.00033955
37 16.9458 -5.17479 0.565269 -0.0218896 0.000322138
38 31.2143 -7.45325 0.758684 -0.0295669 0.000436085
39 19.5124 -5.50396 0.598093 -0.02351 0.000350651
40 19.5134 -5.27677 0.581485 -0.0232381 0.000354298
41 18.0378 -4.7453 0.469245 -0.0164072 0.000226962
42 11.5273 -3.73566 0.446339 -0.0178609 0.000275264
43 4.24785 -1.82175 0.266718 -0.0107302 0.000172093
44 7.90667 -3.00793 0.371125 -0.0144389 0.000220903
45 4.90742 -2.15414 0.297118 -0.0118158 0.000187264
46 1.41153 -1.31774 0.220554 -0.00882874 0.00014485
47 23.0785 -6.07575 0.650366 -0.0258199 0.000387747
48 16.8567 -5.0044 0.551888 -0.0215234 0.000319892
49 25.9928 -6.83071 0.714535 -0.0278884 0.000411806
50 -2.80518 -0.710661 0.182917 -0.00767768 0.000128853
51 12.6746 -3.91922 0.456917 -0.0180869 0.00027485
52 23.0554 -6.3484 0.668799 -0.0258547 0.000375205
53 -0.384734 -1.22102 0.22338 -0.00912263 0.000149849
54 0.374203 -0.999489 0.193023 -0.00780432 0.000130347
55 8.47436 -3.06603 0.360876 -0.0135726 0.000202966
56 18.8847 -5.67096 0.605652 -0.0231664 0.000335981
57 22.0178 -5.98816 0.635404 -0.0245614 0.000359393
58 18.2394 -5.2131 0.579182 -0.0230893 0.000349774
59 -2.48204 -0.69826 0.181362 -0.00766023 0.00012945
60 21.3238 -5.91941 0.636186 -0.025056 0.000373065
61 26.9805 -7.07407 0.733452 -0.0284487 0.000414121
62 26.6812 -7.47367 0.765182 -0.0293476 0.00042276
63 12.694 -4.05185 0.481587 -0.0195276 0.000301363
64 29.9918 -7.19486 0.717991 -0.0275721 0.000404234
65 37.8437 -8.56709 0.819571 -0.0307839 0.000438813
66 39.1539 -8.69992 0.837093 -0.0320136 0.000466363
67 32.4906 -7.38891 0.725039 -0.0277429 0.000405637
68 40.6857 -8.9565 0.84656 -0.0316942 0.000451164
69 44.6577 -9.47179 0.882754 -0.0332659 0.000476928
70 28.4927 -6.65582 0.667119 -0.0255859 0.000375743
71 43.4271 -9.48073 0.912347 -0.0354434 0.000523561
72 40.7848 -9.16762 0.86632 -0.0323946 0.000459808
73 29.3986 -6.75559 0.662717 -0.0249264 0.000358876
74 33.5287 -7.49161 0.707043 -0.0258368 0.0003626
75 40.9979 -8.98817 0.847161 -0.0317009 0.000450709
76 41.0598 -9.0331 0.865687 -0.033199 0.000485294
77 31.628 -7.30681 0.711228 -0.0268398 0.000387043
78 48.6386 -9.96615 0.90494 -0.033275 0.000466046
79 36.6213 -8.17438 0.780601 -0.029198 0.000413872
80 46.0974 -9.95432 0.915849 -0.0338123 0.000474118
81 40.1635 -8.69983 0.798087 -0.0287906 0.000395641
82 51.9438 -10.8195 0.982041 -0.0362557 0.000507536
83 45.5148 -9.9892 0.938442 -0.0353525 0.000504456
84 33.6579 -7.6921 0.742036 -0.0278436 0.000398108
85 30.9923 -7.21743 0.709743 -0.0267232 0.000382515
86 31.3544 -7.45985 0.738799 -0.0281168 0.000406306
87 54.3947 -11.6835 1.09096 -0.0417015 0.000601366
88 37.001 -8.25995 0.786727 -0.0293246 0.000415722
89 38.1146 -9.00956 0.875878 -0.0332276 0.000473215
90 41.8234 -9.47992 0.90647 -0.0344242 0.00049418
91 39.7876 -9.04987 0.878008 -0.0336939 0.000487687
92 33.8685 -8.10027 0.801771 -0.0308344 0.000447721
93 45.044 -10.2679 0.980732 -0.0373464 0.000534888
94 34.1399 -7.89061 0.781445 -0.0302035 0.000443025
95 40.6219 -9.19624 0.891649 -0.0344186 0.000502351
