0 18.8619 -5.27982 0.552698 -0.020682 0.000297961
1 20.0439 -5.20729 0.553705 -0.0211534 0.000308485
2 23.1758 -6.37296 0.667382 -0.0255581 0.000369555
3 26.174 -7.10547 0.717269 -0.0269189 0.000380303
4 22.1233 -5.70274 0.593508 -0.0226076 0.00032882
5 22.2825 -6.02634 0.625244 -0.0237024 0.000342487
6 26.1737 -7.12938 0.731084 -0.027897 0.000402199
7 18.9976 -4.65951 0.484873 -0.0180507 0.000259808
8 27.2694 -7.26093 0.715442 -0.0263155 0.000366195
9 23.4787 -6.36671 0.651984 -0.0244974 0.000347688
10 25.9232 -6.96598 0.694157 -0.0256969 0.00036046
11 24.4642 -5.54622 0.55137 -0.020391 0.000291188
12 21.2791 -5.56648 0.586402 -0.0224053 0.000326511
13 24.2025 -6.45277 0.649174 -0.0240786 0.000338582
14 24.4681 -6.53167 0.658975 -0.0245618 0.00034609
15 29.874 -7.86943 0.765794 -0.0281725 0.000390935
16 25.5348 -6.83995 0.684456 -0.0253788 0.00035586
17 31.2564 -6.93329 0.665187 -0.0244115 0.000342049
18 29.8575 -7.83828 0.755556 -0.0275035 0.000378872
19 21.6009 -5.35646 0.550128 -0.0206431 0.000297855
20 27.1365 -7.33558 0.730154 -0.027196 0.000381246
21 25.4593 -6.03326 0.599691 -0.02211 0.000311467
22 34.0251 -8.86544 0.839576 -0.0304576 0.000416258
23 23.937 -6.4177 0.651931 -0.0243095 0.000341647
24 27.1652 -7.31033 0.737036 -0.0277121 0.000392692
25 26.5682 -6.29851 0.630268 -0.0236346 0.000339053
26 24.8914 -6.72727 0.683879 -0.0256824 0.000364694
27 34.8866 -9.19411 0.883229 -0.0323701 0.000443315
28 27.5379 -7.43992 0.736737 -0.0272715 0.000381982
29 26.698 -6.49658 0.647848 -0.0241309 0.000342115
30 24.7867 -6.65847 0.671294 -0.0249897 0.000350536
31 33.2433 -8.7355 0.838499 -0.0307681 0.00042291
32 49.5316 -10.1908 0.947798 -0.0352963 0.000500515
33 53.5213 -10.4839 0.94207 -0.034242 0.000474839
34 47.8131 -9.84271 0.914551 -0.0338751 0.000476722
35 60.1877 -11.5603 1.01203 -0.0362881 0.000496971
36 54.4685 -10.843 0.976935 -0.0356836 0.000494024
37 58.4475 -11.1444 0.976785 -0.0348939 0.000475894
38 50.6853 -10.0159 0.909951 -0.0332868 0.000466349
39 58.8507 -11.2628 0.984526 -0.0351732 0.000478718
40 54.7143 -10.9475 0.979714 -0.0355569 0.000490725
41 56.978 -11.1417 0.991829 -0.035848 0.000491754
42 57.3383 -11.0633 0.975781 -0.035086 0.000480977
43 51.1638 -10.3096 0.943374 -0.0347785 0.00048667
44 49.8749 -10.2865 0.943563 -0.0346761 0.000482902
45 51.6995 -10.3261 0.934902 -0.0342204 0.000478639
46 66.8119 -12.0134 0.994474 -0.0340405 0.000450044
47 51.2319 -10.3682 0.941504 -0.0343956 0.000476151
48 64.885 -12.6129 1.10535 -0.0399227 0.00055231
49 50.2928 -9.96494 0.899532 -0.032802 0.000459525
50 53.8317 -10.9939 1.00768 -0.0372451 0.000522633
51 54.5582 -10.8511 0.97367 -0.0354621 0.000492122
52 54.3628 -11.3305 1.03 -0.037734 0.000524046
53 56.6818 -10.9483 0.961739 -0.0343004 0.0004667
54 44.7988 -9.24708 0.848893 -0.0308942 0.000428241
55 48.3677 -9.88893 0.900326 -0.0328384 0.00045602
56 64.0763 -12.5556 1.09297 -0.0390334 0.00053098
57 60.9169 -11.9792 1.059 -0.0382844 0.000525827
58 44.8858 -9.53927 0.893852 -0.0331814 0.000468003
59 57.6789 -11.3394 0.999346 -0.0358064 0.000487181
60 46.5878 -9.84207 0.907369 -0.0332922 0.000462686
61 43.3722 -9.29779 0.856033 -0.0310505 0.000428147
62 61.6397 -12.4176 1.1095 -0.0404092 0.0005554
63 53.8064 -10.907 0.979601 -0.0356605 0.000492086
64 20.7633 -5.57709 0.572963 -0.0213823 0.000308988
65 22.3861 -5.91646 0.597656 -0.0220785 0.000313403
66 18.3274 -4.74261 0.498545 -0.0185989 0.000268889
67 28.2185 -6.06166 0.581714 -0.0211402 0.000299042
68 28.9733 -6.59285 0.637232 -0.0232818 0.000328515
69 18.0885 -4.26857 0.436346 -0.0158642 0.000226724
70 23.1487 -6.07888 0.609782 -0.0223745 0.000314867
71 18.4545 -4.67881 0.49307 -0.0183875 0.000265758
72 23.2907 -5.80487 0.584354 -0.0216557 0.000308569
73 22.5301 -5.56562 0.563399 -0.0209204 0.000299657
74 23.2152 -5.51141 0.556513 -0.0206835 0.000295872
75 22.2462 -5.21274 0.524478 -0.0194121 0.000280625
76 29.8936 -6.46721 0.61313 -0.0220439 0.000305434
77 25.9435 -5.71888 0.547615 -0.0197032 0.000275509
78 29.0026 -6.43372 0.619523 -0.022705 0.000319813
79 21.4934 -5.2498 0.53924 -0.0202605 0.000293657
80 40.8646 -10.3372 0.945248 -0.0336237 0.000450986
81 24.8404 -5.63206 0.546247 -0.0196884 0.00027514
82 23.1733 -5.48807 0.540241 -0.019508 0.000272405
83 24.0968 -6.46465 0.653942 -0.024394 0.000344125
84 32.2246 -8.31084 0.786054 -0.0283033 0.000384967
85 24.11 -5.76781 0.573392 -0.0209784 0.000294449
86 23.4911 -6.30217 0.642513 -0.0240475 0.000339983
87 23.3558 -5.26192 0.51701 -0.0186655 0.000261949
88 26.8089 -7.18986 0.715298 -0.0265094 0.000370329
89 21.9079 -5.80236 0.594493 -0.0222149 0.000315749
90 20.3673 -5.13482 0.517243 -0.0187588 0.000262171
91 21.3054 -5.57383 0.562217 -0.0206341 0.000290933
92 23.5428 -5.85415 0.577433 -0.0209569 0.000290929
93 27.0566 -6.46829 0.639126 -0.0235915 0.000333208
94 24.0967 -6.10969 0.619923 -0.0232283 0.000333766
95 29.8009 -7.18699 0.69719 -0.0256365 0.000357857
