0 26.244 -8.34847 1.01448 -0.0437365 0.00069175
1 32.0405 -8.73709 0.985741 -0.0402866 0.000605621
2 -7.21063 0.0728727 0.19238 -0.00925975 0.000168431
3 5.85661 -2.82028 0.442528 -0.0185614 0.000290831
4 29.49 -8.54507 0.985381 -0.0408874 0.000626679
5 31.3401 -9.72928 1.10654 -0.0455167 0.000686932
6 28.3909 -8.87948 0.989617 -0.0392654 0.000576735
7 33.3446 -8.91436 0.978462 -0.0391509 0.000580441
8 18.7387 -7.99078 1.28366 -0.0203258 -0.00625722
9 27.3261 -8.16296 0.956429 -0.0397343 0.000609097
10 16.9213 -5.98438 0.746362 -0.031177 0.000483987
11 29.6574 -9.1543 1.04075 -0.0423379 0.000632564
12 -0.789896 -1.56333 0.344123 -0.0152429 0.000252175
13 7.34611 -3.89257 0.564258 -0.0243295 0.000389632
14 29.1451 -8.45215 0.971349 -0.040103 0.000612487
15 29.2382 -9.064 1.02277 -0.0411907 0.000606669
16 31.2798 -9.85612 1.11501 -0.0458259 0.000695016
17 22.823 -7.64084 0.889269 -0.0359233 0.000537381
18 29.7284 -9.23385 1.05783 -0.0436056 0.000659541
19 26.8503 -8.25148 0.932233 -0.0368979 0.000535011
20 25.5696 -8.05562 0.953698 -0.0399706 0.000613021
21 22.5321 -7.5835 0.914957 -0.0384199 0.000591865
22 11.9393 -4.70422 0.614272 -0.0251973 0.000386846
23 27.5185 -8.56367 1.00223 -0.0418892 0.00064308
24 5.79873 -3.02512 0.457289 -0.0191122 0.000305353
25 20.7826 -7.03214 0.831989 -0.0338684 0.000511741
26 32.912 -10.2952 1.16333 -0.0479399 0.000724515
27 33.5877 -9.06856 1.00991 -0.0411564 0.000620422
28 22.2367 -7.46576 0.867696 -0.0354782 0.000543569
29 28.1297 -8.45129 0.995388 -0.0419288 0.000648052
30 30.9448 -9.61539 1.0961 -0.0451008 0.000679932
31 32.25 -10.0585 1.1113 -0.0447102 0.000661694
32 9.64883 -4.11057 0.59231 -0.0257024 0.000414481
33 1.91448 -2.8335 0.479114 -0.020954 0.000339033
34 12.2221 -5.06114 0.680318 -0.0289713 0.000455168
35 22.9791 -8.09419 0.920368 -0.0369754 0.000553846
36 12.3868 -5.00295 0.661093 -0.0276323 0.00042757
37 41.9464 -12.3766 1.27725 -0.0496028 0.000711351
38 26.9616 -8.62991 1.03212 -0.0441147 0.000690962
39 -0.898813 -2.23547 0.436213 -0.0197518 0.000329467
40 15.3961 -5.34165 0.666289 -0.0273821 0.00042832
41 106.577 -28.0217 2.66378 -0.102369 0.00143765
42 -19.6415 2.31234 0.0170441 -0.00321475 9.59441e-05
43 27.5611 -8.92987 1.01867 -0.0416587 0.000629623
44 26.9098 -8.94903 1.01653 -0.0417565 0.000639887
45 28.8863 -9.40692 1.08912 -0.0455497 0.000699564
46 39.0708 -11.5926 1.19163 -0.0458785 0.000657167
47 21.2814 -7.29641 0.846017 -0.0341929 0.000513731
48 0.609793 -1.42221 0.310484 -0.0136042 0.00023081
49 21.1424 -7.25465 0.878336 -0.0365507 0.000560704
50 26.8043 -8.47163 0.960757 -0.0388302 0.000578481
51 -9.7491 0.153393 0.177474 -0.00834537 0.000153491
52 3.679 -2.98669 0.464351 -0.0196171 0.000313453
53 -9.34323 0.19702 0.176325 -0.00860421 0.000164045
54 -0.92947 -1.73185 0.371751 -0.0169115 0.000288917
55 9.64393 -4.07645 0.554463 -0.0229537 0.00035705
56 50.3339 -14.2494 1.44025 -0.0561029 0.000811636
57 13.0843 -5.2576 0.644035 -0.0254354 0.00038028
58 26.4323 -8.70161 0.963088 -0.0380878 0.000560414
59 19.755 -6.70068 0.804652 -0.032877 0.000497095
60 13.8 -5.1313 0.649583 -0.0265245 0.000406761
61 20.652 -7.06652 0.78294 -0.0299813 0.00043192
62 25.9208 -8.50725 1.00817 -0.0425124 0.00066003
63 21.1636 -6.78066 0.836183 -0.0355191 0.000555593
64 39.7635 -10.4217 1.16001 -0.0489077 0.000764415
65 38.0658 -9.5803 1.04277 -0.0426059 0.000645593
66 51.4234 -12.0192 1.23856 -0.0494423 0.000734284
67 57.0011 -13.2352 1.34983 -0.0542319 0.00081024
68 50.3601 -11.7335 1.20428 -0.0480801 0.000715565
69 49.6022 -11.6204 1.1834 -0.0466676 0.000686167
70 43.7739 -10.8621 1.14486 -0.0457516 0.000677124
71 61.1946 -13.9105 1.38516 -0.0544377 0.00079671
72 35.1615 -9.31109 1.02934 -0.0422848 0.000648015
73 53.3872 -12.0965 1.21104 -0.0473523 0.000691543
74 39.2966 -9.72904 1.0301 -0.0407902 0.000601981
75 46.0269 -11.033 1.13624 -0.0449247 0.000662662
76 53.5794 -12.6938 1.30714 -0.052551 0.000782134
77 58.215 -13.129 1.28454 -0.0491993 0.000694036
78 45.1059 -10.9053 1.13076 -0.0445303 0.000646139
79 41.2396 -10.3881 1.10833 -0.0444462 0.000661579
80 51.7559 -11.7914 1.18022 -0.046045 0.000674173
81 58.6153 -13.0776 1.28625 -0.0500238 0.000729183
82 60.2835 -13.9442 1.40725 -0.0568204 0.000861038
83 50.5501 -11.6921 1.19446 -0.0475114 0.000706912
84 48.0753 -11.3297 1.15214 -0.0451107 0.000657838
85 39.5558 -10.0261 1.08651 -0.0443224 0.000671244
86 44.053 -8.93853 0.862363 -0.031831 0.000451001
87 45.1178 -10.6921 1.10624 -0.0437115 0.000642578
88 45.3511 -11.5859 1.2502 -0.0519065 0.000802545
89 51.2018 -12.3048 1.28308 -0.0521233 0.000790201
90 44.1151 -10.5549 1.0808 -0.0418355 0.000600775
91 50.1023 -12.0931 1.25195 -0.0502159 0.00074757
92 41.7126 -10.3733 1.11141 -0.045416 0.000689767
93 55.1915 -12.7308 1.29147 -0.0515495 0.000768659
94 55.289 -12.6952 1.27883 -0.0504444 0.000745543
95 47.2117 -10.7727 1.08925 -0.0422265 0.000610338
