0 42.4387 -9.03579 0.850386 -0.0318401 0.000453396
1 38.6135 -8.23406 0.786168 -0.029788 0.000431018
2 51.0523 -10.8618 1.01482 -0.0384841 0.000551057
3 34.2161 -8.01912 0.799154 -0.0309471 0.000452089
4 44.7556 -9.59291 0.904589 -0.0342469 0.00049211
5 38.3837 -8.60951 0.840737 -0.0322964 0.000469504
6 44.1088 -9.78693 0.939914 -0.0360761 0.000522358
7 42.4645 -9.44498 0.905918 -0.0346285 0.000499731
8 41.8546 -9.00257 0.848409 -0.0318179 0.000454612
9 38.4994 -8.5691 0.819675 -0.030881 0.000442445
10 45.645 -9.74298 0.914631 -0.0345893 0.000496254
11 41.4321 -9.01892 0.869248 -0.033354 0.000483837
12 43.7566 -9.60716 0.921981 -0.0356011 0.000521432
13 40.7545 -8.78207 0.827751 -0.0309923 0.000440095
14 49.6842 -10.5004 0.977644 -0.0368673 0.00052535
15 33.3209 -7.96395 0.794732 -0.0306521 0.000445334
16 33.3155 -8.07014 0.807036 -0.0312199 0.000455699
17 50.6808 -10.8256 0.999024 -0.0372356 0.000523153
18 53.6134 -11.2821 1.03726 -0.0389386 0.000551386
19 35.513 -7.98849 0.783959 -0.0303815 0.000448144
20 43.6602 -9.43753 0.884299 -0.0332541 0.000473124
21 36.5736 -8.41643 0.820359 -0.0313485 0.000453046
22 46.8393 -10.0034 0.925828 -0.0343265 0.000479938
23 28.9234 -7.19672 0.726329 -0.0279136 0.000403928
24 52.4249 -11.1081 1.01889 -0.0379136 0.000532364
25 42.1072 -9.21567 0.866543 -0.0323363 0.000456214
26 44.9095 -9.93902 0.940475 -0.0355461 0.000504989
27 41.6932 -9.34839 0.881925 -0.032988 0.000464968
28 47.5558 -10.5707 0.99954 -0.0380022 0.000543248
29 39.063 -9.09212 0.894444 -0.0347736 0.000508501
30 52.782 -11.5157 1.08057 -0.0411469 0.000588017
31 24.9176 -6.5456 0.689413 -0.0272629 0.000404863
32 71.3683 -12.711 1.0695 -0.0379231 0.000517178
33 67.0985 -13.213 1.17298 -0.0433987 0.000611217
34 66.893 -13.1386 1.16729 -0.0433395 0.000611802
35 65.9016 -12.2992 1.06994 -0.0390871 0.000547127
36 76.1521 -14.2795 1.24097 -0.0455637 0.00063693
37 72.3905 -13.0803 1.11032 -0.0398457 0.000548053
38 73.4567 -13.7137 1.18555 -0.0432331 0.000602633
39 67.5059 -13.0122 1.14857 -0.0425004 0.000599162
40 70.0171 -12.7728 1.0911 -0.0392515 0.000542541
41 79.3434 -14.7228 1.25051 -0.0450082 0.000616128
42 74.6257 -14.2381 1.23094 -0.0448657 0.000623348
43 72.9123 -13.6883 1.1721 -0.0422274 0.000579621
44 69.6199 -13.4192 1.17322 -0.0430302 0.000603448
45 68.7899 -13.1635 1.14149 -0.0413806 0.0005724
46 70.8581 -13.621 1.18516 -0.043314 0.000602367
47 67.7542 -12.7514 1.09614 -0.0394754 0.000542897
48 67.5671 -12.6969 1.08616 -0.0389912 0.000537404
49 74.6057 -13.7356 1.17073 -0.0423553 0.000587997
50 56.8002 -10.7139 0.932041 -0.0336527 0.000471549
51 72.6829 -13.864 1.19977 -0.04374 0.000607055
52 73.9492 -14.2846 1.24646 -0.0457581 0.00063974
53 60.96 -11.6901 1.09257 -0.0433902 0.000657807
54 56.929 -11.1318 1.00592 -0.0379366 0.000550115
55 73.401 -14.1391 1.22745 -0.0447418 0.000620696
56 75.6766 -14.139 1.20423 -0.0433704 0.000596213
57 81.9923 -15.7174 1.36283 -0.0501039 0.000700005
58 82.1192 -15.9361 1.38478 -0.0508389 0.000708015
59 77.6902 -15.0538 1.31231 -0.0482755 0.000673358
60 74.831 -14.3857 1.24313 -0.0450901 0.000620468
61 80.4547 -15.6135 1.34485 -0.0487191 0.000668044
62 65.4563 -12.8456 1.13482 -0.0418645 0.000586257
63 78.0513 -15.1186 1.31781 -0.0485248 0.000673898
64 41.9771 -9.37899 0.900558 -0.0344431 0.000498948
65 37.1354 -8.58817 0.842532 -0.0323936 0.000470176
66 27.3005 -6.5941 0.671643 -0.0259678 0.000381963
67 31.5757 -7.52832 0.752887 -0.0289612 0.000420523
68 29.763 -7.00566 0.69999 -0.0267947 0.000391603
69 34.3065 -7.52229 0.721638 -0.0270333 0.000387551
70 22.5596 -6.25394 0.663326 -0.0259214 0.000381035
71 44.5701 -9.54082 0.905406 -0.0345075 0.000497137
72 24.11 -6.65247 0.691901 -0.026682 0.00038836
73 42.9126 -9.02419 0.843721 -0.0316142 0.000452752
74 28.6825 -6.65016 0.655427 -0.0244966 0.000349385
75 28.5464 -6.96052 0.697862 -0.0266096 0.00038457
76 31.546 -7.38493 0.741626 -0.0287732 0.000424383
77 30.7387 -7.51382 0.754671 -0.0291585 0.000425533
78 29.7991 -7.39189 0.755679 -0.029549 0.000435511
79 34.9141 -8.30178 0.828126 -0.032193 0.000471459
80 47.5726 -10.2322 0.95228 -0.0356051 0.000502412
81 33.798 -7.94159 0.772926 -0.0290947 0.000413853
82 29.7727 -7.07598 0.698043 -0.0262903 0.000376667
83 44.2939 -9.45156 0.881356 -0.0328862 0.000463307
84 53.3219 -11.2241 1.02133 -0.0377364 0.000526494
85 26.1422 -6.5233 0.664436 -0.0254033 0.000368154
86 34.1238 -7.79515 0.76411 -0.0291077 0.000419495
87 21.306 -5.51009 0.586042 -0.0228526 0.000339058
88 31.638 -7.54409 0.74909 -0.0284812 0.00040899
89 24.0722 -6.74882 0.708571 -0.0274991 0.000399708
90 25.4251 -6.52613 0.67232 -0.025986 0.000379831
91 32.6795 -7.77985 0.767684 -0.0291739 0.000417278
92 23.6656 -6.71917 0.707239 -0.0275021 0.000399657
93 36.883 -8.77952 0.877593 -0.0342182 0.000499148
94 25.4465 -6.42061 0.662454 -0.0255929 0.000373219
95 40.858 -9.79948 0.973932 -0.0381356 0.000555691
