0 44.4383 -9.39869 0.90152 -0.0348439 0.000515792
1 44.6153 -9.23295 0.868924 -0.0330086 0.000480331
2 51.2061 -10.2439 0.940847 -0.0353771 0.000507576
3 49.2794 -10.3396 0.972637 -0.0371197 0.000539608
4 40.2313 -8.83212 0.843281 -0.031968 0.000464381
5 48.3309 -10.1016 0.938249 -0.0352852 0.000507272
6 38.2961 -8.62132 0.833234 -0.0316213 0.000457622
7 40.1067 -8.72174 0.828589 -0.031326 0.000451916
8 47.2966 -9.87124 0.918839 -0.0346228 0.000497924
9 40.8339 -8.88559 0.843856 -0.0319096 0.000462034
10 42.8137 -9.21091 0.870656 -0.0328841 0.000474413
11 47.0346 -10.0492 0.943853 -0.0356586 0.000509975
12 45.1823 -9.55113 0.88482 -0.0329098 0.000465658
13 43.6231 -9.28636 0.868731 -0.0325963 0.000466622
14 55.5507 -11.4818 1.05176 -0.0396026 0.000568409
15 40.3131 -8.73006 0.825339 -0.0307998 0.000437181
16 47.0859 -10.0087 0.924749 -0.0343093 0.000484934
17 47.8714 -10.0559 0.926922 -0.0344388 0.000486275
18 56.9647 -11.3273 1.00412 -0.0364778 0.000504363
19 38.1104 -8.12711 0.763197 -0.0282339 0.000399319
20 45.412 -9.83635 0.91701 -0.0341665 0.000481981
21 46.4701 -10.1062 0.948147 -0.0356927 0.000511201
22 50.791 -10.6238 0.974321 -0.0362316 0.000511612
23 44.7222 -9.67598 0.909875 -0.0342029 0.000487721
24 39.9874 -8.90462 0.846046 -0.0317374 0.000454569
25 45.4523 -9.60345 0.888239 -0.0329763 0.000466043
26 47.0487 -10.2131 0.961039 -0.0363267 0.000522146
27 50.1364 -10.7101 0.997731 -0.0377095 0.000539853
28 34.5249 -7.88176 0.770112 -0.0293469 0.00042833
29 44.7746 -9.49284 0.890386 -0.0335983 0.000483663
30 46.0416 -9.94608 0.940435 -0.0357306 0.000516972
31 47.2813 -10.3156 0.968264 -0.0365454 0.000523033
32 53.0378 -10.3834 0.942334 -0.0352747 0.000506245
33 43.1771 -8.39772 0.773605 -0.0291101 0.000425731
34 37.8949 -7.72931 0.740018 -0.0284585 0.000422972
35 55.1663 -11.2096 1.03253 -0.0392165 0.000564696
36 40.3072 -8.53024 0.813837 -0.0311167 0.000455646
37 48.6658 -9.36522 0.846502 -0.0315551 0.000456981
38 62.6651 -12.2221 1.09757 -0.0411894 0.000588686
39 57.2839 -11.4717 1.04226 -0.0391236 0.000557188
40 57.8451 -11.6948 1.06824 -0.0403359 0.000579027
41 46.6777 -9.49192 0.884106 -0.0336588 0.000490784
42 46.6801 -9.56392 0.885358 -0.0333181 0.000479466
43 50.0261 -10.304 0.959516 -0.0366619 0.000533357
44 57.8883 -11.6673 1.0643 -0.0401727 0.000577366
45 55.3411 -11.26 1.02398 -0.0384158 0.000549637
46 55.7802 -11.4272 1.0413 -0.0390013 0.000555033
47 47.5095 -9.76252 0.904415 -0.0340801 0.000490498
48 53.4487 -10.7405 0.971135 -0.0360766 0.000511658
49 65.5438 -12.872 1.14365 -0.0425023 0.000600603
50 45.031 -9.37115 0.871078 -0.0326929 0.000468198
51 61.0723 -12.2419 1.0959 -0.040763 0.000575317
52 60.985 -12.4026 1.12417 -0.0421886 0.000600552
53 54.6499 -11.1648 1.02216 -0.0387545 0.000558217
54 70.7463 -13.7265 1.18629 -0.0427563 0.000585662
55 54.1278 -11.0389 1.0094 -0.0378901 0.000540158
56 61.6962 -12.2754 1.08628 -0.039833 0.000555136
57 50.6505 -10.4315 0.956696 -0.0358078 0.000510645
58 44.0064 -9.40586 0.886081 -0.0334544 0.000479326
59 47.7573 -10.3183 0.974128 -0.0373176 0.000542096
60 48.6868 -10.2665 0.952794 -0.0359795 0.000516784
61 47.948 -10.0381 0.92931 -0.0349915 0.000500867
62 52.4809 -10.7287 0.986851 -0.0372748 0.000537359
63 60.7378 -12.7784 1.17852 -0.0449754 0.000646836
64 19.092 -5.31511 0.575749 -0.0224168 0.000334238
65 23.0719 -5.10251 0.510158 -0.0190509 0.000282757
66 18.6317 -5.17685 0.570272 -0.0225605 0.000341159
67 19.41 -5.37368 0.585769 -0.0232253 0.000351274
68 24.7658 -6.20359 0.644716 -0.0249796 0.000371463
69 18.0896 -4.8957 0.522244 -0.0199425 0.000294325
70 23.5208 -5.79356 0.602793 -0.0233428 0.000347955
71 8.66334 -2.91532 0.352439 -0.0136148 0.000210018
72 27.5554 -6.67356 0.668361 -0.0251762 0.000361975
73 18.7898 -4.91696 0.525698 -0.0201575 0.000299756
74 28.3759 -6.68734 0.673816 -0.0257982 0.000380456
75 6.09583 -2.25839 0.290995 -0.0111105 0.00017126
76 21.3235 -5.81711 0.620698 -0.0241153 0.000356311
77 21.7896 -5.79737 0.607915 -0.0234276 0.000343489
78 21.7482 -5.77512 0.601425 -0.0228702 0.00033207
79 30.9756 -7.27001 0.716915 -0.0270296 0.00038733
80 27.1198 -6.60957 0.659784 -0.0247385 0.00035484
81 32.5953 -7.53736 0.731959 -0.0273618 0.000390102
82 31.6852 -7.44656 0.730353 -0.0276115 0.000399005
83 28.2857 -6.95679 0.70371 -0.0269966 0.000394754
84 31.7109 -7.37349 0.717803 -0.0267757 0.000380683
85 7.11802 -2.8622 0.358632 -0.0138636 0.000208862
86 26.3078 -6.553 0.66814 -0.0255796 0.000373758
87 27.5672 -6.72681 0.682126 -0.0260841 0.000380089
88 23.3181 -5.84747 0.596777 -0.0223521 0.000322363
89 24.6153 -6.28876 0.651817 -0.0249951 0.000365249
90 28.6937 -7.01653 0.706063 -0.0267617 0.000385007
91 21.6193 -5.87389 0.62624 -0.0243841 0.00035948
92 21.0783 -5.78583 0.617789 -0.0240522 0.000356178
93 30.6468 -7.53443 0.761483 -0.0292689 0.000423909
94 33.515 -7.90504 0.785398 -0.0302726 0.000441859
95 16.1521 -4.69508 0.523577 -0.0205761 0.000309507
