0 39.9463 -10.0276 0.908179 -0.0317602 0.000421914
1 29.6787 -7.74313 0.732104 -0.0260293 0.00035395
2 38.6266 -9.8272 0.904224 -0.0320305 0.000429295
3 66.8496 -15.5286 1.29159 -0.0431804 0.000544031
4 62.5525 -14.5878 1.21381 -0.0405 0.000511289
5 34.8523 -8.78598 0.804785 -0.0281059 0.000373808
6 34.3641 -8.76171 0.813147 -0.0286846 0.000383083
7 61.0691 -14.3376 1.20628 -0.0406064 0.000515896
8 22.4114 -5.96148 0.613227 -0.0228013 0.000324901
9 26.0924 -6.8792 0.683723 -0.0250782 0.0003479
10 73.5382 -17.2876 1.45229 -0.0493812 0.000631721
11 60.3439 -14.534 1.25469 -0.0431677 0.000557236
12 40.9604 -10.1658 0.90583 -0.0313195 0.000412381
13 28.234 -7.32055 0.705089 -0.0253351 0.000346315
14 28.9756 -7.4642 0.707284 -0.025091 0.000338542
15 66.9935 -15.4699 1.27626 -0.0425151 0.000535649
16 42.3174 -10.5838 0.948046 -0.0329791 0.000433652
17 40.4355 -10.1833 0.926061 -0.0326911 0.00043627
18 53.1573 -13.087 1.15714 -0.0403819 0.000528484
19 29.8489 -8.03816 0.793769 -0.0293388 0.000406177
20 37.1218 -9.49063 0.877904 -0.0312107 0.000419586
21 36.0425 -9.11023 0.82838 -0.0288191 0.000380998
22 59.9414 -14.3873 1.23359 -0.0422051 0.000542373
23 39.3664 -10.0075 0.924917 -0.0329697 0.000439623
24 55.9825 -13.6391 1.18655 -0.0408984 0.00052953
25 45.3787 -11.134 0.974439 -0.0333873 0.000432279
26 57.5357 -13.8977 1.19498 -0.0409217 0.000528125
27 26.5557 -6.99623 0.685267 -0.024925 0.000342935
28 43.0513 -10.7701 0.961655 -0.0333485 0.000437057
29 45.2378 -11.3087 0.998336 -0.0344077 0.000448028
30 22.6053 -5.97834 0.603438 -0.0221243 0.000310416
31 48.8711 -11.6853 0.990711 -0.03314 0.000422018
32 37.2152 -9.8229 0.941381 -0.0346668 0.000478755
33 25.9011 -6.91993 0.700216 -0.0263552 0.000374973
34 52.0968 -12.994 1.16648 -0.0416361 0.000558711
35 30.7671 -8.09183 0.777513 -0.0283879 0.000392667
36 45.1807 -11.4665 1.05238 -0.0378863 0.000510895
37 40.7921 -10.4091 0.961827 -0.0345963 0.000468611
38 32.7018 -8.54631 0.819251 -0.0299177 0.000411984
39 42.6075 -10.6755 0.968924 -0.0343643 0.000458318
40 37.8373 -9.70077 0.906249 -0.0326807 0.000442201
41 40.9531 -10.4453 0.965544 -0.0347295 0.000468325
42 20.1124 -5.26316 0.545646 -0.0204443 0.000293015
43 37.4002 -9.55128 0.891164 -0.0321869 0.000436394
44 23.5675 -5.97125 0.609375 -0.0228567 0.000326087
45 32.4054 -8.46068 0.809134 -0.0295148 0.000406088
46 36.0395 -9.28237 0.87237 -0.0315895 0.000430096
47 43.5116 -11.147 1.03691 -0.0376873 0.000511487
48 36.1646 -9.25707 0.867495 -0.0313475 0.000425629
49 32.1829 -8.42748 0.812008 -0.0296964 0.000407079
50 63.3212 -15.0849 1.2878 -0.0443598 0.00057402
51 25.3184 -6.74761 0.673287 -0.0248563 0.000345106
52 35.059 -9.14242 0.872255 -0.0318142 0.000434954
53 21.4935 -5.64922 0.578036 -0.0214656 0.000303117
54 26.1576 -6.93997 0.691911 -0.0257408 0.000361183
55 43.1985 -10.9695 1.00682 -0.0362149 0.000489881
56 21.2687 -5.37734 0.535196 -0.0193428 0.000269961
57 48.4785 -12.1767 1.09974 -0.0390961 0.000520676
58 39.76 -10.0087 0.906493 -0.0319549 0.000424922
59 47.9632 -11.9823 1.07596 -0.0380538 0.000503925
60 34.0235 -8.86757 0.841391 -0.0305681 0.000417934
61 37.336 -9.67003 0.906522 -0.0328284 0.000445162
62 21.4354 -5.66023 0.582398 -0.0217997 0.000311646
63 27.9562 -7.45937 0.736475 -0.0273332 0.000381989
64 27.2638 -6.11033 0.583162 -0.021016 0.000294769
65 32.3363 -6.87277 0.642547 -0.0232903 0.000327739
66 36.6237 -7.7689 0.725915 -0.0266405 0.000377649
67 26.9597 -6.15147 0.597013 -0.0218163 0.00030635
68 37.1894 -8.05707 0.747152 -0.0270437 0.000374239
69 42.4413 -8.62829 0.780778 -0.0281411 0.000388332
70 39.463 -8.06787 0.733915 -0.026369 0.000363045
71 28.1744 -5.81636 0.54439 -0.0193829 0.000270595
72 26.5515 -6.16893 0.601371 -0.0220762 0.000312052
73 33.6281 -7.03649 0.646755 -0.0230652 0.000317225
74 40.8257 -8.44739 0.772097 -0.0280409 0.000388869
75 32.9757 -7.08382 0.666959 -0.0243638 0.000342109
76 31.43 -7.13829 0.682602 -0.0250445 0.000351344
77 31.4518 -6.65082 0.614452 -0.0218755 0.000301023
78 32.4348 -7.09706 0.671408 -0.0245005 0.000342546
79 42.7131 -8.9374 0.819972 -0.029879 0.00041297
80 34.955 -7.55874 0.698462 -0.0250701 0.000344514
81 42.3058 -9.12369 0.830138 -0.0297133 0.000403017
82 32.9992 -7.05035 0.651195 -0.0232839 0.000320764
83 41.6817 -8.33138 0.742686 -0.0263449 0.000358793
84 38.6168 -7.86861 0.702489 -0.0246837 0.000334261
85 29.0724 -6.46737 0.612817 -0.022032 0.000305027
86 41.4549 -8.30826 0.738787 -0.0260911 0.000355544
87 32.442 -6.83749 0.636862 -0.0230166 0.000321529
88 37.0443 -8.01406 0.73024 -0.0258287 0.000349394
89 39.3184 -8.42321 0.776245 -0.0280867 0.000388411
90 34.6755 -7.55838 0.703143 -0.0253427 0.00034861
91 37.2086 -7.61455 0.692117 -0.0247064 0.00034038
92 37.5276 -7.99259 0.73254 -0.0262288 0.000359046
93 42.922 -9.08921 0.83828 -0.0306414 0.00042619
94 37.5974 -8.13912 0.75262 -0.0272492 0.00037729
95 23.5629 -6.19696 0.629819 -0.0236604 0.000337108
