0 47.1595 -10.2617 0.99199 -0.0390638 0.000592501
1 36.0629 -8.24122 0.815563 -0.0315982 0.00046639
2 42.6868 -9.35236 0.898308 -0.0343482 0.000500631
3 46.4544 -10.0048 0.953256 -0.0365688 0.00053491
4 36.0876 -8.30884 0.814669 -0.031183 0.000455562
5 40.3529 -9.05053 0.87977 -0.0338309 0.000495144
6 62.7011 -12.8392 1.17753 -0.044661 0.000640978
7 52.6375 -11.0396 1.02508 -0.038834 0.000559014
8 45.3886 -9.54843 0.88898 -0.0331195 0.00047026
9 47.9522 -10.336 0.974231 -0.03692 0.000530616
10 50.5491 -10.6618 0.99459 -0.0375885 0.000539918
11 46.4498 -10.0408 0.957295 -0.0367265 0.000534958
12 45.0675 -9.70321 0.910364 -0.0341373 0.000486476
13 39.041 -8.81717 0.854796 -0.032636 0.000472832
14 53.6728 -11.3655 1.06039 -0.0403697 0.000581146
15 43.0517 -9.48262 0.915694 -0.0354565 0.000521039
16 41.7836 -9.32153 0.903584 -0.0350227 0.000516728
17 34.013 -7.90227 0.779072 -0.029782 0.000434141
18 40.6072 -9.46735 0.935899 -0.0366849 0.000542897
19 62.1224 -12.9592 1.21349 -0.0471782 0.000693403
20 48.7475 -10.5539 0.992368 -0.0375338 0.000537686
21 49.4558 -10.6233 0.991599 -0.0372314 0.00052779
22 38.6987 -8.99741 0.887615 -0.0344061 0.000504863
23 49.8615 -11.0274 1.05158 -0.0405144 0.000588325
24 44.623 -9.75141 0.922827 -0.034882 0.00049997
25 42.506 -9.46679 0.907156 -0.0346863 0.000504191
26 38.3517 -9.11756 0.90215 -0.0349431 0.000509528
27 49.839 -10.8363 1.02177 -0.0388975 0.000558894
28 44.9634 -10.2224 0.988882 -0.0381644 0.000554807
29 47.7579 -10.6198 1.00397 -0.0380245 0.000543473
30 45.0458 -10.4085 1.01608 -0.0395639 0.000579049
31 53.6684 -11.6169 1.09298 -0.0417222 0.000599078
32 18.7303 -5.78527 0.603999 -0.0224991 0.0003226
33 23.7367 -6.7818 0.686967 -0.0254882 0.000359442
34 6.19744 -2.36105 0.298841 -0.0111214 0.000170417
35 5.88874 -2.29302 0.313053 -0.0125351 0.000199971
36 9.07336 -3.32021 0.410768 -0.016231 0.000248642
37 19.0986 -5.6983 0.588052 -0.0218928 0.000317764
38 7.61983 -2.63924 0.322595 -0.0120281 0.000182817
39 19.8402 -5.76238 0.621185 -0.0240845 0.000355341
40 4.40899 -1.67432 0.22104 -0.00757837 0.000112737
41 12.9562 -3.98673 0.447863 -0.0169879 0.000251137
42 12.0018 -3.76594 0.436108 -0.0168437 0.000253598
43 8.64545 -3.04816 0.377831 -0.0148329 0.00022913
44 23.0447 -6.31157 0.664593 -0.0255092 0.000371011
45 26.1229 -7.25072 0.746633 -0.0284327 0.00040696
46 22.298 -6.19506 0.667788 -0.0263789 0.000394018
47 1.32105 -1.38854 0.23272 -0.00925356 0.000149868
48 4.1549 -2.01054 0.283205 -0.0110294 0.000172774
49 -0.0553069 -1.28359 0.239974 -0.00990195 0.000162022
50 24.2262 -6.79338 0.706308 -0.0270494 0.00039248
51 13.1011 -4.4025 0.495708 -0.0190922 0.000283141
52 13.7479 -4.30914 0.462213 -0.0170023 0.000245049
53 32.1736 -7.81316 0.772555 -0.0291866 0.000417206
54 12.8364 -4.10422 0.480388 -0.0189863 0.000287595
55 10.9985 -3.58639 0.383401 -0.0134794 0.0001904
56 2.14374 -1.89286 0.292321 -0.011801 0.000184311
57 28.6574 -7.14078 0.700341 -0.0255218 0.000352501
58 12.1411 -3.88269 0.454581 -0.0177589 0.000266454
59 6.48592 -2.73646 0.360872 -0.0143151 0.00022011
60 29.9998 -7.69414 0.778782 -0.0299021 0.000433304
61 29.3211 -8.10191 0.817551 -0.0308926 0.000436905
62 3.4842 -2.16816 0.317717 -0.0128825 0.00020447
63 6.78898 -2.93827 0.390803 -0.0159787 0.000249469
64 36.9964 -8.30422 0.814125 -0.0313919 0.000461758
65 38.7644 -9.18108 0.920898 -0.0361685 0.000537042
66 52.0952 -11.0449 1.04672 -0.0404284 0.000593494
67 30.8917 -7.44033 0.770655 -0.0309266 0.000474679
68 51.3384 -11.143 1.05319 -0.040026 0.00057516
69 41.9518 -9.09684 0.861918 -0.0324095 0.000463131
70 45.8899 -10.0437 0.963911 -0.037195 0.000543846
71 37.7745 -8.63987 0.852777 -0.0330402 0.000486831
72 39.8337 -9.06568 0.887711 -0.0342169 0.000504132
73 35.351 -8.15304 0.798581 -0.0301789 0.000434796
74 43.1434 -9.51969 0.925259 -0.0358201 0.000528725
75 35.022 -8.15901 0.815441 -0.0317287 0.000468443
76 41.2831 -9.07835 0.872068 -0.0331854 0.000480725
77 33.1838 -7.90389 0.780906 -0.02965 0.000428313
78 35.2292 -8.32368 0.822595 -0.0315668 0.000458649
79 48.3332 -10.9184 1.06101 -0.0413308 0.00060555
80 47.8116 -10.328 0.963684 -0.0359266 0.000507829
81 36.5304 -8.13201 0.769155 -0.0282601 0.000396209
82 36.0093 -8.22866 0.751231 -0.0315842 -0.000220256
83 55.4828 -11.8374 1.11348 -0.0427197 0.000619651
84 35.1516 -8.1872 0.810221 -0.0311415 0.00045328
85 34.14 -8.4987 0.864637 -0.0338828 0.000500481
86 38.7919 -9.26269 0.925619 -0.0361858 0.000530992
87 36.956 -8.5392 0.853145 -0.033317 0.000492974
88 43.8316 -9.66689 0.920465 -0.0346664 0.000494223
89 49.8892 -10.9512 1.04621 -0.0401823 0.000582571
90 49.0181 -11.0214 1.06656 -0.0415897 0.000611228
91 35.9029 -8.39327 0.844419 -0.0330686 0.000488443
92 32.8484 -8.28283 0.85684 -0.0341763 0.000514776
93 40.3625 -9.28862 0.915343 -0.0355718 0.000521554
94 38.8419 -9.26686 0.932464 -0.0368587 0.000549926
95 38.3481 -9.09238 0.912473 -0.0359209 0.000533013
