0 5.66837 -2.09993 0.261347 -0.00944134 0.000144554
1 23.6527 -6.53201 0.638663 -0.0231517 0.000324991
2 6.99591 -2.62351 0.331192 -0.0128758 0.000198535
3 37.0613 -9.53247 0.879494 -0.0315164 0.00042897
4 19.2647 -5.64145 0.591821 -0.0224847 0.000329222
5 8.0273 -2.6006 0.310131 -0.011493 0.000173787
6 22.6625 -6.45198 0.648586 -0.0241182 0.000342366
7 37.0082 -9.87394 0.956135 -0.0361554 0.000514533
8 13.9542 -4.10584 0.460954 -0.0178166 0.000267697
9 12.5916 -4.00829 0.461044 -0.0180839 0.000273147
10 19.5703 -5.6938 0.594705 -0.0226549 0.000331798
11 18.5551 -5.44639 0.599937 -0.0238243 0.000358134
12 24.3731 -7.0338 0.700836 -0.0260668 0.000369295
13 56.0448 -14.0452 1.26794 -0.0460438 0.000630389
14 24.4143 -6.83427 0.724587 -0.0285037 0.000419474
15 43.3244 -11.2067 1.04537 -0.0385668 0.000536141
16 22.8169 -6.57333 0.653618 -0.0239592 0.000337219
17 28.2247 -7.89009 0.792743 -0.0302285 0.000437003
18 20.9235 -5.88703 0.578317 -0.0208432 0.000292741
19 28.4156 -7.78459 0.74752 -0.027219 0.000378925
20 9.97871 -3.65918 0.434482 -0.0169898 0.000255876
21 47.949 -11.7925 1.02414 -0.0353325 0.000465319
22 5.66913 -2.40761 0.332642 -0.0136946 0.000218239
23 5.64386 -2.48606 0.333035 -0.0134581 0.000212363
24 3.4753 -1.82548 0.259026 -0.00999519 0.000154967
25 24.8576 -6.85303 0.73082 -0.0290136 0.000431442
26 43.8955 -11.0643 0.987974 -0.0348264 0.000467196
27 28.0687 -7.6749 0.75683 -0.0283143 0.000400822
28 6.40983 -2.90347 0.393475 -0.0162859 0.00025481
29 18.7347 -5.4252 0.539601 -0.0193155 0.000268039
30 9.73106 -3.53548 0.433225 -0.0175068 0.000271041
31 -2.60192 -0.776344 0.207772 -0.00944644 0.000163279
32 23.1 -6.51933 0.708468 -0.028398 0.000428491
33 27.1187 -6.83521 0.715428 -0.0284105 0.000427627
34 13.8092 -4.20629 0.48534 -0.0194366 0.000301549
35 24.3754 -6.76585 0.728664 -0.029126 0.000437106
36 37.1079 -8.36878 0.8182 -0.031392 0.000457779
37 17.88 -5.2685 0.574957 -0.0226266 0.000342855
38 24.8764 -6.4972 0.696139 -0.0278381 0.000421715
39 24.0626 -6.35415 0.671023 -0.0263975 0.000392271
40 27.652 -7.02796 0.733353 -0.0290887 0.000438522
41 27.6058 -6.89848 0.711125 -0.0277893 0.000411602
42 30.418 -7.33144 0.747529 -0.0293404 0.000439039
43 31.9264 -7.6363 0.779012 -0.0307988 0.000462539
44 34.5447 -8.03259 0.799111 -0.0310681 0.000459031
45 9.27784 -3.34891 0.414787 -0.0167929 0.000263136
46 23.1928 -6.45487 0.68897 -0.0272041 0.000403967
47 12.2134 -3.93875 0.468041 -0.018933 0.000294152
48 27.0772 -6.904 0.712686 -0.0278132 0.000412269
49 25.2999 -6.60215 0.693564 -0.0273675 0.000409484
50 29.6947 -7.49423 0.774971 -0.0307024 0.000458575
51 29.2481 -7.32503 0.756274 -0.02982 0.000444224
52 31.2571 -7.71782 0.773911 -0.0297064 0.000430526
53 26.633 -6.52471 0.667746 -0.0258085 0.000380645
54 37.8277 -8.93914 0.878014 -0.0337933 0.000490471
55 20.9349 -6.12904 0.66866 -0.0267579 0.000403365
56 26.6639 -6.72465 0.688251 -0.0265735 0.000389798
57 9.72606 -3.57854 0.440635 -0.0178715 0.000278846
58 28.0666 -8.10214 0.863371 -0.0347544 0.000520609
59 26.7752 -7.23083 0.770161 -0.0309305 0.000465059
60 34.5658 -8.63652 0.865127 -0.0334725 0.000484353
61 23.469 -6.62995 0.709462 -0.0282044 0.000421582
62 25.6842 -7.38009 0.793399 -0.031933 0.000478481
63 28.8721 -7.82099 0.82563 -0.033235 0.000499421
64 24.5227 -6.78763 0.703216 -0.0271665 0.000396302
65 37.5169 -8.39108 0.81147 -0.0308677 0.000445268
66 42.0025 -9.48834 0.925433 -0.0360215 0.000528247
67 41.9191 -9.33454 0.896853 -0.0342645 0.000493877
68 26.4975 -6.55119 0.671397 -0.0260219 0.000383108
69 27.1902 -6.94076 0.709376 -0.0273335 0.000397072
70 24.5175 -6.30553 0.664253 -0.0262074 0.000392701
71 20.7332 -5.67398 0.618801 -0.0247361 0.000373735
72 34.7288 -8.07095 0.792601 -0.0303556 0.000438869
73 17.7614 -3.87061 0.371193 -0.0124439 0.000170865
74 31.1945 -7.18459 0.710413 -0.0271754 0.00039527
75 30.9192 -7.35063 0.73921 -0.0288199 0.000426757
76 30.0532 -7.15315 0.71483 -0.0273289 0.000395341
77 35.9559 -8.10248 0.778326 -0.0293022 0.000419388
78 23.014 -6.3484 0.669517 -0.0261707 0.00038392
79 34.2582 -8.02828 0.792886 -0.0305129 0.000442459
80 30.0474 -6.92954 0.675597 -0.0251974 0.000358227
81 32.7982 -7.91891 0.78653 -0.0302098 0.000436741
82 24.6249 -6.36286 0.659935 -0.0256499 0.000376835
83 27.6178 -6.70036 0.68267 -0.0265064 0.000388047
84 32.6991 -7.69419 0.753178 -0.0284737 0.000405953
85 33.3201 -7.94715 0.794622 -0.0307167 0.000446222
86 40.2786 -9.07115 0.880345 -0.0339219 0.000492205
87 28.0953 -7.04701 0.734561 -0.029246 0.000438845
88 31.7798 -7.54397 0.75194 -0.0289499 0.000422464
89 34.8595 -7.41635 0.702974 -0.0259162 0.000364758
90 33.3046 -7.82808 0.78415 -0.0305281 0.000447574
91 30.8816 -7.84194 0.811919 -0.0322629 0.000478157
92 27.4636 -6.83075 0.698172 -0.0270836 0.0003961
93 26.6081 -6.90237 0.726237 -0.0287734 0.000427946
94 23.1802 -6.39788 0.683294 -0.0268852 0.00039446
95 39.1552 -9.22424 0.918235 -0.0360826 0.000529362
