0 30.9517 -6.64875 0.641032 -0.0236873 0.000338322
1 21.1736 -5.28855 0.555751 -0.0213986 0.000318521
2 34.4864 -7.67405 0.745543 -0.0281818 0.000405417
3 17.8333 -4.63039 0.499957 -0.0193439 0.000289931
4 21.301 -5.70477 0.590274 -0.0223416 0.000324445
5 4.87595 -1.83038 0.254981 -0.00989108 0.000155156
6 25.4717 -6.04915 0.611298 -0.0231024 0.000333987
7 21.0061 -5.22477 0.55028 -0.0212235 0.000316071
8 4.16509 -2.02684 0.280428 -0.0108675 0.000169651
9 30.5209 -6.92363 0.67545 -0.0252769 0.000362859
10 7.54618 -2.64374 0.328663 -0.0126424 0.000191981
11 26.8514 -6.37294 0.644586 -0.0246703 0.000360215
12 30.7552 -7.2414 0.719088 -0.0273387 0.000394347
13 28.3642 -6.89505 0.692754 -0.0264207 0.000382789
14 20.7411 -5.55562 0.586598 -0.0226273 0.000333196
15 31.3155 -7.33443 0.727501 -0.0278008 0.000404651
16 20.3617 -5.37664 0.561437 -0.0213638 0.000311735
17 28.5148 -6.65722 0.657886 -0.024712 0.000354333
18 22.1961 -5.73319 0.588383 -0.0221265 0.000318715
19 29.0758 -6.74715 0.675818 -0.0258225 0.000375818
20 37.8126 -8.7847 0.831558 -0.0306565 0.000426988
21 32.5105 -7.82886 0.768957 -0.0290986 0.000417547
22 32.9955 -7.95022 0.783824 -0.0296691 0.000423624
23 24.5053 -6.12426 0.625851 -0.0238948 0.000348531
24 4.90461 -2.22452 0.306047 -0.0121628 0.000189458
25 33.083 -7.84358 0.775323 -0.0295851 0.000428006
26 24.3466 -6.26725 0.648362 -0.0249026 0.000363908
27 27.6897 -6.73677 0.672831 -0.0254038 0.000365196
28 -5.00099 -0.00120346 0.118311 -0.00530878 9.9382e-05
29 4.26182 -1.87217 0.264952 -0.0103478 0.000163523
30 -0.815282 -0.681112 0.164401 -0.00678285 0.000114612
31 -0.233907 -1.16874 0.21427 -0.00881584 0.000146468
32 50.952 -10.434 0.966226 -0.0362366 0.000518636
33 38.273 -8.31349 0.803249 -0.0306018 0.000445908
34 44.9403 -9.63454 0.907043 -0.0341089 0.000487309
35 48.6558 -10.3028 0.967808 -0.0367438 0.000529387
36 49.7036 -10.4509 0.987693 -0.0379238 0.000554114
37 44.8212 -9.45639 0.89651 -0.0341537 0.000497755
38 46.9889 -10.09 0.955501 -0.0363983 0.000527026
39 38.729 -8.64472 0.837584 -0.0320566 0.000465788
40 36.7928 -7.91942 0.762634 -0.028886 0.000421217
41 47.2703 -10.0928 0.939889 -0.0351785 0.000501103
42 44.8965 -9.70358 0.922265 -0.0350349 0.000505306
43 54.501 -11.1483 1.01915 -0.0380189 0.00053982
44 50.3883 -10.4712 0.952517 -0.0350101 0.00049008
45 48.5416 -10.5772 0.999057 -0.0379964 0.000548217
46 51.2391 -10.5819 0.962369 -0.0355079 0.00049858
47 56.508 -11.824 1.08624 -0.040804 0.00058018
48 37.5383 -8.32036 0.783939 -0.0289138 0.00040757
49 51.8727 -10.7332 0.981163 -0.0365 0.000517092
50 51.7401 -11.0128 1.02346 -0.0384592 0.000547472
51 56.0354 -11.6451 1.0694 -0.0400843 0.000568391
52 39.6728 -8.78752 0.830475 -0.0308888 0.000436104
53 48.2497 -10.2475 0.946893 -0.035238 0.00049781
54 50.659 -10.772 0.996603 -0.0372882 0.000529082
55 42.9106 -9.28545 0.880444 -0.0332928 0.000479628
56 55.9634 -11.7447 1.06563 -0.039358 0.000551619
57 62.8404 -12.7382 1.13135 -0.041217 0.000568283
58 51.2331 -10.9127 1.0117 -0.0378783 0.000537093
59 51.9927 -11.075 1.02483 -0.03842 0.000546327
60 48.2143 -10.1033 0.931371 -0.034656 0.000490357
61 57.4658 -11.724 1.06 -0.039203 0.000550127
62 50.7407 -10.8466 1.00991 -0.0380501 0.000544782
63 41.168 -9.3532 0.897906 -0.0339939 0.00048513
64 59.2807 -11.5175 1.02249 -0.0376258 0.000528588
65 64.7727 -12.3601 1.07225 -0.0388456 0.000536979
66 56.2054 -10.9278 0.969432 -0.0354354 0.000493554
67 59.8372 -11.4782 1.01642 -0.037517 0.000531158
68 60.734 -11.9741 1.0727 -0.039924 0.000566619
69 58.3342 -11.4167 1.01766 -0.0375703 0.000528498
70 58.3396 -11.4488 1.02018 -0.0375318 0.000524833
71 66.1355 -12.6597 1.11507 -0.0413235 0.000584166
72 54.545 -10.8301 0.974928 -0.0361464 0.000512146
73 63.894 -12.3394 1.07917 -0.0392959 0.000545106
74 63.6556 -12.5985 1.12322 -0.0416367 0.000586753
75 64.4209 -12.5169 1.1072 -0.0410397 0.000578892
76 67.3756 -12.839 1.11265 -0.0403308 0.000555834
77 66.8889 -12.431 1.06784 -0.0386552 0.000535346
78 68.4726 -13.3461 1.17069 -0.0429302 0.000597466
79 64.6663 -12.6541 1.13209 -0.0424951 0.000607454
80 56.8302 -11.3923 1.02207 -0.037715 0.000528431
81 65.234 -12.9909 1.15563 -0.0427728 0.000599719
82 61.4981 -12.1019 1.07631 -0.0397936 0.000559338
83 66.6754 -13.1035 1.16713 -0.0437146 0.000621497
84 68.5051 -12.8587 1.09761 -0.0393304 0.000536887
85 64.3811 -12.6688 1.13265 -0.0422 0.000596837
86 72.1648 -13.6222 1.18553 -0.0436051 0.000610227
87 65.2213 -12.9221 1.15884 -0.0434622 0.000617673
88 68.6821 -13.5549 1.20091 -0.0444169 0.000621888
89 56.7414 -11.6166 1.05843 -0.0395634 0.000559335
90 63.7099 -12.7369 1.1512 -0.0433671 0.000618337
91 67.1381 -13.5109 1.21801 -0.0458746 0.000652588
92 70.9736 -14.042 1.24898 -0.046551 0.000658213
93 56.775 -11.351 1.02456 -0.0381494 0.000539787
94 63.0708 -12.5187 1.12847 -0.0424831 0.000606842
95 71.2809 -14.1694 1.27353 -0.0481968 0.000688828
