0 46.2964 -10.1713 0.998787 -0.0398294 0.000601883
1 38.7846 -8.21939 0.79648 -0.0310284 0.000463751
2 31.3939 -7.31218 0.746964 -0.0297534 0.000449718
3 44.3232 -9.57123 0.921715 -0.0357929 0.000525159
4 49.361 -10.3606 0.980494 -0.0379902 0.000560546
5 46.8149 -9.95415 0.941703 -0.0363012 0.00053193
6 40.5071 -8.75664 0.843567 -0.0324831 0.000475487
7 40.9406 -8.74113 0.82701 -0.0313655 0.00045213
8 39.0766 -8.53005 0.828875 -0.0322002 0.000477313
9 43.0848 -9.49807 0.918478 -0.0358466 0.000529885
10 35.5186 -8.51164 0.841787 -0.0326018 0.000477524
11 42.3068 -9.11776 0.871448 -0.0335698 0.000491848
12 44.7898 -9.84458 0.942929 -0.0364688 0.000534576
13 57.5671 -11.9424 1.10694 -0.0424707 0.000616038
14 39.4285 -8.54777 0.821351 -0.0316536 0.000464436
15 45.8114 -9.85805 0.931487 -0.0356368 0.000516953
16 55.2854 -11.359 1.04828 -0.0401256 0.000584615
17 54.772 -11.6971 1.09709 -0.0422584 0.000616071
18 46.3031 -10.2404 0.980469 -0.0378527 0.000553137
19 54.6864 -11.0925 1.01492 -0.0382204 0.000546437
20 46.8142 -10.2215 0.975184 -0.0378287 0.000556318
21 64.7897 -13.0678 1.16468 -0.043107 0.000603682
22 49.0615 -10.5869 1.00269 -0.0386617 0.000564867
23 53.1321 -11.1848 1.03395 -0.0390156 0.000555825
24 43.9395 -9.73957 0.924412 -0.0351977 0.000508248
25 49.5267 -10.5226 0.985167 -0.037442 0.000538076
26 34.2359 -7.77274 0.755409 -0.0285871 0.000410469
27 40.7024 -8.96653 0.854536 -0.0324008 0.000464253
28 47.0659 -10.3482 0.976852 -0.0372305 0.000536747
29 43.7137 -10.0363 0.97937 -0.0383108 0.000564092
30 39.8921 -9.02054 0.873966 -0.033618 0.000488731
31 61.9323 -12.7462 1.15964 -0.0437136 0.0006217
32 -3.45504 0.35432 0.0439579 -0.00118617 3.10739e-05
33 17.4549 -4.74961 0.526527 -0.0206723 0.000312471
34 21.1019 -5.24583 0.559371 -0.0218291 0.000328022
35 -1.24661 -0.735287 0.168506 -0.00678395 0.000116931
36 10.5243 -3.25034 0.399535 -0.0161197 0.000256684
37 13.2961 -3.79749 0.449332 -0.0181436 0.000286186
38 20.9965 -5.7812 0.637277 -0.0256203 0.00039238
39 17.3052 -4.83397 0.538515 -0.021336 0.000325135
40 11.1601 -3.43517 0.369395 -0.0131036 0.000190272
41 19.9524 -5.33235 0.582458 -0.0230973 0.0003525
42 33.692 -8.45183 0.764745 -0.026629 0.00035781
43 16.4928 -4.63856 0.518778 -0.0205009 0.000312738
44 26.7936 -6.82834 0.634565 -0.0220744 0.000300092
45 -5.00703 0.262689 0.0906795 -0.00428063 8.84154e-05
46 -5.53611 0.681647 0.0388075 -0.00177323 4.72817e-05
47 18.6292 -5.0521 0.553995 -0.0218374 0.000328932
48 -2.30881 -0.0748467 0.0980496 -0.00391292 7.62386e-05
49 26.0697 -6.45766 0.67335 -0.0264414 0.000395605
50 25.877 -6.26075 0.64699 -0.0250504 0.000370442
51 8.39888 -2.63663 0.326041 -0.0125648 0.000193833
52 19.702 -5.24287 0.571165 -0.0225461 0.000339431
53 0.432485 -1.06353 0.205856 -0.0085512 0.000144358
54 25.9089 -6.44838 0.670025 -0.0259425 0.000382378
55 20.35 -5.81615 0.631359 -0.024759 0.000367363
56 20.2259 -5.8673 0.639932 -0.0253471 0.000381015
57 3.14097 -1.80272 0.283871 -0.0117846 0.000191855
58 11.3845 -3.55726 0.429809 -0.0172342 0.000265984
59 20.4883 -5.15669 0.552515 -0.0214278 0.000318792
60 23.8277 -5.92487 0.616194 -0.0239749 0.000357392
61 45.6211 -11.3775 1.04156 -0.0377775 0.000519385
62 17.0314 -4.36124 0.479773 -0.018707 0.000283361
63 20.174 -5.65608 0.620096 -0.0248269 0.000376277
64 56.2814 -11.2596 1.01163 -0.0374771 0.000528361
65 56.8677 -11.4788 1.03434 -0.0384352 0.000546094
66 45.1419 -9.54929 0.884616 -0.0329772 0.000470482
67 50.205 -10.2583 0.943129 -0.0354051 0.000507633
68 61.5898 -12.3851 1.125 -0.0424013 0.000605911
69 46.7216 -9.52521 0.874888 -0.0325195 0.000462495
70 60.4523 -12.1415 1.08633 -0.0399935 0.000559534
71 56.1475 -11.3963 1.04902 -0.0398694 0.000578316
72 50.2165 -10.3489 0.947933 -0.0354117 0.000506043
73 54.216 -11.1088 1.01705 -0.0381789 0.000546018
74 67.1332 -13.3616 1.1884 -0.0439455 0.000616416
75 51.818 -10.6721 0.986208 -0.0373157 0.000538729
76 59.4906 -12.0752 1.0831 -0.0399119 0.000557827
77 57.3667 -11.8208 1.06511 -0.0394874 0.000556625
78 50.3078 -10.3104 0.933778 -0.0343134 0.000480483
79 55.575 -11.4368 1.03039 -0.0377906 0.000525577
80 59.057 -12.0037 1.08642 -0.0406851 0.000579393
81 65.4799 -12.9698 1.14676 -0.0422431 0.000591635
82 53.7852 -11.1259 1.00572 -0.0370561 0.000518739
83 43.1613 -9.24635 0.861951 -0.0321778 0.000459808
84 43.1954 -9.34663 0.872242 -0.0325934 0.000462303
85 64.9001 -13.1556 1.18906 -0.0447002 0.000635233
86 51.9228 -10.9759 1.00709 -0.0374347 0.000526592
87 55.7709 -11.3792 1.03249 -0.0384069 0.000542045
88 43.5542 -9.48064 0.888171 -0.033183 0.000470604
89 53.964 -11.2134 1.02585 -0.0382869 0.000542707
90 47.7208 -10.1045 0.931183 -0.0344665 0.000483997
91 51.1122 -10.6623 0.981054 -0.0365779 0.000518334
92 49.3924 -10.6638 0.99188 -0.037205 0.000528685
93 51.5742 -10.9414 1.00078 -0.0369875 0.000518748
94 54.8947 -11.3336 1.04408 -0.0395387 0.000570502
95 59.6441 -12.1039 1.10041 -0.0413724 0.000590537
