0 28.8642 -7.80435 0.8139 -0.0292629 0.000392579
1 29.1122 -8.57826 0.917763 -0.03449 0.000483236
2 30.4599 -8.44239 0.903702 -0.0341694 0.000483445
3 29.4787 -8.89623 0.983505 -0.0388437 0.000579197
4 64.3034 -16.8612 1.59948 -0.0584834 0.00079097
5 39.3534 -11.6395 1.23159 -0.0481586 0.000697272
6 51.3082 -15.5372 1.67722 -0.0694933 0.0010631
7 24.8629 -6.49778 0.635179 -0.0193004 0.000202087
8 35.122 -8.84976 0.894286 -0.0321176 0.000430471
9 25.7653 -6.64077 0.648225 -0.0198547 0.000209348
10 24.3442 -6.78872 0.716566 -0.0250841 0.000324119
11 34.1876 -9.16223 0.972207 -0.0375618 0.000549384
12 34.1768 -8.35776 0.828643 -0.029468 0.000396593
13 29.0703 -6.95344 0.660722 -0.0206202 0.000230413
14 28.7432 -8.38638 0.895853 -0.0338957 0.000475966
15 25.5691 -7.24232 0.780583 -0.0295753 0.000434325
16 30.6778 -7.6197 0.752455 -0.0255985 0.000325092
17 23.8443 -6.32784 0.620602 -0.0188351 0.000194172
18 26.0194 -7.23168 0.734457 -0.0249872 0.000315134
19 26.2892 -7.47883 0.802274 -0.0298986 0.00042666
20 31.9061 -9.31514 0.988485 -0.0381876 0.000555804
21 36.6933 -8.63834 0.822665 -0.0276259 0.000341115
22 29.0094 -8.0497 0.799293 -0.0272567 0.000346947
23 25.991 -7.00559 0.697223 -0.0228648 0.000275036
24 86.9873 -22.251 2.04907 -0.0745747 0.00099646
25 31.3783 -7.78523 0.761825 -0.0257387 0.000324394
26 24.4959 -6.67617 0.682196 -0.0231094 0.000291089
27 25.5705 -6.92128 0.692073 -0.023161 0.000289484
28 24.8748 -6.59228 0.649146 -0.0206638 0.000239573
29 25.9185 -7.33802 0.762331 -0.026933 0.000356123
30 103.73 -27.0891 2.54969 -0.0968867 0.00135755
31 27.9818 -7.27515 0.72102 -0.0238988 0.000290877
32 50.1274 -12.3779 1.27384 -0.0497316 0.000714936
33 37.7298 -9.67682 1.00469 -0.03777 0.000526026
34 32.9168 -8.75511 0.929639 -0.0349611 0.000481873
35 35.3101 -9.25568 0.962314 -0.0360105 0.000498839
36 27.0766 -7.54807 0.812223 -0.0305192 0.000433546
37 35.5828 -9.15542 0.965591 -0.0370961 0.000534012
38 39.4683 -10.2787 1.0798 -0.042284 0.00062172
39 28.8062 -8.40883 0.93437 -0.0371851 0.000551415
40 47.1077 -11.5234 1.17879 -0.0462571 0.000687453
41 39.592 -10.2642 1.08812 -0.0435654 0.000654424
42 41.9454 -10.7366 1.1242 -0.0440994 0.000642544
43 33.2494 -8.6037 0.884609 -0.0323426 0.000441518
44 40.8034 -10.8822 1.06769 -0.0386813 0.000525054
45 40.6619 -9.94504 0.991033 -0.0363948 0.000495789
46 30.3374 -8.14033 0.853492 -0.0317113 0.000440587
47 37.5469 -9.57194 0.989245 -0.0382217 0.000560615
48 28.4641 -8.26866 0.871567 -0.0322906 0.00044893
49 39.3882 -9.38885 0.925374 -0.0336937 0.000462733
50 26.1801 -7.29216 0.785341 -0.0298654 0.000435836
51 37.7151 -9.43022 0.95884 -0.0361747 0.000518166
52 27.291 -6.91885 0.690607 -0.0233737 0.000291229
53 34.2695 -8.82964 0.897029 -0.0327511 0.00044672
54 39.2619 -9.65877 0.988045 -0.0384772 0.000576565
55 34.7696 -9.017 0.934321 -0.0353747 0.000504165
56 35.4708 -9.03249 0.911098 -0.0338871 0.000480376
57 32.8292 -8.55842 0.872975 -0.0319513 0.000439712
58 28.6814 -7.49778 0.764246 -0.0272193 0.000367349
59 35.6775 -9.21026 0.961578 -0.0371953 0.000545428
60 28.973 -7.66004 0.802224 -0.0298196 0.000416718
61 31.8001 -9.13196 0.954116 -0.0360145 0.00050799
62 27.7396 -7.47023 0.759874 -0.0267462 0.00035421
63 31.4453 -8.40027 0.865969 -0.0317172 0.000429407
64 92.0105 -24.5245 2.36145 -0.0940936 0.00144407
65 33.249 -10.19 1.14052 -0.0469478 0.000724125
66 32.015 -8.62206 0.845885 -0.0282415 0.000341806
67 82.2483 -21.7597 2.07933 -0.0788171 0.00110367
68 43.5169 -12.1968 1.24565 -0.0473179 0.000668274
69 85.4141 -21.959 2.03568 -0.074611 0.00101185
70 30.6427 -9.24727 1.01827 -0.0400109 0.000580932
71 53.002 -14.5391 1.45287 -0.0553111 0.000780417
72 63.7127 -17.472 1.72619 -0.0662577 0.000940484
73 83.0933 -21.4707 2.00974 -0.0745342 0.00102539
74 39.8394 -10.6739 1.02491 -0.035037 0.000436811
75 24.6841 -6.8254 0.680095 -0.0216608 0.000246469
76 87.5834 -21.9558 1.94174 -0.0670541 0.000847633
77 53.0353 -13.9775 1.33562 -0.0482407 0.000644318
78 64.1936 -17.1212 1.65218 -0.0620264 0.000865229
79 91.8204 -23.604 2.16948 -0.0794609 0.0010791
80 88.598 -23.3383 2.19713 -0.0823376 0.00113645
81 90.6435 -24.5028 2.39747 -0.094833 0.00139541
82 91.5507 -23.8656 2.23883 -0.0842062 0.00117608
83 89.2596 -23.3959 2.2129 -0.0838679 0.00118158
84 98.864 -24.0974 2.09185 -0.0723306 0.000924441
85 49.4241 -14.0333 1.43226 -0.0558003 0.000811087
86 73.6142 -19.8608 1.93838 -0.0748635 0.00107577
87 72.0392 -19.1047 1.83278 -0.0689859 0.000962521
88 86.9782 -22.5013 2.07404 -0.0754954 0.00100866
89 24.1887 -5.86916 0.535082 -0.0137008 0.000101617
90 20.4325 -5.06792 0.44711 -0.00924116 1.79259e-05
91 95.2793 -23.5529 2.07257 -0.072646 0.000949194
92 87.5376 -22.2335 1.99431 -0.0708518 0.000934699
93 51.238 -14.86 1.53379 -0.0604856 0.000883802
94 89.2569 -24.1834 2.3546 -0.0924515 0.00135285
95 93.5084 -25.9902 2.62527 -0.108644 0.00168589
