0 26.2802 -6.43747 0.666717 -0.0259571 0.000385228
1 27.719 -6.9535 0.721315 -0.0282372 0.00041841
2 17.5098 -5.06641 0.560115 -0.0221312 0.000333151
3 19.5263 -5.49909 0.596587 -0.0234443 0.000348106
4 14.6772 -4.47496 0.507766 -0.0201159 0.000304858
5 36.8822 -8.5141 0.840949 -0.0324963 0.000474552
6 21.3198 -5.98338 0.657408 -0.0265127 0.000403898
7 21.4802 -5.5099 0.572544 -0.021662 0.000314325
8 24.7911 -6.75183 0.713966 -0.0282227 0.000421893
9 38.9746 -8.85738 0.862913 -0.0331412 0.000481381
10 32.2685 -7.91879 0.804566 -0.0315297 0.000466172
11 31.2191 -7.51463 0.760161 -0.0296337 0.0004361
12 29.5862 -7.46723 0.760539 -0.029606 0.000435218
13 25.0887 -6.77176 0.713336 -0.0281221 0.00041764
14 41.132 -9.18162 0.884668 -0.0338126 0.000489501
15 20.7565 -5.71024 0.615973 -0.024464 0.000370483
16 29.654 -7.45429 0.751546 -0.0289035 0.000419943
17 34.34 -8.32099 0.828839 -0.0320368 0.000467048
18 39.8033 -9.11464 0.878221 -0.0333536 0.000477791
19 38.6873 -9.17647 0.914621 -0.0358694 0.00053053
20 27.3132 -7.39771 0.759168 -0.0293453 0.000425883
21 30.4713 -7.64608 0.781736 -0.030636 0.000452492
22 40.1695 -9.23422 0.903365 -0.0349875 0.000511155
23 21.2425 -5.85816 0.631622 -0.0251434 0.000379539
24 37.1907 -8.82782 0.862142 -0.0328819 0.000473748
25 26.2248 -6.68131 0.684855 -0.0263813 0.00038419
26 35.5212 -8.80761 0.882213 -0.0343195 0.000501795
27 36.5953 -8.77703 0.873277 -0.0338355 0.000491157
28 35.8982 -8.72002 0.867366 -0.0335514 0.000487088
29 33.9302 -8.39384 0.842245 -0.0327178 0.000477666
30 34.3929 -8.46206 0.849011 -0.0329867 0.000480408
31 31.7371 -8.08625 0.83403 -0.033069 0.000489947
32 44.4439 -9.95055 0.955569 -0.0366524 0.000531487
33 50.9967 -10.9025 1.01824 -0.0386285 0.000553888
34 36.8091 -8.56201 0.846737 -0.0329012 0.000483053
35 40.5185 -8.96565 0.877278 -0.034519 0.000516168
36 30.3065 -6.8863 0.678597 -0.0257893 0.00037687
37 34.2831 -7.70637 0.757954 -0.0291499 0.000427514
38 37.7842 -8.36999 0.809081 -0.0308631 0.000447605
39 40.7623 -9.00783 0.85834 -0.032526 0.000468205
40 43.1148 -9.31921 0.879639 -0.0333243 0.000481591
41 43.192 -9.19681 0.865791 -0.0327311 0.00047225
42 40.495 -8.61592 0.806741 -0.0300963 0.000429456
43 41.1615 -8.95521 0.862184 -0.0333301 0.000490772
44 50.0398 -10.7139 1.00479 -0.0382672 0.00055249
45 40.0839 -8.88244 0.850766 -0.0324243 0.000469279
46 47.8049 -10.3638 0.974355 -0.0370281 0.000531665
47 46.3742 -10.1192 0.956724 -0.0365799 0.000530002
48 47.6343 -10.0544 0.928919 -0.0347321 0.000494561
49 50.1938 -10.783 1.00105 -0.0376162 0.000534989
50 44.2832 -9.7929 0.930233 -0.0353861 0.000509712
51 51.5913 -10.8346 1.00207 -0.0378511 0.000541481
52 51.6016 -11.2341 1.05505 -0.0402901 0.000580172
53 42.1059 -9.26161 0.884345 -0.0338689 0.000492028
54 46.3788 -10.3493 0.985665 -0.0378255 0.000547171
55 40.0354 -8.9605 0.870366 -0.033759 0.000496467
56 42.631 -9.46974 0.894748 -0.033715 0.000480743
57 39.3115 -9.06239 0.882982 -0.0340089 0.000494945
58 56.8044 -12.0474 1.11226 -0.042123 0.000602486
59 45.4632 -10.1745 0.9778 -0.0378161 0.000551589
60 39.3786 -8.79012 0.840175 -0.031898 0.000460679
61 49.4457 -10.7338 1.01527 -0.038985 0.000564445
62 45.3692 -10.2105 0.97577 -0.0373232 0.000537256
63 47.536 -10.5568 1.00862 -0.0389972 0.000567445
64 34.8126 -8.2137 0.807805 -0.0309034 0.000448082
65 26.9806 -6.75669 0.688063 -0.0265094 0.000387989
66 48.8975 -10.4211 0.977475 -0.0371408 0.000535203
67 41.2568 -8.84892 0.845678 -0.0325789 0.000480068
68 35.7541 -8.11717 0.797019 -0.0307014 0.000451137
69 36.9974 -8.27818 0.804925 -0.0309229 0.000453729
70 28.8066 -6.95384 0.700787 -0.0269823 0.000395224
71 40.0495 -8.90348 0.859981 -0.0328778 0.000477296
72 49.3953 -10.5539 0.9778 -0.0365779 0.000516882
73 29.4125 -7.07857 0.71281 -0.0276273 0.000409106
74 47.1392 -10.292 0.982053 -0.0378853 0.000552548
75 44.0902 -9.68325 0.929708 -0.0359822 0.000527782
76 36.1402 -8.16204 0.789418 -0.0298951 0.000429273
77 28.5341 -7.05868 0.709997 -0.0273435 0.000400474
78 43.0718 -9.31259 0.879887 -0.0333322 0.000478164
79 40.882 -8.86022 0.846254 -0.0322567 0.000468194
80 43.5502 -9.78469 0.932167 -0.0354202 0.000508777
81 44.9809 -9.98635 0.95078 -0.0363543 0.000524866
82 45.9069 -10.0392 0.939717 -0.0352393 0.000498416
83 42.3595 -9.23946 0.882118 -0.0337926 0.000491769
84 42.7044 -9.48371 0.893441 -0.0333987 0.000472
85 27.7594 -6.69531 0.679935 -0.0262146 0.000384296
86 44.3035 -9.70397 0.92631 -0.0353551 0.000509702
87 28.5072 -7.13612 0.735882 -0.0290832 0.000433505
88 40.6232 -9.34889 0.908433 -0.0349659 0.000507163
89 40.0585 -9.35648 0.922238 -0.0359328 0.000526385
90 41.3567 -9.41394 0.914874 -0.0353609 0.000515821
91 45.2272 -10.1258 0.983845 -0.0384605 0.00056475
92 45.1047 -9.76433 0.924889 -0.035268 0.000508954
93 36.5503 -8.17671 0.79295 -0.0302143 0.000435826
94 46.4025 -10.0655 0.959876 -0.0369888 0.000537721
95 45.6054 -10.4819 1.01269 -0.0392637 0.000571177
