0 43.7815 -9.16459 0.871856 -0.0306756 0.000416201
1 41.8998 -8.94738 0.867014 -0.0310085 0.000425352
2 50.3842 -10.5288 0.997109 -0.0357812 0.000489963
3 34.5965 -7.98532 0.818211 -0.0301052 0.000423294
4 46.0562 -9.6343 0.909687 -0.0320829 0.000434276
5 39.5624 -8.58845 0.841795 -0.0300658 0.000412423
6 43.9042 -9.48204 0.919101 -0.0331549 0.000457539
7 41.3722 -8.93628 0.871854 -0.0314287 0.000433555
8 43.6901 -9.2112 0.876738 -0.0309129 0.000419724
9 38.7515 -8.44838 0.826403 -0.0295903 0.000408722
10 47.2381 -9.92142 0.937323 -0.0332715 0.000450977
11 41.9567 -8.72918 0.83909 -0.0297661 0.000406097
12 41.37 -8.47178 0.804646 -0.0281739 0.000382254
13 42.3535 -8.88706 0.848468 -0.0300062 0.000407637
14 48.0573 -9.49119 0.870214 -0.029981 0.00039981
15 30.7016 -6.86868 0.703232 -0.0254106 0.000357142
16 29.8848 -6.73423 0.693689 -0.0250196 0.000350121
17 47.9119 -9.73435 0.906075 -0.0317728 0.000427807
18 50.4166 -9.9698 0.912259 -0.0318156 0.000427828
19 33.5745 -7.05539 0.703512 -0.025308 0.000355633
20 41.9835 -8.48192 0.793034 -0.0276412 0.000373697
21 33.781 -7.22076 0.716317 -0.0255462 0.000355861
22 44.7539 -8.9241 0.827067 -0.0286342 0.000384488
23 27.0987 -6.33673 0.663625 -0.0241161 0.000339092
24 50.0605 -9.99185 0.912963 -0.0315853 0.000421325
25 41.0607 -8.49109 0.807182 -0.0283074 0.000384543
26 41.6413 -8.67775 0.8338 -0.0297202 0.000407801
27 40.1355 -8.80728 0.858025 -0.0308874 0.000425158
28 42.5916 -8.85634 0.851392 -0.0304702 0.000418847
29 33.8181 -7.16776 0.715819 -0.0257034 0.000359685
30 46.5133 -9.31821 0.872338 -0.030729 0.000417188
31 22.3464 -5.30995 0.581097 -0.0213948 0.000307526
32 79.0365 -14.7633 1.27935 -0.0440743 0.000577607
33 68.5804 -13.2054 1.15454 -0.0394239 0.000517576
34 68.9513 -13.2987 1.16089 -0.0395937 0.000516839
35 75.945 -14.7679 1.28812 -0.044369 0.000580419
36 70.1413 -12.3336 1.06434 -0.0362828 0.000478446
37 67.4494 -11.6052 0.998767 -0.0340931 0.000452469
38 78.1498 -14.8642 1.30061 -0.0451929 0.000595439
39 73.2838 -14.2745 1.24785 -0.0427581 0.0005551
40 76.0268 -14.1108 1.21109 -0.0410772 0.000532993
41 81.8708 -15.449 1.34068 -0.0467467 0.000618638
42 80.2429 -15.4708 1.33044 -0.0455018 0.000591862
43 75.1859 -14.2054 1.23898 -0.0430884 0.000571395
44 73.5868 -14.3166 1.25564 -0.0434321 0.000573586
45 72.382 -13.7021 1.16853 -0.0391394 0.000503922
46 75.8744 -14.6289 1.26435 -0.0433163 0.000565133
47 73.235 -14.0815 1.22633 -0.0422207 0.000553324
48 75.9077 -14.7534 1.27095 -0.0432783 0.000561147
49 74.6268 -13.7406 1.18498 -0.0407406 0.000538682
50 61.7512 -11.8206 1.03165 -0.0348076 0.000455926
51 81.5343 -16.0538 1.39401 -0.0481589 0.000627597
52 77.5365 -14.911 1.28965 -0.0440885 0.000573563
53 80.0637 -15.8266 1.39298 -0.0486925 0.000642896
54 59.913 -11.5983 1.03274 -0.0355302 0.000472061
55 75.4423 -14.3259 1.2319 -0.0418397 0.000544157
56 59.3941 -9.81147 0.836071 -0.0278667 0.000368152
57 109.62 -23.1775 2.00472 -0.069343 0.000888735
58 78.5189 -15.028 1.32448 -0.0464889 0.000621066
59 66.1278 -11.8667 1.02698 -0.0346812 0.000449882
60 76.0109 -14.5568 1.26977 -0.0439928 0.000579443
61 80.2456 -15.1256 1.29028 -0.0439301 0.000571927
62 65.3015 -12.2886 1.06543 -0.0362028 0.00047313
63 83.5568 -16.2594 1.41256 -0.0492321 0.000645553
64 40.9666 -8.88236 0.861105 -0.030702 0.00042004
65 36.5178 -8.26127 0.828369 -0.0300476 0.000417286
66 29.4856 -7.07474 0.736936 -0.0268418 0.000374691
67 32.284 -7.47221 0.759133 -0.0272782 0.000375535
68 31.723 -7.48522 0.769755 -0.027996 0.000390329
69 36.5082 -8.06189 0.793489 -0.0281976 0.000384217
70 21.7786 -6.01506 0.664614 -0.0244258 0.000343052
71 44.6293 -9.25772 0.879386 -0.0311049 0.000421445
72 21.9838 -6.15337 0.680288 -0.0250653 0.000353225
73 44.8791 -9.47387 0.905152 -0.0323097 0.000443128
74 31.9496 -7.43478 0.753771 -0.0269095 0.000368283
75 28.4942 -6.83263 0.706049 -0.025428 0.000352773
76 33.1679 -7.7156 0.801143 -0.0298263 0.00042512
77 29.1077 -6.86293 0.70636 -0.0254491 0.000353468
78 26.7977 -6.22602 0.650441 -0.0231973 0.000320846
79 31.2203 -7.09211 0.733278 -0.0268524 0.000378789
80 45.3988 -9.36973 0.883531 -0.0311416 0.000421299
81 31.6146 -7.19737 0.728241 -0.0261004 0.000360534
82 29.6357 -6.82743 0.695062 -0.0248125 0.000343668
83 43.0635 -8.71277 0.81571 -0.0283479 0.000380124
84 50.9716 -10.3196 0.948985 -0.033094 0.000441636
85 24.4067 -5.71233 0.605749 -0.0216882 0.000304403
86 33.4836 -7.33868 0.739781 -0.0266701 0.000371626
87 20.2018 -4.81394 0.537194 -0.0195206 0.000280646
88 30.6646 -7.04564 0.732325 -0.0268611 0.000380234
89 19.3075 -5.31293 0.606869 -0.0225972 0.000325405
90 23.4188 -5.70986 0.616616 -0.0224722 0.000318446
91 30.5034 -6.97065 0.712265 -0.0256451 0.000355922
92 18.0753 -5.00403 0.575904 -0.0214113 0.000308485
93 30.8927 -6.59264 0.675478 -0.0243319 0.000341282
94 19.5489 -4.43191 0.494461 -0.0177486 0.00025356
95 32.0957 -6.92538 0.70875 -0.0258008 0.000362615
