0 35.9353 -7.92821 0.791868 -0.0283206 0.000390556
1 25.5674 -6.58332 0.720619 -0.0269688 0.000387154
2 36.2243 -7.98727 0.794497 -0.0283928 0.000389564
3 21.651 -5.79194 0.653697 -0.024654 0.000358074
4 22.7363 -6.26323 0.686845 -0.025377 0.000360104
5 22.4896 -6.45277 0.715062 -0.0266498 0.000376908
6 28.4283 -6.91201 0.731369 -0.0268249 0.000375726
7 24.4153 -6.15142 0.671172 -0.0247898 0.000353468
8 30.9258 -8.8802 0.928857 -0.0342758 0.000476207
9 32.2051 -7.40273 0.757014 -0.0274675 0.000383063
10 25.578 -7.35383 0.792826 -0.029389 0.000411411
11 27.8873 -6.59971 0.696068 -0.025474 0.000358406
12 29.3149 -6.70055 0.693935 -0.0250019 0.000347894
13 27.2488 -6.46409 0.679072 -0.0245648 0.000342882
14 19.4063 -5.08909 0.572946 -0.0209466 0.000298607
15 29.9808 -6.78696 0.697275 -0.0251307 0.000351799
16 18.5658 -4.82707 0.543495 -0.0196924 0.0002798
17 28.5072 -6.47656 0.666831 -0.0238249 0.000330018
18 20.8987 -5.29113 0.580204 -0.0208803 0.000294859
19 28.4436 -6.26006 0.647031 -0.0231301 0.00032221
20 33.5534 -7.73674 0.783163 -0.0283735 0.00039399
21 28.9435 -6.76114 0.703279 -0.0256425 0.000362278
22 28.3067 -6.43812 0.666862 -0.0239379 0.000334378
23 23.3613 -5.69646 0.619587 -0.0228068 0.000327263
24 22.4338 -6.3244 0.690199 -0.0254266 0.00035988
25 28.9498 -6.42228 0.661013 -0.0236319 0.00033021
26 22.4088 -5.53897 0.608558 -0.0222582 0.00031805
27 26.3657 -6.27889 0.664311 -0.0242528 0.000343863
28 23.6885 -6.81477 0.740325 -0.0274777 0.000390312
29 20.485 -5.80705 0.650381 -0.0241304 0.000346235
30 18.5211 -5.10377 0.571832 -0.0208694 0.000295259
31 26.3982 -7.63697 0.813589 -0.0301841 0.000424214
32 55.2979 -11.2681 1.04654 -0.0367941 0.000496359
33 40.149 -8.5942 0.839711 -0.0297478 0.000407508
34 46.9526 -10.0734 0.97075 -0.0348834 0.000480334
35 50.3617 -10.5059 0.991125 -0.0351439 0.000477344
36 50.8572 -10.3886 0.972806 -0.0341256 0.000459592
37 47.023 -9.84138 0.94023 -0.0333897 0.000456509
38 49.2535 -10.5599 1.01318 -0.0364446 0.000501906
39 39.4471 -8.68014 0.85934 -0.03101 0.000429183
40 41.3665 -9.04811 0.89141 -0.0321373 0.000445746
41 47.9308 -10.1836 0.969911 -0.0345451 0.000472167
42 45.7329 -9.73566 0.938661 -0.0335177 0.000458407
43 55.1649 -10.9374 0.991054 -0.0340425 0.000451514
44 50.7362 -10.374 0.959322 -0.0333969 0.000447475
45 45.3852 -9.31538 0.875894 -0.0304065 0.0004095
46 51.724 -10.5694 0.981808 -0.0346617 0.000470756
47 54.665 -11.0353 1.01402 -0.0354521 0.000475428
48 37.6116 -8.28599 0.817002 -0.0292106 0.000403622
49 52.448 -10.6063 0.977164 -0.0342141 0.000461434
50 49.9389 -10.158 0.945479 -0.0330221 0.000445779
51 55.3332 -11.0627 1.01495 -0.0355175 0.000477657
52 39.5203 -8.50405 0.828662 -0.029533 0.000405836
53 46.0588 -9.34103 0.875627 -0.0306846 0.000416664
54 48.9981 -9.99806 0.935115 -0.0329399 0.000447917
55 41.8089 -8.67478 0.836853 -0.0296703 0.000407922
56 53.4114 -10.8203 0.993321 -0.0347192 0.000468877
57 60.7803 -11.8235 1.04748 -0.0356833 0.000468498
58 49.3391 -9.99679 0.928588 -0.0323573 0.000435984
59 49.8309 -10.2313 0.95729 -0.0337222 0.000458354
60 47.5202 -9.4971 0.88059 -0.0306475 0.000414368
61 56.0051 -10.8874 0.98332 -0.033928 0.00045259
62 47.0285 -9.33682 0.867177 -0.0301802 0.000410988
63 37.1913 -7.8908 0.778463 -0.0277896 0.00038456
64 63.4784 -12.2355 1.07934 -0.0371289 0.00049082
65 69.3963 -13.4145 1.1784 -0.0408758 0.000541013
66 60.5493 -11.8429 1.06211 -0.036989 0.000492585
67 65.4408 -12.671 1.12219 -0.0388882 0.000517001
68 61.8967 -11.8708 1.0514 -0.0362519 0.000482678
69 62.9593 -12.3038 1.09432 -0.0379181 0.000502078
70 60.2423 -11.5551 1.02321 -0.0351389 0.000463831
71 72.7046 -13.9755 1.2203 -0.0422348 0.000556933
72 55.7294 -10.7543 0.961792 -0.0330882 0.000440474
73 65.3015 -12.4161 1.08266 -0.0369841 0.000484803
74 64.6194 -12.4545 1.098 -0.0377536 0.000498225
75 65.8157 -12.4203 1.07759 -0.0366604 0.000477562
76 71.0463 -13.4199 1.16135 -0.0397421 0.000519834
77 74.4692 -14.1033 1.22024 -0.0421674 0.000555187
78 68.7443 -13.0991 1.14998 -0.0397944 0.000525674
79 65.6164 -12.3285 1.0807 -0.0372849 0.000494807
80 56.8623 -10.9215 0.976931 -0.0338076 0.000451543
81 62.5569 -11.7708 1.03136 -0.0354362 0.000471071
82 61.78 -11.6536 1.02149 -0.034947 0.000460575
83 65.7186 -12.1152 1.03726 -0.0348519 0.000449673
84 72.615 -13.542 1.15922 -0.0395442 0.000515942
85 66.9505 -12.6644 1.1083 -0.0380546 0.000501146
86 65.4238 -11.2772 0.974113 -0.033608 0.000452559
87 65.8651 -12.427 1.0897 -0.0376058 0.000497834
88 70.071 -13.2362 1.14614 -0.0391565 0.00051309
89 54.0729 -10.2243 0.9199 -0.0317963 0.000425542
90 63.794 -12.0115 1.05812 -0.0365654 0.0004853
91 63.719 -11.9226 1.04605 -0.0360145 0.000477457
92 68.8683 -12.9304 1.13958 -0.0397626 0.000533637
93 56.2457 -10.5522 0.937226 -0.0322021 0.0004297
94 62.1433 -11.5031 1.00773 -0.0346417 0.000460194
95 70.2806 -13.1125 1.14729 -0.0399525 0.000532389
