0 20.9684 -6.25016 0.757674 -0.0277636 0.000379063
1 33.4812 -8.93592 0.999366 -0.0377869 0.000532262
2 27.2906 -8.68112 0.983552 -0.036308 0.000492212
3 29.1291 -9.36821 1.10619 -0.0440762 0.000647768
4 29.7431 -8.26829 0.934729 -0.034854 0.00048563
5 22.2428 -6.62547 0.756465 -0.0263894 0.000344246
6 28.7185 -8.55144 0.910814 -0.0310139 0.000389422
7 31.6784 -8.02648 0.865747 -0.0309462 0.000418566
8 23.9541 -6.58996 0.755473 -0.0269966 0.000363808
9 23.6897 -6.43636 0.736904 -0.02592 0.000345875
10 33.7584 -10.4524 1.16331 -0.0444282 0.000625371
11 22.1682 -6.73012 0.79436 -0.0291118 0.00040114
12 33.6704 -10.4226 1.15293 -0.0433328 0.00059604
13 41.3557 -12.5423 1.3384 -0.050554 0.000700939
14 25.2164 -6.62053 0.741451 -0.0259784 0.00034546
15 20.8988 -6.23397 0.71987 -0.0252476 0.000333071
16 20.4829 -6.20782 0.702471 -0.0236273 0.000299541
17 32.6392 -9.88519 1.07584 -0.0395828 0.000540962
18 18.1453 -5.25955 0.622339 -0.0212135 0.000273493
19 18.9342 -5.60351 0.669073 -0.0237338 0.000320336
20 21.351 -6.54588 0.807882 -0.0316426 0.000466417
21 26.5212 -8.07753 0.927938 -0.0349055 0.000488591
22 27.0527 -8.09493 0.878933 -0.0307173 0.000399561
23 19.593 -5.4266 0.638754 -0.0223051 0.000298332
24 26.7737 -8.50984 0.982513 -0.0374198 0.000530699
25 29.5415 -8.90068 0.965168 -0.0344209 0.000453921
26 28.0375 -8.64812 0.99503 -0.0379189 0.000537828
27 29.5093 -7.1783 0.787098 -0.0281107 0.000382336
28 7.37652 -3.50507 0.496628 -0.0174304 0.000235261
29 20.8333 -5.4805 0.652574 -0.0232581 0.000314618
30 15.2892 -4.20892 0.506609 -0.0163126 0.000204287
31 24.9141 -7.32447 0.789063 -0.0266521 0.000336679
32 27.2127 -8.56176 0.997463 -0.0380768 0.000538257
33 37.6604 -11.8961 1.29284 -0.0487523 0.000674653
34 28.5341 -8.78545 0.97038 -0.0348508 0.000458488
35 48.4874 -14.3582 1.45365 -0.0528772 0.000710077
36 33.4591 -10.607 1.18441 -0.0447361 0.000614185
37 11.4059 -5.30998 0.680341 -0.0246209 0.000330192
38 22.4172 -6.83552 0.813524 -0.0302095 0.000416276
39 19.3052 -6.7987 0.793757 -0.0280206 0.000365139
40 30.7634 -9.92785 1.14643 -0.0448819 0.000648713
41 37.1189 -11.3707 1.20985 -0.0444242 0.000596638
42 26.7981 -8.75676 0.958673 -0.0339661 0.000443459
43 35.6211 -10.8591 1.16391 -0.0425106 0.000571217
44 44.7682 -13.8714 1.48999 -0.0574036 0.000811025
45 27.4517 -8.18819 0.888091 -0.0308526 0.000393916
46 20.3524 -7.29212 0.831546 -0.0297195 0.000396299
47 34.1409 -10.2264 1.06885 -0.0379606 0.000497476
48 24.0121 -7.38464 0.863367 -0.0323397 0.000451669
49 27.7757 -8.47776 0.950842 -0.0346242 0.000464979
50 27.747 -8.37082 0.921346 -0.0329927 0.000434885
51 27.5176 -8.97334 0.984005 -0.0356318 0.000477492
52 9.64731 -4.4372 0.607735 -0.022616 0.000317933
53 30.3909 -9.87678 1.10065 -0.0415418 0.000578309
54 22.1759 -7.05593 0.812051 -0.0289616 0.000382419
55 30.14 -9.32189 1.04156 -0.0391298 0.000542878
56 26.2013 -8.73308 0.992148 -0.0372989 0.000520419
57 33.6882 -10.8608 1.1925 -0.0450668 0.000631539
58 37.9374 -11.5853 1.21855 -0.0444722 0.000598988
59 24.4717 -7.33489 0.81645 -0.028682 0.000377245
60 26.0844 -8.1789 0.928811 -0.0342161 0.000466812
61 18.865 -6.6409 0.757585 -0.0265878 0.000350714
62 22.4779 -6.70169 0.777275 -0.0281664 0.000384378
63 14.2024 -4.12131 0.548743 -0.0201869 0.000287568
64 33.6498 -7.89676 0.847352 -0.0303546 0.000410737
65 35.4556 -8.21972 0.860393 -0.0302709 0.000400565
66 47.3712 -10.1396 0.997445 -0.0344571 0.000449578
67 52.5403 -11.1745 1.0811 -0.0376513 0.000492736
68 48.2636 -10.6396 1.05967 -0.0378518 0.000509451
69 45.2274 -9.74115 0.948507 -0.0323864 0.00041859
70 41.4132 -9.84637 1.03304 -0.0381 0.000529807
71 53.4749 -10.8426 1.00939 -0.0333733 0.000416533
72 31.9953 -7.88698 0.853132 -0.0306925 0.000419946
73 49.2159 -10.2107 0.968011 -0.0323515 0.000406894
74 35.8205 -8.07775 0.817725 -0.0273345 0.000344528
75 38.2828 -7.88764 0.750238 -0.0237161 0.000288007
76 45.6041 -9.46945 0.911349 -0.0304208 0.000380829
77 55.0771 -11.8508 1.14437 -0.0409185 0.000554147
78 42.7397 -9.80274 1.01051 -0.0369431 0.000510816
79 34.9199 -7.73013 0.788822 -0.0266632 0.000347923
80 45.7451 -9.36467 0.897845 -0.0303277 0.000394466
81 52.7807 -10.57 0.979373 -0.0327001 0.000419353
82 53.0519 -11.0126 1.04867 -0.0362893 0.000475572
83 45.9896 -9.3602 0.890586 -0.0297355 0.000382467
84 40.8033 -8.47295 0.825695 -0.0278075 0.000363688
85 32.2561 -7.11795 0.758556 -0.0269244 0.00037183
86 45.022 -8.65298 0.815159 -0.0269398 0.000354519
87 38.7112 -8.07547 0.810468 -0.0279115 0.000371912
88 36.424 -8.14192 0.849906 -0.030383 0.0004228
89 41.3779 -8.38653 0.818587 -0.027576 0.000364541
90 34.57 -7.04745 0.70063 -0.0229801 0.000295878
91 38.8635 -7.87732 0.766776 -0.0250847 0.0003149
92 33.4721 -7.37541 0.789168 -0.0287865 0.00040782
93 48.2547 -10.1611 1.01985 -0.0373411 0.000525374
94 46.4004 -9.38377 0.913577 -0.0312712 0.000411469
95 40.6952 -8.22985 0.816695 -0.0280954 0.000376613
