0 32.5121 -7.79913 0.837787 -0.0298819 0.00040684
1 20.5388 -5.90743 0.699675 -0.0250833 0.00034191
2 24.603 -6.12136 0.680195 -0.0232378 0.000303573
3 27.8289 -7.41656 0.845698 -0.0315183 0.000444004
4 33.5268 -7.71076 0.796828 -0.027232 0.000357521
5 27.818 -6.55802 0.689116 -0.0227525 0.000291356
6 20.8732 -6.15852 0.729684 -0.0266886 0.000368971
7 38.9213 -8.76785 0.886763 -0.0306724 0.00040498
8 25.7407 -6.4716 0.714819 -0.0248006 0.000328165
9 35.2855 -7.90058 0.806403 -0.0273945 0.000354742
10 26.125 -6.58339 0.729831 -0.0257286 0.000348985
11 24.9843 -5.90075 0.641421 -0.0213058 0.000273809
12 27.1577 -6.69111 0.731211 -0.0255783 0.000343856
13 20.1461 -5.43651 0.624659 -0.021383 0.000285198
14 20.6648 -5.43728 0.616738 -0.0208937 0.000277907
15 21.9275 -5.26202 0.574561 -0.0185156 0.000230006
16 31.597 -7.03534 0.727533 -0.0244949 0.00031843
17 30.3582 -6.75158 0.692794 -0.0228205 0.000293009
18 25.2701 -5.74052 0.606715 -0.0195275 0.000245733
19 34.997 -7.14183 0.696923 -0.0221421 0.00027444
20 21.0679 -5.63116 0.655279 -0.0234154 0.000326182
21 35.0877 -7.22424 0.718529 -0.0234824 0.000295939
22 22.1291 -5.15764 0.567524 -0.018709 0.000244942
23 21.5295 -4.9823 0.554831 -0.0181861 0.00023443
24 25.6217 -5.71084 0.591694 -0.0184221 0.000225624
25 30.4675 -6.81256 0.71068 -0.0239838 0.000314071
26 26.3367 -5.69426 0.58992 -0.0187112 0.000232232
27 32.2524 -6.57295 0.641744 -0.0199345 0.0002419
28 38.2387 -7.5594 0.713417 -0.0223896 0.00027486
29 24.2178 -5.64567 0.61935 -0.0210057 0.000280845
30 28.9666 -5.80586 0.589892 -0.0185337 0.000230936
31 32.6931 -7.33991 0.778263 -0.0276033 0.000374388
32 79.5305 -15.5068 1.36179 -0.0454687 0.000571538
33 53.6778 -10.1375 0.899805 -0.0281348 0.000335946
34 57.0145 -11.0254 0.984822 -0.0316046 0.000388756
35 60.6268 -12.1251 1.10568 -0.036881 0.000465887
36 73.518 -13.9488 1.21139 -0.0395222 0.000489129
37 76.7411 -14.3029 1.22782 -0.0398739 0.000491575
38 57.216 -11.2696 1.02109 -0.0331094 0.000402214
39 59.4601 -12.4913 1.19553 -0.0428154 0.000579996
40 61.5515 -11.7165 1.02432 -0.0326311 0.000399406
41 66.3949 -12.9548 1.14745 -0.0374528 0.000458667
42 60.1862 -11.784 1.05369 -0.0345258 0.000428454
43 60.9295 -11.4622 1.00019 -0.0317632 0.000384663
44 67.8366 -12.9258 1.12727 -0.0365551 0.000451172
45 58.7362 -10.8328 0.920847 -0.0279979 0.000328753
46 64.8718 -11.9838 1.01664 -0.0317284 0.000380222
47 62.5802 -12.8616 1.21158 -0.0429859 0.000575501
48 68.6039 -13.0724 1.13888 -0.0369673 0.000454474
49 71.852 -13.6328 1.17593 -0.0379338 0.000462468
50 60.9229 -11.8879 1.07777 -0.0359009 0.000454972
51 62.7337 -12.1169 1.0799 -0.0356957 0.000449143
52 62.0855 -11.7862 1.033 -0.0333266 0.000412391
53 56.3641 -10.7309 0.952877 -0.0308696 0.000386602
54 61.8082 -11.6506 1.02616 -0.0335612 0.000428277
55 55.3258 -10.6254 0.960712 -0.031361 0.000388655
56 65.3082 -11.9028 0.993458 -0.030156 0.000350824
57 67.4129 -13.0131 1.14368 -0.0371909 0.000455728
58 59.8048 -11.4331 1.01625 -0.0330008 0.000409735
59 66.2767 -12.4625 1.0816 -0.0347436 0.000427701
60 55.5825 -10.6562 0.951845 -0.030748 0.000382857
61 59.5928 -11.2136 0.98223 -0.0312457 0.000379287
62 70.6717 -13.4327 1.17752 -0.0385997 0.000479984
63 52.976 -9.79847 0.869934 -0.0275328 0.000340141
64 38.135 -7.87387 0.758735 -0.0241564 0.000293126
65 34.4792 -8.23377 0.871633 -0.0310133 0.000418617
66 23.9207 -5.77176 0.632707 -0.020815 0.000264078
67 38.887 -8.26323 0.821929 -0.0278126 0.000361174
68 24.3743 -6.15286 0.679452 -0.0231165 0.000299036
69 30.4768 -7.5324 0.816184 -0.0292798 0.000402177
70 30.5104 -7.21528 0.758937 -0.0260964 0.000346085
71 36.6101 -8.30315 0.863571 -0.0304516 0.000406041
72 32.6641 -7.70114 0.808999 -0.0280731 0.000370259
73 23.5528 -5.99663 0.668586 -0.0230598 0.000308351
74 46.3403 -9.22042 0.857796 -0.0274606 0.000336681
75 20.73 -5.70687 0.659009 -0.0233658 0.000322018
76 30.0723 -7.07808 0.750177 -0.0258094 0.00033998
77 34.0635 -7.72487 0.79153 -0.0272193 0.000357741
78 34.4102 -7.80705 0.813141 -0.0286244 0.000389703
79 15.4644 -4.22847 0.51337 -0.0173318 0.000233932
80 33.0918 -7.21697 0.738659 -0.0246548 0.000315936
81 27.5568 -6.05261 0.617238 -0.0194137 0.000239666
82 32.152 -7.02502 0.720889 -0.0245189 0.000325838
83 27.6948 -5.99958 0.624991 -0.0203603 0.000259272
84 39.0196 -7.9774 0.774548 -0.0254701 0.000326763
85 42.4871 -7.94963 0.728714 -0.0221181 0.000260446
86 22.1582 -4.99799 0.551001 -0.0177089 0.00022568
87 24.3188 -5.64645 0.61851 -0.0206679 0.000269356
88 30.9391 -6.62865 0.681836 -0.0226257 0.000293286
89 38.1936 -7.6695 0.748704 -0.0244374 0.000312237
90 36.4413 -7.35732 0.732533 -0.024491 0.00032353
91 33.4222 -7.00352 0.71161 -0.0235959 0.000302626
92 22.6384 -5.09609 0.573682 -0.0196361 0.000271021
93 29.439 -6.4045 0.680537 -0.0230967 0.000305141
94 39.4431 -7.32677 0.692267 -0.0213474 0.00025717
95 40.4398 -7.36121 0.691661 -0.0220318 0.000284912
