0 45.7556 -9.31226 0.876501 -0.0303682 0.000407448
1 47.9512 -9.98961 0.951578 -0.0339087 0.000462432
2 57.7406 -11.8021 1.09298 -0.0388439 0.000524492
3 49.7359 -10.1807 0.957016 -0.0337719 0.000458851
4 39.6702 -8.40721 0.808282 -0.0282177 0.000383044
5 49.5946 -10.2214 0.95445 -0.0334095 0.000449622
6 38.3999 -8.64812 0.870848 -0.0318198 0.000446701
7 39.8307 -8.41072 0.808325 -0.0284509 0.000387756
8 49.2497 -10.1663 0.954934 -0.0337321 0.000456451
9 40.9354 -8.80076 0.855297 -0.0305273 0.000420802
10 43.401 -9.18161 0.87962 -0.0311293 0.000425494
11 45.2217 -9.30983 0.883753 -0.0311565 0.000422021
12 45.3146 -9.31711 0.871105 -0.0303991 0.000409652
13 42.9317 -8.91277 0.849566 -0.0300134 0.00040969
14 53.7823 -10.6705 0.971409 -0.0337116 0.000451996
15 40.7736 -8.5674 0.824231 -0.0289861 0.000394464
16 44.5629 -9.06177 0.851779 -0.0297258 0.000403488
17 47.3629 -9.64765 0.902946 -0.0317248 0.000429762
18 56.8729 -10.8711 0.958423 -0.0323829 0.00042344
19 38.0257 -7.82618 0.75517 -0.0265347 0.000363643
20 41.558 -8.42133 0.793582 -0.0274804 0.000369684
21 43.4675 -8.96301 0.854083 -0.0301753 0.000415221
22 48.7597 -9.64865 0.886264 -0.030692 0.000413234
23 41.841 -8.49399 0.804624 -0.0280208 0.00037959
24 36.2372 -7.57737 0.739205 -0.0260026 0.000359916
25 43.2677 -8.61618 0.803408 -0.0277416 0.000373489
26 42.5377 -8.64872 0.82225 -0.0287997 0.000395101
27 45.0761 -8.97831 0.83809 -0.0292067 0.000395418
28 31.4449 -6.75371 0.683978 -0.0245253 0.000347818
29 43.3547 -8.60763 0.807564 -0.0281417 0.000383259
30 42.7281 -8.52205 0.805228 -0.0281215 0.000386053
31 41.8389 -8.49134 0.812934 -0.0288222 0.000399306
32 58.8909 -11.5735 1.05346 -0.0371307 0.000501884
33 49.5687 -9.80837 0.911095 -0.0322887 0.000443455
34 43.7916 -8.92385 0.852926 -0.0304729 0.000420925
35 57.2071 -11.2576 1.02486 -0.0360485 0.000485882
36 42.7004 -8.90004 0.86262 -0.0312146 0.000435448
37 54.8027 -10.7151 0.97511 -0.0341743 0.00046314
38 67.1523 -13.0359 1.16954 -0.0413371 0.000557279
39 60.2874 -11.7746 1.05882 -0.0370055 0.000494657
40 59.8805 -11.7167 1.05336 -0.0366746 0.000490194
41 50.1063 -9.95074 0.921395 -0.0326306 0.000446876
42 49.1375 -9.79266 0.905416 -0.0317979 0.000432229
43 51.5661 -10.1644 0.930874 -0.032587 0.000439804
44 59.5647 -11.5438 1.03526 -0.0360433 0.000484044
45 55.8262 -10.9335 0.988894 -0.0346487 0.000469526
46 55.3959 -10.8828 0.987603 -0.0346343 0.000469039
47 48.1857 -9.42386 0.870241 -0.0305711 0.000418433
48 53.6916 -10.2443 0.919583 -0.0318527 0.000429588
49 67.3404 -12.7112 1.10224 -0.0376878 0.000496117
50 44.9094 -8.83595 0.825301 -0.0291395 0.000402069
51 60.2321 -11.4583 1.00961 -0.0347744 0.000462304
52 60.0056 -11.4745 1.01961 -0.035327 0.000473805
53 52.8206 -9.95699 0.888274 -0.0306576 0.000411796
54 65.2841 -11.4112 0.937266 -0.0296415 0.000363879
55 53.6916 -10.2756 0.928741 -0.0323536 0.000437473
56 61.349 -11.5911 1.01466 -0.0347777 0.000461617
57 49.8868 -9.60392 0.876694 -0.03064 0.000418028
58 42.3386 -8.34998 0.788717 -0.0277577 0.000381268
59 45.2442 -9.11904 0.86081 -0.0307426 0.000426652
60 45.4379 -8.77525 0.81158 -0.0285134 0.000393255
61 44.4315 -8.5084 0.786251 -0.0275563 0.000379323
62 51.162 -9.69602 0.881803 -0.0308757 0.000424332
63 54.9808 -10.6579 0.973618 -0.0345706 0.000473837
64 20.8998 -5.79374 0.652305 -0.0242244 0.000348727
65 26.3626 -6.01692 0.631013 -0.0226985 0.000322915
66 20.6853 -5.70292 0.646398 -0.0239716 0.000343345
67 20.5881 -5.69388 0.64405 -0.0240405 0.000345882
68 26.1811 -6.60956 0.713445 -0.0261966 0.000371728
69 21.6341 -6.00366 0.666684 -0.0246173 0.000349397
70 26.1496 -6.48095 0.691575 -0.0251281 0.00035235
71 23.3892 -6.90495 0.756859 -0.0280115 0.000393741
72 28.6678 -6.90135 0.716274 -0.0257473 0.000358472
73 21.4291 -5.66647 0.633444 -0.0233038 0.000333119
74 30.3547 -7.17821 0.746686 -0.0271494 0.000383435
75 25.1469 -7.19255 0.770792 -0.0283004 0.000395111
76 20.6494 -5.53904 0.624953 -0.0230263 0.000328682
77 21.4794 -5.60442 0.616644 -0.0225267 0.000319548
78 22.3829 -5.84783 0.638051 -0.0231387 0.000325573
79 31.6792 -7.34308 0.752059 -0.0271441 0.000377067
80 26.2464 -6.3488 0.674015 -0.0244729 0.000345656
81 30.9772 -6.99835 0.710236 -0.0252791 0.000349538
82 29.7335 -6.84913 0.70481 -0.0254754 0.000359038
83 26.1485 -6.20311 0.656525 -0.0237035 0.000334599
84 30.5264 -6.8385 0.692853 -0.02461 0.000341408
85 27.6083 -7.80931 0.816961 -0.029603 0.0004073
86 22.9946 -5.39725 0.582738 -0.0209015 0.000296521
87 26.0769 -6.09258 0.64923 -0.0235772 0.000334762
88 21.047 -5.06889 0.556113 -0.0198237 0.000282819
89 22.8295 -5.57032 0.61371 -0.0223702 0.000319261
90 27.5334 -6.43883 0.67606 -0.0243121 0.000340445
91 17.9006 -4.61918 0.532512 -0.0194162 0.000278567
92 16.7705 -4.39149 0.518253 -0.0192071 0.000282175
93 26.0543 -5.90868 0.62733 -0.0226431 0.000320011
94 28.4384 -6.1366 0.632251 -0.0225855 0.000316814
95 13.7992 -3.80979 0.470037 -0.0174688 0.000259423
