0 31.3662 -4.19765 0.272937 -0.00250705 -2.20674e-05
1 38.0329 -8.61571 0.86668 -0.0316347 0.000444103
2 44.0995 -9.53885 0.928377 -0.0334812 0.000466213
3 46.1263 -9.60648 0.914277 -0.032489 0.000448655
4 35.4663 -7.76418 0.76 -0.0264367 0.000358768
5 39.1971 -8.37944 0.816159 -0.0288127 0.000394357
6 62.236 -12.1612 1.08254 -0.037179 0.000490085
7 51.2976 -10.2432 0.937848 -0.0325723 0.000438594
8 46.985 -9.61919 0.899003 -0.0313682 0.000423241
9 47.4135 -9.82188 0.928639 -0.0328826 0.000449097
10 49.7194 -9.9378 0.910021 -0.031267 0.000417418
11 45.8072 -9.40609 0.889092 -0.0312807 0.000425323
12 44.6564 -9.07091 0.842574 -0.0289536 0.000387154
13 38.2707 -8.27283 0.815464 -0.0293482 0.000409649
14 51.4102 -10.234 0.942653 -0.0329943 0.000445999
15 41.4937 -8.53534 0.816005 -0.0287737 0.000394691
16 39.9382 -8.27112 0.797029 -0.0282032 0.000388972
17 33.4046 -7.44819 0.755783 -0.0273265 0.000384424
18 36.9707 -8.00094 0.799866 -0.0290892 0.000410096
19 59.0068 -11.1223 0.978631 -0.0330034 0.00043105
20 46.4846 -9.27976 0.859802 -0.0297083 0.000400756
21 46.9516 -9.40121 0.87387 -0.0303939 0.000409245
22 35.2557 -7.4983 0.745316 -0.0265888 0.000371836
23 43.7412 -8.71425 0.817425 -0.0284465 0.000385949
24 43.0511 -8.84534 0.844028 -0.0299695 0.000414106
25 40.2871 -8.43385 0.815158 -0.0290662 0.000404466
26 33.8033 -7.47037 0.757268 -0.027391 0.000384192
27 46.8425 -9.53 0.896145 -0.0316241 0.000431507
28 40.5354 -8.47264 0.82383 -0.0294247 0.000407276
29 41.6645 -8.39558 0.793868 -0.0277426 0.000381053
30 38.831 -8.19803 0.812931 -0.0296187 0.000418545
31 48.3478 -9.40647 0.869083 -0.0303074 0.000411284
32 41.9291 -11.826 1.17187 -0.0420607 0.000564131
33 35.5444 -9.99482 1.00911 -0.0361976 0.000488419
34 27.4799 -8.18368 0.881958 -0.0325757 0.000452602
35 22.3551 -6.36572 0.698252 -0.0252055 0.000348156
36 28.2081 -8.19236 0.874563 -0.0320845 0.000442742
37 25.991 -8.17779 0.879093 -0.0322508 0.000446359
38 27.5073 -8.13683 0.87998 -0.0326919 0.000456682
39 24.2959 -6.95988 0.765112 -0.0283495 0.000400599
40 23.9289 -6.98948 0.764962 -0.028141 0.000394238
41 27.6839 -7.96429 0.851104 -0.0312937 0.000433449
42 24.3879 -7.02446 0.769186 -0.0284207 0.000399413
43 25.8285 -7.47365 0.807423 -0.0296867 0.000414165
44 22.3947 -5.96546 0.663229 -0.0242183 0.000341595
45 21.5547 -5.94234 0.661627 -0.0240997 0.000338524
46 20.2238 -5.22545 0.580973 -0.0205855 0.00028351
47 25.389 -7.33542 0.787177 -0.0286279 0.000395771
48 25.2523 -7.25521 0.785187 -0.0287652 0.000400294
49 27.4344 -7.90447 0.843638 -0.0308276 0.000427091
50 21.442 -6.00231 0.670951 -0.0246399 0.000349602
51 31.0967 -8.93376 0.927595 -0.0337943 0.000463341
52 28.4468 -8.32344 0.875052 -0.0319461 0.000440055
53 29.5711 -6.89937 0.715821 -0.0257255 0.00035691
54 20.5549 -5.75722 0.651307 -0.0240428 0.000342606
55 29.1134 -8.45968 0.873941 -0.0314112 0.000426812
56 27.2484 -7.74625 0.821586 -0.0299778 0.000413809
57 26.8232 -6.40213 0.669444 -0.023693 0.00032686
58 19.879 -5.65853 0.648489 -0.0242044 0.000347911
59 24.2682 -6.93179 0.750985 -0.0272386 0.00037579
60 25.8404 -6.29279 0.670942 -0.0242592 0.000340388
61 20.5525 -5.54103 0.611879 -0.021951 0.000307176
62 25.4245 -7.34431 0.79816 -0.0294465 0.000413449
63 21.9286 -6.21665 0.689943 -0.0254263 0.000358507
64 37.6774 -8.09584 0.791211 -0.0277949 0.000378003
65 34.8684 -7.44992 0.727442 -0.0248189 0.000332218
66 52.5037 -10.644 0.988941 -0.0345818 0.000464546
67 30.6707 -6.97495 0.718829 -0.0257111 0.00035771
68 48.7182 -9.9467 0.925698 -0.0319504 0.000426948
69 42.3412 -8.77045 0.821032 -0.0281147 0.000373133
70 45.2702 -9.51539 0.907789 -0.0321418 0.000437349
71 36.9664 -8.12956 0.814398 -0.0294147 0.00041047
72 36.5771 -7.75601 0.752185 -0.0256498 0.000342597
73 33.712 -7.24673 0.708373 -0.0242689 0.000329478
74 41.7441 -8.59053 0.813491 -0.027688 0.000366125
75 35.002 -7.87142 0.796438 -0.0287777 0.000400574
76 40.7914 -8.51623 0.817172 -0.0285567 0.000387435
77 32.5645 -7.55328 0.773563 -0.028141 0.000397521
78 33.3614 -7.54892 0.767865 -0.0278058 0.000388392
79 44.6697 -9.59374 0.947137 -0.0349774 0.000496951
80 44.3539 -8.94987 0.834833 -0.0287197 0.000386067
81 17.0433 -1.24471 0.007286 0.008643 -0.000215677
83 51.3066 -10.1014 0.934441 -0.0327377 0.000447027
84 34.0598 -7.38458 0.742644 -0.0266975 0.000374279
85 29.2691 -6.79168 0.720042 -0.0265886 0.000383345
86 33.6159 -7.33478 0.746746 -0.026997 0.000379087
87 37.5631 -8.24819 0.840422 -0.031231 0.000449287
88 42.4526 -8.7904 0.846748 -0.0300025 0.000413138
89 47.0219 -9.56007 0.906714 -0.0321346 0.000442303
90 39.7047 -7.81078 0.739611 -0.0252603 0.000340171
91 33.2092 -7.14625 0.733487 -0.0267909 0.000380624
92 28.7121 -6.79444 0.735118 -0.0278331 0.000409968
93 36.6505 -7.71797 0.763769 -0.0272089 0.000377704
94 31.2669 -6.63515 0.679445 -0.0243262 0.000343884
95 34.1502 -7.49167 0.780284 -0.0293435 0.000429214
