0 139.25 -32.6256 2.73779 -0.0933547 0.00117626
1 16.8397 -6.6511 0.754305 -0.0281955 0.000397516
2 23.9746 -8.19619 0.871274 -0.032016 0.00044488
3 46.0995 -13.0125 1.23682 -0.0438449 0.000582625
4 58.3381 -15.5792 1.44124 -0.0510677 0.000676063
5 -3.75368 -2.71076 0.465291 -0.0189877 0.000291116
6 25.3999 -8.53801 0.887563 -0.0321734 0.000441918
7 1.56341 -3.57699 0.52657 -0.0208165 0.000307783
8 7.19977 -4.57022 0.573869 -0.0216484 0.000314219
9 22.5107 -8.02089 0.861971 -0.0316988 0.000437412
10 34.8212 -10.2347 1.00965 -0.0357187 0.000474143
11 32.5686 -10.0105 1.00691 -0.0363818 0.000493558
12 31.2098 -9.82055 1.00503 -0.0369791 0.000512819
13 -0.538854 -2.92934 0.448527 -0.0175994 0.000266195
14 8.21926 -5.11207 0.638341 -0.0243436 0.000351201
15 18.5872 -6.95875 0.781126 -0.029138 0.000408145
16 36.0687 -10.5428 1.02026 -0.0358919 0.000477823
17 73.7511 -18.7989 1.66279 -0.0574497 0.000739541
18 31.315 -9.9517 0.9917 -0.035371 0.000477128
19 34.533 -10.0454 0.980077 -0.0345034 0.000459865
20 46.0512 -12.633 1.18907 -0.041642 0.000545931
21 111.563 -25.4117 2.06225 -0.0675176 0.000827837
22 -1.03825 -2.82954 0.437186 -0.016863 0.000249964
23 9.57502 -5.20048 0.624118 -0.0232308 0.000331277
24 42.1623 -12.0658 1.16339 -0.0414506 0.000552104
25 6.07877 -4.70571 0.611775 -0.0237159 0.000347131
26 25.9811 -8.26633 0.862954 -0.0313291 0.000427606
27 19.8225 -7.21329 0.779224 -0.0284189 0.000391408
28 23.9846 -7.81145 0.809103 -0.0290243 0.000397546
29 20.7696 -7.15843 0.777752 -0.0286191 0.000401054
30 19.8091 -6.98678 0.758076 -0.0277016 0.000386503
31 38.7197 -11.1172 1.06094 -0.0371726 0.000492113
32 34.5083 -7.46178 0.761799 -0.0276676 0.000389193
33 37.9193 -8.04888 0.804168 -0.0288202 0.000398613
34 22.2933 -5.48278 0.616229 -0.0228003 0.000330185
35 27.7359 -6.45304 0.690697 -0.0254154 0.00036099
36 37.0771 -8.07784 0.809853 -0.0292302 0.000408595
37 29.2546 -6.68222 0.706592 -0.0258142 0.000365583
38 45.5027 -9.24103 0.88416 -0.0314377 0.000430199
39 29.8415 -6.49535 0.6737 -0.0241435 0.000337584
40 34.7295 -7.37786 0.740039 -0.0263377 0.000363044
41 36.1806 -7.87008 0.787333 -0.0282749 0.000392042
42 40.7012 -8.28696 0.795723 -0.0279323 0.000381524
43 36.8271 -7.68363 0.759741 -0.0270724 0.000371889
44 38.0141 -7.82575 0.765899 -0.0270957 0.000374498
45 33.8776 -7.28414 0.739538 -0.0266683 0.000374661
46 37.0775 -7.67241 0.749388 -0.0265417 0.000364946
47 30.5721 -6.60757 0.673939 -0.0240099 0.000332708
48 35.3401 -7.00926 0.681743 -0.0237215 0.000324769
49 32.2661 -6.84983 0.692242 -0.0245828 0.00034314
50 35.0443 -7.21394 0.718266 -0.0255365 0.000358309
51 40.0766 -8.03219 0.777426 -0.0276426 0.000383746
52 29.2867 -6.32388 0.653109 -0.0232864 0.000325991
53 34.7684 -6.95455 0.684603 -0.0241007 0.000332645
54 37.8369 -7.45387 0.715262 -0.0248699 0.000339663
55 40.4607 -7.81305 0.739869 -0.0256358 0.000350036
56 29.4674 -6.21725 0.634413 -0.0224105 0.000313998
57 25.7241 -5.54005 0.589954 -0.0211429 0.000301211
58 30.1396 -6.42707 0.660399 -0.0235199 0.000328228
59 19.458 -4.54987 0.515256 -0.0186578 0.000268352
60 24.3758 -5.15624 0.539221 -0.0188795 0.000265536
61 29.4102 -6.11431 0.622725 -0.0220812 0.000309937
62 31.1147 -6.18075 0.613227 -0.0213432 0.00029546
63 35.5249 -6.88286 0.665084 -0.0230757 0.000315358
64 29.2491 -6.86088 0.719883 -0.0260743 0.00036472
65 30.1932 -6.98799 0.731769 -0.0266567 0.000373737
66 27.3092 -6.4797 0.688927 -0.0249623 0.000349323
67 24.6243 -5.82181 0.635117 -0.0231855 0.00033057
68 39.5999 -8.20166 0.794997 -0.0278121 0.000379692
69 25.0983 -6.09609 0.661051 -0.0240472 0.000341243
70 21.9666 -5.71981 0.641311 -0.0237079 0.000339634
71 34.194 -7.35461 0.744586 -0.0264259 0.000365519
72 21.4983 -5.98386 0.66934 -0.0246743 0.000352162
73 28.0806 -6.70337 0.714653 -0.0262645 0.000374979
74 27.071 -6.27287 0.659933 -0.0236538 0.00032887
75 26.1489 -5.86932 0.622126 -0.0221761 0.000313263
76 39.8029 -8.26411 0.808078 -0.0286443 0.000395389
77 23.9502 -5.68766 0.612182 -0.0220526 0.000312881
78 26.0491 -5.92889 0.623617 -0.0223171 0.000313314
79 18.1747 -4.74019 0.54825 -0.0201201 0.000291369
80 28.9169 -6.13391 0.62177 -0.0218036 0.000303139
81 22.6666 -5.51068 0.606253 -0.0219333 0.000312689
82 33.0131 -7.03629 0.706413 -0.0251732 0.000353807
83 27.3084 -6.03346 0.628435 -0.0224018 0.000316329
84 22.2113 -4.95625 0.529471 -0.0185685 0.000260946
85 31.7409 -6.57971 0.659803 -0.0230753 0.000317892
86 35.5589 -7.37292 0.733782 -0.0260751 0.000365012
87 16.008 -4.09751 0.492315 -0.0179626 0.00026057
88 31.5901 -6.75301 0.684832 -0.0240727 0.000333811
89 27.8204 -6.36135 0.67936 -0.0246656 0.000350555
90 22.6429 -5.09852 0.559137 -0.0200498 0.000285999
91 23.8112 -5.46621 0.594669 -0.0215152 0.00030565
92 16.1698 -3.66738 0.429096 -0.0150408 0.000220153
93 25.1951 -5.28615 0.556109 -0.0194158 0.000270793
94 21.7238 -4.75887 0.517218 -0.0180808 0.000255432
95 21.86 -4.89889 0.548111 -0.0199804 0.000290336
