0 45.8947 -9.55077 0.924414 -0.0333586 0.000462122
1 40.065 -8.39767 0.828796 -0.0302055 0.000424761
2 32.6982 -7.45087 0.777992 -0.029025 0.000414673
3 45.4598 -9.50287 0.915873 -0.0329935 0.000453262
4 51.2746 -10.5448 0.998898 -0.0360241 0.000497637
5 47.3989 -9.77927 0.929269 -0.0333772 0.000458903
6 42.1206 -8.90881 0.86822 -0.0313195 0.000433388
7 42.4674 -8.82793 0.84303 -0.0299023 0.000407226
8 40.223 -8.53509 0.835891 -0.0301357 0.000418509
9 41.2127 -8.61825 0.835632 -0.030027 0.000414169
10 33.012 -7.80107 0.809697 -0.0301625 0.000429915
11 41.4128 -8.70163 0.851997 -0.0309835 0.000432294
12 42.0617 -8.71712 0.842962 -0.030272 0.000418941
13 56.6405 -11.1053 1.006 -0.0351274 0.000469713
14 39.6125 -8.16064 0.786129 -0.0280006 0.000385547
15 43.3828 -8.79009 0.832545 -0.0294259 0.000401853
16 54.0009 -10.3298 0.930813 -0.0323318 0.0004347
17 50.1979 -9.93957 0.921623 -0.0324074 0.000440443
18 41.5718 -8.36153 0.794366 -0.0278176 0.000380309
19 53.7499 -10.2581 0.924662 -0.0318587 0.000423686
20 42.6966 -8.59465 0.81884 -0.0291836 0.000404554
21 62.8585 -12.1905 1.08531 -0.0376958 0.000501034
22 44.7228 -8.75383 0.81256 -0.028153 0.000379785
23 48.9717 -9.45958 0.86531 -0.0299699 0.000402401
24 39.5189 -8.14177 0.785035 -0.027855 0.000384535
25 46.6181 -9.06547 0.837027 -0.0289729 0.000388698
26 32.3926 -6.89555 0.69373 -0.0248711 0.000347013
27 36.8028 -7.47397 0.7245 -0.0255913 0.000351735
28 40.9114 -8.2888 0.797149 -0.0285103 0.000396953
29 34.3905 -6.86229 0.669408 -0.0235178 0.00032677
30 33.4882 -6.824 0.676274 -0.0240682 0.000335939
31 55.2382 -10.33 0.92242 -0.0317816 0.000424219
32 20.4882 -6.1006 0.702441 -0.0266941 0.000388565
33 20.4772 -5.39186 0.618388 -0.0230863 0.000335204
34 25.719 -6.30803 0.68986 -0.0257013 0.000368672
35 27.1015 -7.995 0.860295 -0.0319678 0.000448151
36 18.7216 -5.26003 0.614905 -0.0230505 0.000336305
37 19.6541 -5.41502 0.639106 -0.024462 0.000361452
38 21.8511 -5.77674 0.657862 -0.0245919 0.000355699
39 19.9891 -5.40713 0.6248 -0.0234421 0.00034029
40 26.7097 -8.07136 0.867327 -0.0320972 0.000449223
41 21.6027 -5.56565 0.63211 -0.0235864 0.000342495
42 25.2923 -7.68621 0.821138 -0.0302598 0.000422957
43 19.95 -5.42721 0.623352 -0.0232943 0.000337789
44 20.599 -6.41607 0.720676 -0.0269929 0.000386479
45 21.8158 -6.27922 0.70512 -0.0264626 0.000380553
46 20.5022 -5.76607 0.656241 -0.0245146 0.000354253
47 17.4966 -4.45933 0.526271 -0.0195856 0.000286588
48 17.8602 -4.88403 0.55843 -0.0204472 0.000295745
49 24.8735 -5.56966 0.596153 -0.0215261 0.000306419
50 26.5492 -6.02652 0.645082 -0.0235843 0.000336512
51 17.642 -4.76361 0.548139 -0.0200625 0.000289
52 19.7036 -4.69074 0.53169 -0.019456 0.000281647
53 20.4827 -5.76663 0.649178 -0.0241829 0.000347982
54 25.8726 -5.93383 0.640757 -0.0235113 0.000338547
55 17.6905 -4.80153 0.569219 -0.0213635 0.000312054
56 18.2337 -4.92336 0.572729 -0.021391 0.000313821
57 19.5829 -5.42845 0.622985 -0.0232359 0.00033691
58 17.9275 -4.86187 0.57306 -0.0215987 0.000316284
59 22.7243 -5.29128 0.586195 -0.0215011 0.000309894
60 22.3628 -5.02984 0.547737 -0.0199215 0.000288978
61 22.0625 -6.48431 0.707491 -0.0259541 0.000366703
62 21.461 -4.99196 0.555561 -0.0203534 0.000295197
63 14.7438 -3.59156 0.434807 -0.0158685 0.000233916
64 59.0673 -11.7188 1.05278 -0.0364876 0.000482624
65 59.5302 -12.0737 1.09848 -0.0385974 0.00051988
66 45.991 -9.75415 0.925702 -0.0328569 0.000449292
67 52.4015 -10.7089 0.994937 -0.0350673 0.000473554
68 62.9369 -12.3803 1.10965 -0.0385337 0.000510299
69 50.7935 -10.5111 0.981955 -0.0346133 0.000466305
70 60.98 -11.9677 1.0621 -0.0362255 0.000475501
71 56.0962 -11.0421 1.00252 -0.0346374 0.000459397
72 50.4328 -10.1351 0.925463 -0.0318383 0.000422922
73 55.3307 -11.254 1.04216 -0.0369946 0.000504003
74 67.6807 -13.2726 1.17462 -0.0405559 0.000535225
75 52.0055 -10.4422 0.961022 -0.0335488 0.000452054
76 58.2375 -11.4659 1.02963 -0.0355295 0.000471973
77 55.1733 -11.0965 1.00762 -0.0350803 0.000469225
78 49.435 -9.76759 0.889171 -0.0305271 0.000406398
79 53.0018 -10.5162 0.955386 -0.0329902 0.000440387
80 56.2904 -10.7441 0.951234 -0.032386 0.000427965
81 64.8356 -12.4072 1.08102 -0.0368142 0.000483416
82 51.0028 -10.1683 0.93166 -0.0324867 0.000438237
83 40.9746 -8.41742 0.798817 -0.0279238 0.000381591
84 39.6692 -8.14725 0.777765 -0.027365 0.000374109
85 61.9756 -11.7939 1.04325 -0.0358051 0.000471605
86 48.436 -9.73079 0.902359 -0.031503 0.000424677
87 53.515 -10.2833 0.923726 -0.0316073 0.000418894
88 40.6115 -8.45472 0.813068 -0.028755 0.00039423
89 50.2448 -9.69484 0.874665 -0.0297117 0.000393696
90 44.0355 -8.85048 0.832801 -0.0290849 0.000394381
91 49.2413 -9.84177 0.91106 -0.0317259 0.000429056
92 43.5091 -8.70099 0.817342 -0.0284623 0.000387331
93 46.6806 -9.38654 0.875973 -0.0306296 0.000416571
94 52.3341 -10.1278 0.922453 -0.0320914 0.000435884
95 56.402 -10.6694 0.957634 -0.0331513 0.000445474
