0 28.0402 -9.08192 1.08684 -0.0436357 0.000648033
1 27.4089 -7.42467 0.845089 -0.0310677 0.000426651
2 32.1033 -8.69584 0.997363 -0.0388456 0.000564604
3 23.5827 -7.42943 0.873874 -0.0329584 0.000459995
4 23.771 -7.2283 0.850048 -0.0319781 0.000450213
5 32.4481 -10.1394 1.14238 -0.0440479 0.000626998
6 23.8128 -7.23759 0.8559 -0.032445 0.000463123
7 28.8795 -7.44624 0.82891 -0.0302016 0.000414925
8 34.0456 -8.618 0.939442 -0.0347095 0.000481657
9 27.1354 -6.92628 0.765975 -0.0272056 0.000366037
10 26.3617 -7.58701 0.889298 -0.0342777 0.000495492
11 25.1578 -7.1468 0.853294 -0.0335012 0.00049599
12 23.8608 -6.63272 0.756118 -0.0269352 0.000365285
13 25.6607 -7.86257 0.904865 -0.0340528 0.000476789
14 19.7979 -5.68605 0.647117 -0.0217671 0.000276916
15 17.4886 -4.83966 0.567769 -0.0190406 0.000246336
16 20.6527 -5.33675 0.607619 -0.020432 0.000265285
17 24.3126 -7.403 0.819501 -0.028681 0.00037487
18 21.4372 -5.85917 0.680401 -0.0243592 0.000334898
19 21.9962 -5.63907 0.660914 -0.0238992 0.000332879
20 27.0844 -6.69818 0.739154 -0.0261152 0.000352969
21 21.4256 -5.70281 0.658274 -0.0234323 0.000321944
22 20.7335 -6.09806 0.720044 -0.0262271 0.000363368
23 21.902 -5.76483 0.673809 -0.0244191 0.000341877
24 25.8859 -6.62475 0.739934 -0.0264987 0.000364334
25 18.1122 -5.16994 0.630738 -0.0227045 0.000314862
26 28.6683 -7.2268 0.824482 -0.0313726 0.000455868
27 23.9597 -7.42507 0.887937 -0.0346535 0.000506523
28 25.0948 -6.22315 0.69177 -0.0240477 0.000318728
29 25.0393 -7.5818 0.828884 -0.0289051 0.000375584
30 33.5057 -8.18071 0.903966 -0.0342253 0.000495566
31 34.7003 -10.7591 1.18675 -0.0457383 0.000652458
32 29.3775 -7.2167 0.777229 -0.0266991 0.000348829
33 35.4698 -7.69971 0.755921 -0.0240172 0.000292157
34 26.3732 -6.57137 0.708644 -0.023932 0.000311778
35 35.1628 -8.39256 0.869762 -0.0302609 0.000400704
36 34.0809 -8.708 0.941377 -0.0342351 0.000468187
37 25.0151 -6.36246 0.691389 -0.0230462 0.000293137
38 25.3773 -6.63362 0.73457 -0.0253288 0.000331866
39 25.7319 -6.63746 0.73779 -0.0259922 0.0003506
40 31.9989 -7.34871 0.746304 -0.0246984 0.000318374
41 24.1535 -6.33187 0.703009 -0.0244507 0.00032891
42 36.49 -8.89346 0.934867 -0.0335383 0.000454596
43 21.9901 -6.26419 0.72599 -0.0260453 0.000354889
44 23.371 -6.30697 0.711103 -0.0248857 0.000331806
45 33.2588 -7.46107 0.744478 -0.0242363 0.000303473
46 33.6881 -8.46704 0.909918 -0.0331852 0.000460275
47 26.0027 -6.85665 0.759288 -0.0270463 0.000367218
48 30.9439 -6.76289 0.676304 -0.0211929 0.000255623
49 40.8635 -9.13682 0.919011 -0.0318552 0.000425663
50 33.8938 -8.06648 0.854166 -0.0305963 0.000423672
51 22.5517 -5.91156 0.665303 -0.0232483 0.000318203
52 20.423 -5.11884 0.565683 -0.0179422 0.000222463
53 24.1803 -6.09397 0.684511 -0.0240885 0.000327486
54 29.801 -7.15701 0.783233 -0.0283635 0.000396193
55 24.4674 -5.84208 0.634393 -0.021156 0.000276871
56 22.3278 -5.36541 0.581174 -0.0188859 0.000241603
57 16.9636 -4.84403 0.577032 -0.0195046 0.00025426
58 24.7371 -6.22065 0.685753 -0.0234897 0.000311422
59 31.9302 -7.51388 0.804989 -0.0288612 0.000397697
60 33.5753 -7.5161 0.774078 -0.0268427 0.00036026
61 24.9754 -6.39262 0.723086 -0.0261872 0.000368683
62 20.3396 -4.77152 0.536345 -0.0173359 0.000222258
63 15.8899 -4.46313 0.541516 -0.0181655 0.000234816
64 48.221 -9.8671 0.946464 -0.0322579 0.000420326
65 46.7962 -10.1534 1.00268 -0.0351787 0.000468987
66 49.9788 -10.201 0.960753 -0.0319895 0.000403839
67 56.2512 -11.1093 1.01824 -0.0336807 0.000419932
68 71.2353 -14.2619 1.30497 -0.0451214 0.000590553
69 43.1857 -8.62924 0.809131 -0.0257699 0.000317886
70 49.342 -10.6099 1.04442 -0.0369004 0.000495183
71 52.0675 -10.9526 1.07199 -0.0377231 0.000500168
72 49.7098 -10.1944 0.95362 -0.0313028 0.000386563
73 44.9884 -8.93806 0.833339 -0.0265732 0.000324329
74 45.792 -9.85298 0.972208 -0.0340222 0.000457363
75 45.7941 -9.59008 0.920226 -0.0309528 0.000396892
76 53.775 -11.0725 1.05394 -0.0363164 0.000476532
77 37.665 -8.12212 0.802741 -0.0268997 0.000346466
78 41.2948 -8.71145 0.855283 -0.0287566 0.000368826
79 40.534 -8.24659 0.79496 -0.0262614 0.00033563
80 42.6451 -8.6456 0.823763 -0.0267079 0.000333655
81 45.8247 -8.48795 0.745579 -0.0220936 0.000257746
82 47.5114 -9.65125 0.921597 -0.0311809 0.000400497
83 51.8744 -10.2318 0.950565 -0.0315734 0.000398717
84 55.0895 -10.4633 0.925701 -0.0291663 0.000352314
85 45.1183 -8.91107 0.85235 -0.0284234 0.000365269
86 51.5093 -10.097 0.948105 -0.0321334 0.000419705
87 40.7348 -7.94688 0.751798 -0.0241262 0.000300648
88 34.0524 -7.61512 0.802179 -0.0282881 0.000383704
89 51.2619 -9.71693 0.875369 -0.0275918 0.00033338
90 56.2349 -11.4235 1.07502 -0.0369726 0.000481482
91 51.2821 -10.233 0.972141 -0.033324 0.000437729
92 43.7125 -7.8737 0.705687 -0.0211825 0.000246446
93 46.872 -9.40381 0.912257 -0.0315335 0.000421177
94 60.0449 -12.1436 1.13398 -0.0388133 0.000501614
95 47.1454 -9.53783 0.925289 -0.0317692 0.000417962
