0 15.7216 -5.93171 0.752036 -0.027726 0.000382612
1 18.4223 -5.59243 0.724587 -0.0273063 0.000387108
2 28.5531 -9.00925 1.03126 -0.0382688 0.000525367
3 28.3614 -9.06069 1.03885 -0.0386316 0.000528446
4 24.2598 -7.72117 0.960937 -0.0381386 0.000566599
5 25.0339 -7.93146 0.901603 -0.0315624 0.000401282
6 29.4627 -9.42714 1.09962 -0.0421746 0.000591264
7 22.6392 -6.82598 0.813738 -0.0298082 0.000406501
8 29.5792 -9.37271 1.06363 -0.039333 0.000539165
9 25.4578 -6.81652 0.81276 -0.0300779 0.000424697
10 22.276 -6.71124 0.798469 -0.028871 0.000393724
11 23.3996 -7.04256 0.803121 -0.0278683 0.000358763
12 23.863 -7.71648 0.977653 -0.0402471 0.000620591
13 27.1184 -7.24089 0.846209 -0.031369 0.000438409
14 23.3139 -7.07048 0.849681 -0.0319848 0.000456217
15 19.1211 -5.46408 0.66539 -0.0235041 0.000315445
16 21.2139 -5.46635 0.677699 -0.0251063 0.000361954
17 15.4232 -3.68726 0.460915 -0.0140604 0.000168822
18 20.4797 -7.40044 0.875148 -0.0319805 0.000435005
19 31.4935 -9.81403 1.0899 -0.0400194 0.000544394
20 15.818 -4.3894 0.595328 -0.0225727 0.000337256
21 26.9729 -8.77121 1.01505 -0.0380106 0.000521836
22 26.524 -8.1078 0.918711 -0.0331257 0.000446695
23 15.8007 -4.26182 0.535037 -0.0179209 0.000236359
24 33.7368 -10.3376 1.09487 -0.0386563 0.000505582
25 25.9597 -8.13859 0.929516 -0.0335024 0.000444672
26 18.9619 -5.34856 0.64856 -0.0223152 0.000293623
27 19.8679 -5.71867 0.712332 -0.0263507 0.000369747
28 20.0549 -6.16149 0.739317 -0.0263825 0.000349967
29 21.3767 -6.3597 0.741255 -0.0255475 0.00033094
30 16.2163 -4.47531 0.558473 -0.0186206 0.00023794
31 22.8321 -6.79868 0.795322 -0.0288499 0.000397656
32 23.7499 -8.32222 0.928005 -0.0328553 0.00043126
33 -17.7666 0.421384 0.236173 -0.00996944 0.000162412
34 -1.2413 -2.26398 0.400132 -0.0139092 0.000190476
35 14.1247 -5.96864 0.706936 -0.0244077 0.000315646
36 -7.57757 -1.43413 0.376316 -0.0146806 0.000222958
37 5.97752 -4.19244 0.572186 -0.0202294 0.000272669
38 101.558 -26.9945 2.50194 -0.0897389 0.00118177
39 33.817 -10.5044 1.10814 -0.0396421 0.000524106
40 3.07371 -3.25539 0.460026 -0.0151099 0.000192463
41 32.3255 -10.459 1.09996 -0.0394637 0.000530534
42 13.5071 -6.05496 0.727629 -0.0260448 0.000352478
43 -9.85324 -0.295012 0.246115 -0.00875188 0.00012963
44 -4.83494 -1.60919 0.368651 -0.0137945 0.000200227
45 36.0826 -11.0842 1.13809 -0.0402564 0.000528196
46 51.4529 -15.0781 1.50217 -0.0539361 0.000715848
47 37.7911 -11.1496 1.09788 -0.0372382 0.000470085
48 33.1932 -10.5611 1.13879 -0.0418724 0.00056865
49 -7.98917 -1.25333 0.355853 -0.0141703 0.000221703
50 32.179 -9.98781 1.07139 -0.0385026 0.000508927
51 32.9221 -9.89326 1.04613 -0.0371846 0.000488937
52 43.8378 -13.0907 1.35462 -0.049391 0.000658437
53 40.8648 -12.4551 1.28156 -0.0466628 0.000629395
54 33.8846 -10.1368 1.03174 -0.0354047 0.000452192
55 8.56071 -4.24113 0.548843 -0.0184207 0.000236626
56 100.488 -26.6396 2.48996 -0.0900021 0.00118176
57 34.946 -10.7581 1.10451 -0.0387811 0.000507278
58 9.04784 -4.73025 0.606007 -0.0211496 0.000282208
59 0.615487 -2.70791 0.446446 -0.016041 0.00022445
60 25.6467 -8.54023 0.939357 -0.0336876 0.000449955
61 31.417 -10.0309 1.06747 -0.038554 0.00051807
62 43.1795 -12.6319 1.25538 -0.0438672 0.000570546
63 46.7726 -13.3805 1.30371 -0.0451693 0.000578588
64 43.2265 -9.58557 0.958188 -0.0334094 0.000437023
65 38.9806 -8.63855 0.874375 -0.0304445 0.000402524
66 43.6559 -9.36177 0.941956 -0.0336184 0.000453498
67 43.5448 -9.99109 1.02275 -0.0372732 0.00051113
68 31.31 -7.88494 0.869212 -0.0322895 0.000451099
69 50.3104 -11.0958 1.10503 -0.0401482 0.000549354
70 41.4629 -8.8044 0.851413 -0.0281805 0.000353788
71 49.4571 -10.2809 0.979803 -0.0333603 0.000427948
72 45.2453 -9.68036 0.940205 -0.0320056 0.00040917
73 43.7855 -9.58179 0.956213 -0.0333522 0.000436435
74 39.8532 -8.88238 0.897737 -0.0312972 0.000410067
75 33.0013 -7.29093 0.727485 -0.0237571 0.000295836
76 36.7113 -8.20395 0.833471 -0.0285786 0.000368789
77 35.0126 -7.92301 0.81572 -0.0286638 0.00038481
78 42.4974 -8.61771 0.815912 -0.0266651 0.000335613
79 41.8511 -8.63585 0.832998 -0.0278894 0.000357472
80 44.0094 -9.1712 0.890021 -0.0303687 0.000396281
81 29.9088 -6.91224 0.725313 -0.0248927 0.000328037
82 43.3908 -8.79598 0.837088 -0.0278187 0.000354409
83 47.4532 -9.21243 0.840909 -0.0268166 0.000326053
84 45.6629 -9.42722 0.819548 -0.0280599 0.000467464
85 41.3875 -8.82069 0.883454 -0.0307162 0.000403641
86 43.1515 -8.69456 0.830558 -0.0278737 0.000363139
87 31.0795 -6.34319 0.634809 -0.0202553 0.000251669
88 38.4672 -8.21661 0.833385 -0.029746 0.000418363
89 32.676 -6.8448 0.697605 -0.0229521 0.000289462
90 35.1359 -7.55569 0.762541 -0.0258393 0.000338068
91 38.6041 -7.97428 0.784452 -0.0262102 0.000334005
92 29.4359 -7.09075 0.798696 -0.0301386 0.000438326
93 34.8106 -7.56493 0.773671 -0.0264937 0.000345098
94 39.9166 -7.81354 0.757848 -0.0251813 0.000328511
95 43.3406 -8.46699 0.815966 -0.0274786 0.000358234
