0 27.3431 -6.49809 0.694268 -0.0255612 0.000363702
1 28.7195 -7.07918 0.75696 -0.0280913 0.000399588
2 19.0438 -5.4293 0.62376 -0.0233814 0.000337562
3 20.3383 -5.8084 0.672314 -0.026011 0.000384507
4 23.2597 -6.67045 0.734359 -0.0273467 0.000386115
5 36.9465 -8.2553 0.82925 -0.0301385 0.000419775
6 20.9708 -5.68305 0.645738 -0.024196 0.000349233
7 22.6558 -5.91119 0.656442 -0.0244842 0.000353619
8 22.4721 -6.00746 0.669919 -0.0250998 0.00036286
9 38.4641 -8.56138 0.85595 -0.0311957 0.000433638
10 30.5674 -7.20733 0.749978 -0.0274862 0.000387124
11 28.9878 -6.65668 0.695094 -0.0254285 0.000358662
12 28.3733 -6.97032 0.736644 -0.0272861 0.000388143
13 23.2796 -6.10811 0.673561 -0.0251527 0.000361824
14 40.5946 -8.65221 0.837459 -0.029739 0.000406841
15 20.0756 -5.4632 0.629662 -0.0242505 0.00036266
16 25.1962 -5.97012 0.632689 -0.0228815 0.000322309
17 31.1423 -7.21598 0.744293 -0.0271738 0.000382277
18 36.449 -7.93854 0.782675 -0.0279944 0.00038547
19 35.009 -7.88906 0.811525 -0.0301882 0.000433079
20 22.1058 -5.82706 0.638549 -0.02351 0.00033514
21 26.433 -6.08794 0.639561 -0.0230875 0.000325449
22 36.0113 -7.67961 0.762251 -0.0274137 0.000382367
23 19.2017 -5.01343 0.572859 -0.0215303 0.000316944
24 33.0591 -7.43115 0.747097 -0.0268175 0.000373535
25 25.8959 -6.33424 0.676702 -0.0249009 0.00035367
26 30.8527 -7.39361 0.772882 -0.028504 0.000402389
27 33.1459 -7.4265 0.753377 -0.0271575 0.000375655
28 28.993 -6.54658 0.683763 -0.0250053 0.000355747
29 29.8574 -6.91061 0.717982 -0.0263158 0.000372383
30 30.504 -6.97421 0.71984 -0.0262824 0.000370348
31 26.4919 -6.1817 0.661148 -0.0242911 0.000343788
32 41.9875 -8.98782 0.868306 -0.0309455 0.000424921
33 49.0601 -9.98996 0.925226 -0.0322886 0.000433024
34 35.2454 -7.82819 0.780497 -0.0279908 0.000386773
35 38.4269 -7.95107 0.763754 -0.02666 0.000359624
36 32.4562 -7.37781 0.747234 -0.0269965 0.000377695
37 37.0386 -8.28214 0.826495 -0.0299321 0.000416353
38 39.2581 -8.49706 0.827163 -0.0294176 0.000402007
39 40.1086 -8.69921 0.846706 -0.0304014 0.000419749
40 43.0155 -9.08892 0.868303 -0.030842 0.000422441
41 43.6646 -9.05364 0.854085 -0.0298854 0.000403351
42 42.2287 -8.91494 0.849112 -0.0300136 0.000409325
43 40.9325 -8.61752 0.83334 -0.0298754 0.000413781
44 48.1168 -9.79198 0.913692 -0.032161 0.000437096
45 39.3885 -8.4461 0.821757 -0.029425 0.000405484
46 44.6356 -9.18342 0.867872 -0.0307365 0.000419138
47 43.3942 -9.08618 0.869271 -0.0311073 0.000428458
48 45.7251 -9.17048 0.849867 -0.0295638 0.000399832
49 47.2442 -9.65989 0.900918 -0.0316131 0.000428044
50 40.3788 -8.39436 0.806928 -0.028612 0.000393468
51 47.9438 -9.30891 0.844951 -0.0289626 0.000385454
52 45.542 -9.19105 0.861051 -0.0302748 0.000411965
53 39.1184 -8.02312 0.770879 -0.0274033 0.000379909
54 39.981 -8.0793 0.762043 -0.0264376 0.000357099
55 35.4547 -7.17405 0.694099 -0.0242652 0.000332792
56 37.7482 -7.78391 0.747247 -0.0263042 0.000362311
57 33.3452 -6.98391 0.692857 -0.0245562 0.000340821
58 52.3175 -10.3977 0.954348 -0.033629 0.000459154
59 40.089 -8.26938 0.79672 -0.0283594 0.000391279
60 34.7415 -7.1129 0.689663 -0.0242622 0.000338667
61 43.6094 -8.48183 0.787817 -0.0273402 0.000370598
62 38.2606 -7.72755 0.741174 -0.0260147 0.000356706
63 40.2408 -8.06259 0.765801 -0.0268661 0.000366208
64 32.6799 -7.27902 0.725887 -0.0257284 0.00035584
65 25.1804 -6.00141 0.630065 -0.0225584 0.000316927
66 47.3082 -9.60875 0.897593 -0.0314462 0.000425823
67 42.1422 -8.81287 0.846696 -0.0303415 0.000419658
68 36.8224 -8.17096 0.813437 -0.0293471 0.0004093
69 38.1518 -8.3495 0.818757 -0.0293491 0.000407007
70 28.7724 -6.7176 0.691053 -0.0248001 0.000345033
71 38.2167 -8.01873 0.775991 -0.0272103 0.000371247
72 48.5033 -10.0108 0.930925 -0.0325754 0.000436602
73 29.9754 -7.0955 0.733409 -0.0268389 0.000380036
74 45.9651 -9.63786 0.920741 -0.0330253 0.000454128
75 42.2178 -8.78762 0.839407 -0.0297947 0.000407432
76 35.9878 -7.8109 0.7663 -0.0271508 0.000371144
77 26.9909 -6.5088 0.678771 -0.0246132 0.000345348
78 42.6173 -8.83491 0.837057 -0.0294714 0.00039903
79 40.7816 -8.48397 0.815314 -0.0289605 0.000398424
80 39.7398 -8.35511 0.798509 -0.0279825 0.000380931
81 41.3838 -8.55833 0.809373 -0.0283554 0.000386137
82 42.7673 -8.84679 0.836943 -0.0295179 0.000402382
83 40.4603 -8.34157 0.79864 -0.0282586 0.000386933
84 39.2251 -8.22113 0.79099 -0.0279373 0.00038258
85 28.6552 -6.4651 0.666147 -0.0239051 0.000334788
86 41.9033 -8.42423 0.795148 -0.0276644 0.000373913
87 25.8039 -6.00446 0.637797 -0.023468 0.00033664
88 36.4507 -7.73669 0.758239 -0.0270561 0.000375802
89 35.8772 -7.76934 0.778139 -0.0282719 0.000397165
90 38.2279 -8.08386 0.78667 -0.0280308 0.000387152
91 41.0334 -8.34741 0.797088 -0.0280188 0.000379394
92 44.1719 -9.07828 0.865905 -0.0309786 0.000426558
93 35.5829 -7.50711 0.740274 -0.0264683 0.000367222
94 45.1753 -9.22793 0.881029 -0.0318045 0.000442836
95 37.9574 -8.04003 0.787586 -0.0282844 0.000390683
