0 34.659 -9.95978 1.09997 -0.0395888 0.000540834
1 30.7741 -9.88336 1.15785 -0.0448078 0.000665561
2 37.1613 -10.8699 1.20787 -0.044996 0.000644998
3 31.3351 -9.91791 1.1506 -0.0437447 0.000639423
4 47.4532 -15.0512 1.66357 -0.0651885 0.000956921
5 30.8245 -9.69006 1.08279 -0.038978 0.000535045
6 31.4012 -10.0999 1.16107 -0.0441133 0.000647784
7 32.6063 -9.51306 1.04683 -0.0372597 0.000508176
8 42.6683 -11.644 1.26432 -0.0467907 0.000652424
9 33.5124 -9.73304 1.08252 -0.0395693 0.000559289
10 28.3748 -8.36188 0.948262 -0.0338691 0.000466299
11 39.6573 -11.0721 1.2048 -0.0439419 0.00060329
12 39.1814 -10.3353 1.1163 -0.0417459 0.000611986
13 37.3995 -10.1539 1.10146 -0.0402345 0.000560921
14 31.5158 -9.96849 1.15361 -0.0448465 0.000668518
15 33.8752 -10.369 1.18679 -0.0461604 0.000692497
16 39.1165 -10.9043 1.20553 -0.0459776 0.000677235
17 32.9857 -10.0705 1.14502 -0.043711 0.000647342
18 31.0538 -9.70414 1.1164 -0.0427666 0.000635943
19 30.5432 -9.3457 1.09346 -0.0421525 0.000628775
20 29.3371 -8.90329 0.96817 -0.0326814 0.000407954
21 42.1109 -10.7519 1.11592 -0.0389523 0.000510814
22 31.41 -9.77321 1.09831 -0.0408602 0.000586586
23 31.6492 -9.55608 1.08217 -0.0402633 0.000573637
24 36.3425 -11.335 1.2437 -0.0463603 0.000662123
25 39.4072 -10.961 1.20129 -0.0453476 0.000661058
26 28.8135 -8.56412 0.969786 -0.0349188 0.000482165
27 30.4482 -9.10854 1.01721 -0.0370587 0.00052
28 32.5416 -9.83838 1.11585 -0.0421729 0.000611069
29 30.4726 -9.75528 1.16601 -0.0471012 0.000735278
30 35.3461 -11.0394 1.21211 -0.0450803 0.000640982
31 37.8726 -11.3332 1.29156 -0.0506388 0.000751472
32 57.438 -15.1328 1.64719 -0.065133 0.000972387
33 43.0333 -11.5746 1.25059 -0.0454919 0.000621591
34 39.0916 -11.0027 1.23046 -0.0466411 0.000675772
35 45.6737 -13.3362 1.51324 -0.0609728 0.000926243
36 34.7034 -10.274 1.16709 -0.0445963 0.000653544
37 41.066 -10.8843 1.17745 -0.0434019 0.00061658
38 47.4524 -13.2729 1.45635 -0.0566938 0.000836045
39 33.6543 -10.2174 1.15681 -0.0432682 0.000606801
40 52.9637 -13.5039 1.42387 -0.0537742 0.000772717
41 43.7732 -11.6854 1.26369 -0.0482105 0.000709939
42 43.2549 -10.9902 1.14437 -0.0400303 0.000527366
43 40.3119 -11.3261 1.25825 -0.0480671 0.000699762
44 30.208 -9.48444 1.06178 -0.0383885 0.000526526
45 47.4225 -12.5466 1.33196 -0.0499757 0.000715211
46 35.2074 -10.0191 1.12133 -0.0423401 0.000616016
47 43.4219 -11.8025 1.28406 -0.0494498 0.000731289
48 28.6258 -9.0938 1.06945 -0.041366 0.000616037
49 47.7122 -12.5419 1.35168 -0.0525209 0.000783613
50 30.311 -8.90736 1.02521 -0.0391638 0.000581771
51 42.6072 -11.4124 1.24631 -0.0480044 0.000711343
52 34.9533 -9.92949 1.11936 -0.0435665 0.000662294
53 38.6587 -10.7645 1.19644 -0.0460078 0.000682442
54 41.6759 -10.5467 1.12036 -0.0416432 0.000602227
55 36.2718 -9.8367 1.10412 -0.0426317 0.000639477
56 39.733 -10.875 1.17644 -0.0437471 0.000614003
57 34.8178 -9.61473 1.06146 -0.0390707 0.000549988
58 33.6882 -9.62631 1.08198 -0.0407336 0.000583713
59 37.2751 -9.90729 1.07972 -0.0395652 0.000552303
60 30.2578 -8.18939 0.909858 -0.0328605 0.000465249
61 23.9615 -7.53107 0.893461 -0.033601 0.000492419
62 36.9676 -11.5546 1.37105 -0.0579514 0.000939257
63 34.515 -10.055 1.15859 -0.0458211 0.000692873
64 57.7415 -16.4255 1.63191 -0.0584435 0.000788471
65 32.355 -10.4177 1.20966 -0.0467146 0.000690334
66 42.9631 -13.9957 1.59934 -0.0637064 0.000951996
67 49.91 -15.5266 1.67556 -0.0639705 0.000910692
68 38.2902 -12.3427 1.3947 -0.0532545 0.000759867
69 50.1882 -15.2387 1.59933 -0.0587826 0.000805695
70 32.3121 -10.2815 1.17894 -0.0441818 0.000622307
71 38.19 -12.2623 1.38755 -0.0535268 0.000778096
72 41.5587 -13.021 1.42595 -0.0536331 0.000755749
73 45.9802 -14.2915 1.54548 -0.0584522 0.00082804
74 38.0349 -11.9271 1.30631 -0.0480878 0.000666388
75 29.9051 -9.19477 1.02551 -0.0362855 0.000486844
76 41.5138 -12.9228 1.38242 -0.0515419 0.000743161
77 50.1065 -16.5033 1.92224 -0.0829995 0.00136235
78 31.673 -9.76941 1.05157 -0.0357442 0.000447836
79 46.0857 -14.2378 1.516 -0.0568675 0.000810163
80 48.0316 -14.3964 1.49833 -0.0548311 0.000755914
81 45.5651 -14.2955 1.57453 -0.0618237 0.000918773
82 53.7758 -16.3392 1.72681 -0.0658265 0.000938474
83 47.0921 -14.5115 1.56584 -0.0602361 0.000884208
84 61.1905 -17.7907 1.78271 -0.0651316 0.000892583
85 33.7099 -10.7157 1.20312 -0.0447918 0.000630826
86 42.0746 -13.4454 1.52365 -0.0609877 0.000923239
87 38.7658 -12.1799 1.35289 -0.0516679 0.000751772
88 57.7824 -17.4796 1.8388 -0.0704563 0.0010127
89 38.362 -11.9521 1.42775 -0.0594821 0.000928613
90 32.495 -10.2784 1.20433 -0.0468259 0.000680972
91 54.0306 -15.8667 1.59523 -0.0564193 0.000736501
92 60.3873 -18.5636 2.00043 -0.0811991 0.00125398
93 31.4408 -10.1134 1.16133 -0.0434288 0.000602759
94 47.1906 -13.5605 1.37503 -0.0483925 0.000646209
95 57.3258 -18.4296 2.09386 -0.0889965 0.00141795
