0 27.5998 -8.21431 0.90598 -0.0342412 0.000489533
1 29.6676 -8.82975 0.957179 -0.0360143 0.00050888
2 24.592 -7.26701 0.820538 -0.0313188 0.000453465
3 27.1725 -8.0854 0.847369 -0.0300385 0.00040319
4 21.345 -6.14051 0.703926 -0.0265944 0.000385195
5 25.0637 -6.92836 0.770408 -0.0288383 0.000411462
6 20.8976 -5.78903 0.659964 -0.0244083 0.000348402
7 33.6148 -9.82575 1.00913 -0.0367185 0.000503006
8 21.7273 -6.07116 0.684776 -0.0253338 0.000363312
9 20.0387 -5.53785 0.624122 -0.0225864 0.000317475
10 26.5589 -6.36057 0.672412 -0.0238208 0.000329563
11 19.8147 -5.57736 0.639171 -0.0236745 0.00033975
12 22.5037 -6.49809 0.723307 -0.0265148 0.000372231
13 22.2048 -6.02279 0.67076 -0.0246202 0.000348639
14 24.1132 -7.02945 0.77541 -0.028692 0.000403508
15 30.8687 -8.90571 0.939889 -0.0347819 0.00048568
16 30.5718 -8.82115 0.9319 -0.0342449 0.000476968
17 19.9293 -5.49738 0.618169 -0.0224016 0.000316392
18 26.3502 -7.6216 0.817591 -0.0297979 0.000412261
19 20.8527 -5.94609 0.682801 -0.0257407 0.000371132
20 36.9419 -10.7491 1.11808 -0.0419053 0.000587017
21 33.318 -9.48773 0.983105 -0.0360381 0.000494268
22 24.6358 -7.12399 0.771137 -0.0280477 0.000387069
23 33.1356 -9.62538 1.0053 -0.037054 0.000511652
24 37.6558 -10.691 1.07292 -0.0386044 0.000522533
25 35.9015 -10.1489 1.02469 -0.0368083 0.000496694
26 21.1346 -5.64193 0.64266 -0.0237404 0.000340317
27 25.9367 -7.57483 0.83591 -0.0316271 0.000452668
28 20.1852 -5.47867 0.625549 -0.0231034 0.000328882
29 24.5127 -7.041 0.767139 -0.0280608 0.000391558
30 31.4406 -9.15755 0.959081 -0.0353298 0.000487927
31 21.2299 -5.97026 0.673972 -0.025053 0.000357983
32 22.408 -6.16253 0.682567 -0.0251631 0.000356807
33 33.396 -9.68946 1.01889 -0.0383491 0.000537245
34 22.5869 -6.1835 0.683046 -0.0251375 0.000355725
35 25.6033 -7.32025 0.800456 -0.0300687 0.000427266
36 25.8057 -6.50455 0.69016 -0.0248542 0.000345603
37 30.6479 -8.74798 0.918255 -0.0339227 0.00046956
38 32.6754 -7.4244 0.760487 -0.0274392 0.000380802
39 19.9021 -5.41482 0.614885 -0.0228915 0.000329737
40 21.616 -5.5647 0.628719 -0.0235758 0.000342766
41 21.528 -6.27132 0.697532 -0.026163 0.000376224
42 23.6885 -6.78083 0.75198 -0.0282655 0.000403233
43 22.6145 -6.4024 0.70964 -0.0264634 0.000374931
44 28.9679 -8.4382 0.899314 -0.0335368 0.000470526
45 26.6493 -7.62824 0.818316 -0.0303933 0.000427319
46 24.0756 -6.89948 0.74095 -0.0270071 0.000375002
47 20.9655 -5.16612 0.58282 -0.021626 0.000311733
48 22.4803 -6.22595 0.686226 -0.0254239 0.000361865
49 23.5189 -5.73504 0.626997 -0.0228636 0.000325108
50 32.7726 -9.31241 0.95535 -0.034823 0.00047462
51 21.2543 -5.89084 0.660745 -0.0246284 0.000351369
52 21.3696 -5.44559 0.60114 -0.0218399 0.000306765
53 29.6766 -8.56319 0.896973 -0.0329912 0.000456675
54 22.3379 -6.40662 0.713008 -0.0267347 0.000382442
55 27.901 -8.11636 0.860494 -0.0318458 0.000445162
56 25.524 -7.12553 0.758701 -0.0276923 0.000385641
57 23.9827 -6.01892 0.654067 -0.0239093 0.00033898
58 19.4364 -5.20203 0.60022 -0.0225019 0.0003266
59 27.2659 -7.85077 0.834516 -0.030802 0.000428679
60 20.2491 -5.10046 0.566448 -0.0205266 0.000291316
61 24.8252 -5.96227 0.643829 -0.0234897 0.000331787
62 22.6373 -6.35915 0.700534 -0.0259641 0.000367333
63 16.7851 -4.60414 0.543003 -0.0202533 0.000294267
64 28.9797 -6.60278 0.661807 -0.0231808 0.000320315
65 35.7009 -7.77502 0.756808 -0.0265907 0.000363157
66 39.2057 -8.55426 0.834153 -0.0298856 0.000412591
67 36.0061 -8.22926 0.820309 -0.0296813 0.000411539
68 40.7083 -8.88149 0.858035 -0.0305698 0.000419288
69 44.6915 -9.22774 0.854209 -0.029507 0.000391213
70 30.5241 -7.17685 0.739271 -0.0268968 0.000376559
71 42.9631 -9.12013 0.878579 -0.031615 0.000437531
72 40.0477 -9.00354 0.880251 -0.0317181 0.000437332
73 31.6165 -7.30356 0.740218 -0.0267745 0.000374132
74 33.5899 -7.40084 0.721576 -0.0252699 0.000347389
75 40.3599 -8.61329 0.821916 -0.0289104 0.000393075
76 39.861 -8.4983 0.821076 -0.0291885 0.000400265
77 32.0955 -7.30614 0.728329 -0.0259437 0.000357665
78 48.858 -9.80926 0.900658 -0.0313098 0.00042005
79 35.8606 -7.8528 0.775959 -0.027886 0.000385809
80 43.5394 -9.16364 0.863664 -0.0303985 0.000412235
81 37.7062 -7.78083 0.727557 -0.024734 0.000330964
82 50.8222 -10.3567 0.955039 -0.0336357 0.00045494
83 42.2531 -8.83506 0.841228 -0.0298364 0.000410723
84 32.1624 -7.01677 0.69469 -0.0245573 0.000339666
85 31.3893 -6.89281 0.689906 -0.024499 0.000340897
86 29.8532 -6.80444 0.697192 -0.0251645 0.000354055
87 49.4243 -9.87896 0.912428 -0.0321115 0.000437219
88 36.7716 -7.99546 0.789412 -0.0284605 0.000397307
89 33.1326 -7.46598 0.754265 -0.027174 0.000377047
90 38.4569 -8.33509 0.813748 -0.0291646 0.000404287
91 37.228 -7.96982 0.779663 -0.0277662 0.00038236
92 30.4907 -6.93742 0.71476 -0.0261944 0.000371793
93 38.9088 -8.33363 0.817088 -0.0295087 0.00041198
94 32.3787 -7.06559 0.720013 -0.0263241 0.000374358
95 36.3146 -7.74474 0.774948 -0.0285275 0.00040722
