0 28.7738 -7.78386 0.80035 -0.0287328 0.000396165
1 25.4992 -6.54342 0.69531 -0.0252485 0.000354435
2 23.7388 -6.3544 0.681421 -0.0245887 0.000344619
3 24.4876 -6.66616 0.709069 -0.0257496 0.000359561
4 29.8905 -7.49123 0.761494 -0.0272174 0.00037588
5 23.6579 -6.40195 0.683485 -0.0247321 0.000348163
6 26.2444 -7.1943 0.765477 -0.028152 0.000398327
7 27.8989 -6.77577 0.6974 -0.0250186 0.000346744
8 31.0785 -8.30361 0.838024 -0.0298826 0.000406456
9 25.7334 -7.03047 0.742218 -0.0268827 0.000371795
10 28.838 -7.94024 0.819452 -0.0295005 0.000403804
11 33.2724 -7.6573 0.761096 -0.0270832 0.000371537
12 31.1969 -7.92024 0.807451 -0.0290259 0.00040057
13 26.6104 -7.24614 0.755045 -0.027195 0.000373862
14 25.774 -6.93308 0.726086 -0.0261623 0.000361196
15 26.2244 -7.11627 0.741376 -0.02671 0.000369111
16 29.7022 -7.85683 0.799864 -0.0286033 0.000391085
17 38.2311 -8.67867 0.842492 -0.029811 0.000403654
18 29.4618 -8.00637 0.811901 -0.0289134 0.000393564
19 27.874 -6.77317 0.699186 -0.025133 0.000349986
20 30.6307 -8.1319 0.820964 -0.0293088 0.000398456
21 31.3595 -7.53897 0.767772 -0.0276177 0.000380111
22 31.3696 -8.4942 0.850329 -0.0301441 0.000406345
23 22.8635 -5.84901 0.622896 -0.0224557 0.000315961
24 28.2598 -7.39447 0.765358 -0.0276413 0.000384461
25 31.8652 -7.52072 0.76253 -0.0274249 0.000380506
26 23.621 -6.30455 0.673416 -0.0244295 0.000344871
27 24.8368 -6.69677 0.702078 -0.0252683 0.000351064
28 32.8945 -8.75305 0.881449 -0.031601 0.000431601
29 30.2164 -7.19034 0.730031 -0.025998 0.000357647
30 23.6301 -6.25576 0.665528 -0.0240388 0.000334605
31 24.2288 -6.61481 0.701855 -0.0255687 0.000356692
32 51.2874 -9.94713 0.886293 -0.0293509 0.000386197
33 56.853 -10.8314 0.936559 -0.0305705 0.000393387
34 48.4902 -9.41161 0.834644 -0.0272958 0.000355739
35 64.1083 -12.0754 1.03214 -0.0339143 0.000435288
36 58.4484 -11.2675 0.975975 -0.0322821 0.000417017
37 64.2046 -12.2542 1.04584 -0.0341191 0.000432887
38 54.1406 -10.3639 0.895383 -0.0288833 0.000370268
39 63.4535 -11.8125 0.993018 -0.0321191 0.000407542
40 58.4646 -11.3211 0.976465 -0.0320978 0.000413105
41 60.8732 -11.7426 1.01558 -0.0335239 0.000430266
42 63.1261 -12.2791 1.06181 -0.0351394 0.000449238
43 53.8722 -10.2949 0.895168 -0.0293638 0.000379887
44 52.4186 -10.3236 0.912984 -0.0303983 0.0003973
45 55.0238 -10.8849 0.966136 -0.0324454 0.00042662
46 75.8342 -14.2575 1.19252 -0.0388437 0.000487051
47 54.014 -10.5584 0.933261 -0.031332 0.000411699
48 72.1468 -14.0217 1.20405 -0.0405067 0.000531546
49 57.7386 -11.7795 1.06203 -0.0366528 0.000491533
50 55.828 -10.9378 0.959891 -0.0317672 0.000414633
51 57.8713 -11.168 0.978539 -0.032918 0.000435316
52 55.7639 -11.1428 0.993889 -0.0338492 0.000452847
53 62.3225 -12.0463 1.04229 -0.0345735 0.000446431
54 46.4168 -9.25516 0.838439 -0.0281858 0.000373562
55 49.9088 -9.75997 0.872816 -0.0292555 0.000385671
56 69.0593 -13.2858 1.13028 -0.0375683 0.000487808
57 64.8691 -12.6332 1.10252 -0.0372359 0.000487398
58 44.7971 -8.95285 0.815762 -0.0272824 0.000362423
59 61.3865 -11.749 1.00948 -0.0333251 0.000429399
60 49.2444 -10.0273 0.915932 -0.0313902 0.000418378
61 42.0545 -8.73425 0.820136 -0.0281985 0.000379227
62 62.3306 -11.9578 1.02911 -0.0338523 0.000433386
63 52.127 -9.7744 0.854492 -0.0282594 0.000370082
64 17.9084 -4.77523 0.524946 -0.018643 0.000270666
65 17.1789 -4.59541 0.508593 -0.018071 0.000262007
66 20.9438 -5.34928 0.57363 -0.0202393 0.000284902
67 34.7776 -7.63048 0.741262 -0.02598 0.000357668
68 31.9039 -7.21793 0.708217 -0.0246686 0.000340351
69 25.4305 -6.3572 0.660355 -0.0236729 0.000330252
70 22.5213 -6.06265 0.637907 -0.0226079 0.00031609
71 26.4698 -6.65548 0.693158 -0.0248123 0.000345653
72 25.4036 -6.26275 0.647515 -0.0230688 0.000323469
73 26.3121 -6.58836 0.680872 -0.024363 0.00034132
74 30.4212 -7.40153 0.74736 -0.0266148 0.000366106
75 30.8027 -7.35828 0.736388 -0.0261866 0.000363934
76 36.7414 -8.04736 0.76884 -0.0266165 0.000358652
77 32.5898 -7.53324 0.737154 -0.0258754 0.000352095
78 35.9275 -8.20709 0.798353 -0.0281372 0.000381632
79 28.1459 -6.76451 0.688092 -0.0244786 0.000340161
80 34.0935 -9.17492 0.90092 -0.031841 0.000429431
81 31.6265 -7.45586 0.740535 -0.026163 0.00035766
82 29.1041 -7.01924 0.703496 -0.0247778 0.000339902
83 22.8178 -5.96193 0.628019 -0.0224157 0.000313182
84 27.1345 -7.11633 0.718546 -0.0253862 0.000348457
85 27.9578 -6.71016 0.686989 -0.0244512 0.000337613
86 23.5453 -6.20883 0.658249 -0.0236435 0.000328646
87 30.4216 -6.88548 0.683414 -0.0239426 0.000328311
88 23.3544 -6.08058 0.640933 -0.023009 0.000323272
89 24.251 -6.30449 0.667917 -0.0241619 0.000338321
90 24.7459 -6.27725 0.65656 -0.0235229 0.000326306
91 23.1971 -6.00417 0.636093 -0.0229351 0.000322595
92 26.3718 -6.36224 0.64856 -0.0229729 0.000318019
93 27.9426 -6.46565 0.662617 -0.023603 0.000330625
94 24.7267 -6.00548 0.629327 -0.0224971 0.000318448
95 27.3649 -6.41201 0.660462 -0.0237374 0.000332645
