0 43.7145 -9.48093 0.922819 -0.0329947 0.000452462
1 36.6597 -8.35453 0.846066 -0.0308379 0.000429574
2 34.7322 -7.96557 0.805869 -0.0291507 0.000404546
3 45.3429 -9.65272 0.925623 -0.0329279 0.000447008
4 40.303 -8.72773 0.836888 -0.0292391 0.000393975
5 40.0328 -8.95787 0.877431 -0.0313356 0.000428094
6 36.2987 -8.57737 0.867003 -0.0315084 0.000436558
7 45.7374 -9.53936 0.905319 -0.0320531 0.000434427
8 42.7294 -9.10081 0.871786 -0.0307826 0.000417278
9 36.8887 -8.13122 0.804478 -0.0286723 0.000394971
10 40.9228 -8.89502 0.863576 -0.0308251 0.000422935
11 28.7732 -6.86943 0.719497 -0.0263324 0.000372511
12 29.0797 -6.81566 0.706991 -0.0256176 0.000358629
13 39.4305 -8.53123 0.831435 -0.0296469 0.000405165
14 28.8521 -6.6621 0.684689 -0.0244798 0.000340564
15 32.55 -7.34859 0.745117 -0.0268639 0.000374884
16 45.6862 -9.35825 0.88353 -0.0312237 0.000426453
17 50.0244 -10.0391 0.922883 -0.032143 0.000430192
18 34.7104 -7.86305 0.793353 -0.0288235 0.00040261
19 22.7003 -5.55917 0.606702 -0.02208 0.000312711
20 26.4842 -6.22882 0.658067 -0.023876 0.00033776
21 34.2808 -7.35293 0.731881 -0.0261014 0.000361964
22 52.749 -10.3318 0.933548 -0.0320884 0.00042575
23 39.4712 -8.41106 0.821881 -0.029346 0.000405159
24 37.3322 -7.77346 0.744905 -0.0257397 0.000346644
25 44.3386 -9.02905 0.841843 -0.0292175 0.000392507
26 40.2409 -8.51142 0.819283 -0.0289127 0.000393773
27 36.9623 -8.08733 0.801458 -0.0288099 0.000397684
28 29.1844 -6.50028 0.665591 -0.0236909 0.000328373
29 41.7945 -8.5918 0.822742 -0.0290528 0.000395488
30 35.9647 -7.38571 0.716648 -0.0251621 0.000342534
31 33.6228 -7.04743 0.704705 -0.0253412 0.000355307
32 34.2984 -7.18575 0.701211 -0.0241145 0.000325048
33 45.7559 -9.57511 0.912704 -0.0323556 0.000442169
34 39.9964 -8.53773 0.832206 -0.0295999 0.000405543
35 45.4974 -9.43859 0.894381 -0.0316318 0.000432239
36 41.6769 -8.90744 0.863568 -0.0306556 0.000417333
37 35.4154 -7.92 0.801622 -0.0291416 0.000408073
38 39.7666 -8.60247 0.849002 -0.0305945 0.000423564
39 30.2618 -7.05614 0.728484 -0.0264136 0.000368592
40 48.2679 -9.84985 0.922963 -0.0323358 0.000436228
41 44.0073 -9.25388 0.885063 -0.0314523 0.000431417
42 40.9697 -8.75172 0.8541 -0.0306549 0.000425017
43 41.7972 -8.81652 0.85349 -0.0303872 0.000418286
44 51.201 -10.1227 0.927382 -0.0321585 0.000431155
45 32.2772 -7.29196 0.744773 -0.0269979 0.000379381
46 37.2345 -7.99482 0.784278 -0.0279365 0.000384646
47 31.2773 -7.07175 0.722254 -0.0261643 0.000368483
48 39.5439 -8.0924 0.775131 -0.0271998 0.00037261
49 39.6765 -7.94762 0.753453 -0.0261533 0.000355791
50 42.6303 -8.74802 0.832454 -0.0293568 0.000400346
51 42.13 -8.66392 0.821864 -0.0288619 0.000393088
52 34.1558 -7.33849 0.728571 -0.0257846 0.000354843
53 35.5624 -7.7174 0.769064 -0.0276211 0.000384563
54 34.3471 -7.34291 0.729062 -0.0259327 0.000359113
55 32.7385 -6.95925 0.69897 -0.0248973 0.000346857
56 51.9063 -10.0267 0.898062 -0.0304611 0.000400268
57 29.3604 -6.96212 0.729607 -0.0266572 0.000376559
58 36.2315 -7.98393 0.796124 -0.0285988 0.000398311
59 44.2776 -8.99581 0.846896 -0.0295684 0.000399161
60 40.368 -8.42369 0.810735 -0.0286528 0.000391373
61 35.9971 -7.43002 0.725586 -0.025589 0.000353819
62 34.3051 -7.37482 0.739051 -0.026551 0.000369237
63 40.868 -8.18447 0.784553 -0.0277538 0.000381629
64 56.3756 -11.1231 0.997629 -0.034315 0.00045607
65 45.0138 -9.23517 0.856338 -0.0295204 0.000397859
66 60.6858 -11.7931 1.03775 -0.0354083 0.00046628
67 46.5031 -9.55315 0.889543 -0.031007 0.000417498
68 62.2768 -12.3469 1.10737 -0.0385879 0.000513822
69 69.8699 -13.4748 1.1644 -0.0395703 0.000515672
70 28.2284 -6.87223 0.720419 -0.0263432 0.00037264
71 50.8003 -10.2586 0.945601 -0.0330644 0.000445907
72 68.1911 -13.4133 1.18332 -0.0409187 0.000540204
73 56.8657 -11.4059 1.03 -0.0358108 0.000479325
74 48.9623 -10.0815 0.944054 -0.0333784 0.000455555
75 54.0118 -10.7953 0.978458 -0.0339694 0.000454505
76 52.0438 -10.4702 0.962258 -0.0337029 0.000455477
77 46.3284 -9.52624 0.887759 -0.0311282 0.000421586
78 45.6749 -9.40762 0.885056 -0.0312499 0.000427697
79 48.2533 -9.84945 0.920698 -0.0326005 0.000445698
80 48.9978 -9.73271 0.888007 -0.0306148 0.000411422
81 51.0941 -9.9907 0.896036 -0.0305224 0.000403556
82 46.9786 -9.79559 0.920533 -0.0326894 0.000448151
83 57.9235 -11.0601 0.974631 -0.0333451 0.000442751
84 56.6341 -11.1199 0.992653 -0.0341742 0.000451871
85 38.9404 -8.31718 0.814784 -0.0293923 0.000411664
86 46.9001 -9.23662 0.848778 -0.0293653 0.000396235
87 54.1097 -10.426 0.937189 -0.0323072 0.000433656
88 40.9575 -8.51533 0.820379 -0.0291811 0.000403452
89 61.7867 -11.8278 1.04039 -0.0353515 0.000463895
90 40.1989 -8.55028 0.830255 -0.0295931 0.000408797
91 45.0482 -9.23334 0.871616 -0.0307284 0.000419161
92 51.095 -10.1869 0.938476 -0.0328924 0.000446495
93 42.9701 -8.89118 0.84872 -0.030148 0.000415201
94 43.6379 -9.11966 0.879791 -0.0318558 0.000446542
95 49.2791 -9.70061 0.898191 -0.0316371 0.000432393
