0 37.1099 -10.1851 0.997393 -0.0351647 0.000470752
1 35.4317 -9.69742 0.957571 -0.0338229 0.000453366
2 34.4843 -9.42986 0.928377 -0.0324707 0.000432802
3 44.6513 -11.9991 1.12543 -0.0388503 0.000505642
4 52.8026 -13.8005 1.25577 -0.0428557 0.000550377
5 36.9298 -10.137 0.99903 -0.0353964 0.000473334
6 34.7534 -9.50832 0.941254 -0.03321 0.000442746
7 45.6763 -12.1546 1.1346 -0.0391521 0.000509146
8 27.4624 -7.07426 0.727832 -0.0257211 0.000355668
9 26.1007 -7.0506 0.734201 -0.0261598 0.000358746
10 49.5739 -13.1808 1.21472 -0.0415736 0.000537161
11 43.0779 -11.5766 1.09997 -0.03825 0.000501648
12 38.6517 -10.4276 0.999718 -0.0346518 0.000456128
13 28.3062 -7.75015 0.796256 -0.0283511 0.000385845
14 30.9128 -8.41873 0.848557 -0.0300396 0.000403916
15 55.3601 -14.2512 1.2827 -0.0435861 0.000556582
16 37.9909 -10.3032 0.999802 -0.0350459 0.000464364
17 37.4478 -10.1548 0.989926 -0.0349183 0.000465737
18 37.1876 -10.0429 0.970721 -0.0337637 0.000446146
19 22.6633 -6.07152 0.649323 -0.0232503 0.000324363
20 32.8337 -8.84535 0.87774 -0.0309388 0.000416404
21 33.7912 -9.14832 0.898519 -0.031441 0.00041949
22 37.5549 -10.1838 0.97769 -0.0339447 0.000447587
23 26.8581 -7.24395 0.742722 -0.026297 0.000356648
24 39.5099 -10.5987 1.01376 -0.0352575 0.000465892
25 39.4439 -10.5728 1.00706 -0.034905 0.000457432
26 44.0385 -11.7392 1.10156 -0.0379812 0.00049504
27 23.3768 -6.11905 0.644171 -0.022827 0.000314147
28 37.0638 -10.0125 0.972933 -0.0340485 0.000452559
29 39.1484 -10.6414 1.02067 -0.0355218 0.000467475
30 22.5036 -5.83492 0.624835 -0.0222399 0.000310697
31 41.7784 -11.111 1.04188 -0.0358615 0.000467466
32 30.9202 -8.28793 0.827968 -0.0292866 0.000400601
33 21.5763 -5.84878 0.632147 -0.022881 0.000324355
34 40.9406 -11.1266 1.07213 -0.0379375 0.000507967
35 30.8373 -8.37726 0.840934 -0.0299884 0.000409707
36 35.4602 -9.61648 0.945313 -0.0336623 0.000455411
37 37.4957 -10.0956 0.9795 -0.0345337 0.000462678
38 30.3882 -8.35555 0.848384 -0.0304816 0.00041755
39 36.7192 -9.88488 0.962803 -0.0340744 0.000456417
40 32.1847 -8.56967 0.847393 -0.0300148 0.000407257
41 35.1804 -9.46748 0.925471 -0.032807 0.00044192
42 25.1711 -6.62102 0.69382 -0.0251465 0.000352098
43 32.9433 -8.89051 0.882017 -0.0314017 0.00042325
44 29.7456 -7.32985 0.743952 -0.0266503 0.000369577
45 32.1182 -8.70846 0.872214 -0.0312588 0.000426595
46 34.1303 -9.22259 0.913401 -0.0325607 0.00043957
47 31.5061 -8.56611 0.860961 -0.0309576 0.000424305
48 30.9808 -8.17629 0.812179 -0.0287935 0.000390788
49 28.4452 -7.69794 0.784243 -0.028016 0.000382666
50 55.2774 -14.3206 1.30844 -0.0455104 0.000593197
51 22.3873 -5.84426 0.616889 -0.0221293 0.000310175
52 29.7975 -7.84792 0.789349 -0.0280877 0.00038418
53 24.8801 -6.51347 0.68808 -0.0250962 0.000352773
54 24.1931 -6.37528 0.667788 -0.0241146 0.000337935
55 32.4385 -8.77857 0.871996 -0.0310905 0.000423606
56 27.4109 -6.76572 0.683245 -0.0242607 0.000336674
57 38.3446 -10.3377 1.00611 -0.0357913 0.000481673
58 40.2098 -10.6323 1.01192 -0.0354002 0.000466979
59 37.8351 -10.136 0.980973 -0.0346704 0.000463185
60 32.1399 -8.44943 0.837967 -0.0297808 0.000405281
61 31.1028 -8.31503 0.825668 -0.0292535 0.000394811
62 23.6002 -6.05845 0.643311 -0.0233699 0.000331564
63 23.5995 -6.28762 0.666363 -0.0242836 0.000343363
64 32.9295 -7.61845 0.749405 -0.0264745 0.000364951
65 37.2312 -8.11343 0.773234 -0.0269929 0.000369657
66 42.4592 -9.186 0.862619 -0.0300103 0.000407067
67 32.4897 -7.4991 0.739692 -0.0261674 0.000359389
68 38.331 -8.11878 0.763279 -0.0263127 0.000356831
69 47.2666 -9.71688 0.881979 -0.0301905 0.000400831
70 45.7499 -9.57932 0.877766 -0.030205 0.000401637
71 37.2696 -8.07496 0.766802 -0.0266173 0.000360951
72 31.2069 -7.25424 0.715662 -0.0252435 0.000348497
73 39.7298 -8.67881 0.818494 -0.0284949 0.000382988
74 46.2548 -9.73523 0.895293 -0.0309975 0.00041325
75 38.6284 -8.26784 0.777629 -0.0269661 0.000365261
76 33.5457 -7.4465 0.722136 -0.0253124 0.000348555
77 38.1695 -8.43352 0.798643 -0.0278131 0.000374513
78 38.1138 -8.46661 0.809054 -0.0283674 0.000385365
79 46.2572 -9.49488 0.867438 -0.029908 0.000399572
80 38.6071 -8.2843 0.777971 -0.0269633 0.000364523
81 44.618 -9.72343 0.906344 -0.0315208 0.000420818
82 38.78 -8.50597 0.801246 -0.0278091 0.000374406
83 47.1584 -9.49214 0.853702 -0.029021 0.000383425
84 42.7303 -8.71817 0.794322 -0.0270818 0.000361898
85 31.6857 -7.06102 0.690435 -0.0240512 0.000328153
86 45.8844 -9.37074 0.855136 -0.0294283 0.000394425
87 37.4043 -7.85413 0.739056 -0.0255749 0.000347868
88 37.7651 -8.03517 0.75847 -0.026211 0.000354118
89 39.7022 -8.24667 0.769558 -0.0265245 0.000360471
90 35.9767 -7.72794 0.737143 -0.0256381 0.000348486
91 42.0488 -8.64586 0.800188 -0.0276195 0.00037329
92 39.6743 -8.25811 0.774151 -0.0268054 0.000362514
93 42.2841 -8.55169 0.792252 -0.0272546 0.000368863
94 38.0001 -8.00973 0.757089 -0.026305 0.000358601
95 19.5158 -4.91105 0.539523 -0.0196585 0.00028509
