0 27.3433 -7.9744 0.951433 -0.0350046 0.000524149
1 50.3886 -12.5636 1.36167 -0.0512759 0.000755607
2 62.8042 -14.4625 1.50038 -0.0566251 0.000840899
3 41.1016 -10.3159 1.11992 -0.0403027 0.000574118
4 59.1826 -13.845 1.42745 -0.052748 0.000766029
5 67.1733 -15.7858 1.63348 -0.0625049 0.000937598
6 45.0766 -10.7247 1.12541 -0.039296 0.00054695
7 54.1662 -11.6776 1.13489 -0.0372595 0.000482884
8 46.2929 -10.5056 1.05951 -0.0344928 0.000441074
9 45.3909 -11.4526 1.269 -0.0496357 0.000786169
10 44.4054 -10.1212 1.04908 -0.0355851 0.000485176
11 58.7283 -12.6721 1.22739 -0.0407339 0.000530152
12 59.4732 -13.6587 1.39441 -0.0509388 0.000735055
13 52.5007 -12.2633 1.27264 -0.0465087 0.000677883
14 39.3911 -9.88563 1.08307 -0.0396997 0.000587296
15 38.9831 -9.97206 1.1096 -0.0420617 0.000646322
16 40.5726 -9.39495 0.995183 -0.0352148 0.000520021
17 57.0377 -12.8879 1.31318 -0.0480136 0.000701671
18 38.2985 -9.19793 0.960273 -0.0324066 0.00044222
19 46.8121 -11.1763 1.18819 -0.0433342 0.000624875
20 59.8144 -14.644 1.5596 -0.0608833 0.00092751
21 51.5407 -11.4231 1.14799 -0.0395355 0.000543748
22 45.213 -10.4647 1.08888 -0.0380665 0.000534157
23 52.8273 -13.3297 1.45053 -0.05645 0.000855992
24 61.2032 -12.1469 1.11447 -0.0349775 0.000438323
25 59.119 -13.8653 1.43133 -0.0533988 0.000780742
26 46.5594 -10.8705 1.16992 -0.0440169 0.000671831
27 48.9615 -11.1807 1.15655 -0.0415739 0.000600842
28 60.9348 -13.5645 1.38586 -0.0516616 0.000757835
29 41.1386 -9.94832 1.09385 -0.0414365 0.000643245
30 54.5028 -12.338 1.27225 -0.0465154 0.000676866
31 46.6029 -10.7081 1.12346 -0.0409939 0.000606468
32 43.8101 -14.1107 1.59167 -0.0624197 0.000924847
33 30.3832 -10.0818 1.21631 -0.0482088 0.000744011
34 29.2448 -9.67323 1.17143 -0.0464444 0.000718611
35 34.8682 -9.91008 1.13408 -0.0431657 0.00064557
36 26.7955 -8.35048 0.958625 -0.0339974 0.000465785
37 38.9803 -11.4083 1.30161 -0.0508602 0.000758979
38 25.0677 -7.34324 0.863934 -0.030673 0.000437116
39 31.9154 -9.39377 1.06562 -0.0387041 0.000540334
40 34.5773 -9.83474 1.1063 -0.0411354 0.000594842
41 35.1198 -9.99595 1.14034 -0.043889 0.000662735
42 22.9458 -7.12896 0.839843 -0.0294145 0.000409627
43 31.7972 -10.5416 1.26435 -0.0511689 0.000794519
44 40.6694 -10.9431 1.17972 -0.0419716 0.000561268
45 32.8026 -9.99853 1.16825 -0.046057 0.000713142
46 30.8586 -9.89442 1.13433 -0.0425091 0.000614852
47 30.0512 -9.93783 1.20117 -0.0489774 0.000777545
48 37.9953 -12.1933 1.38478 -0.0543607 0.000814665
49 33.0339 -10.7019 1.23832 -0.0483013 0.000728112
50 37.8371 -11.3531 1.33932 -0.0554037 0.00089417
51 44.8162 -11.8891 1.29147 -0.0487483 0.000712579
52 49.0628 -15.2589 1.65196 -0.0631291 0.000904204
53 30.9566 -8.54102 0.972549 -0.0357154 0.000516411
54 32.1247 -8.75252 0.979154 -0.0355688 0.000510737
55 28.4231 -8.59307 1.0076 -0.0378258 0.000548269
56 30.316 -9.78072 1.12471 -0.0430862 0.000646048
57 33.7343 -11.3145 1.40923 -0.0611784 0.00102446
58 33.0423 -9.97777 1.16004 -0.0449933 0.00067328
59 30.244 -9.99181 1.19875 -0.0481795 0.00075481
60 35.2615 -11.009 1.30471 -0.0532317 0.00083012
61 32.5296 -9.6756 1.11677 -0.0422413 0.000613982
62 64.6142 -22.3049 3.07781 -0.173812 0.00373415
63 34.6336 -11.3619 1.32649 -0.0525467 0.000784945
64 29.8431 -9.83955 1.20098 -0.0495865 0.000820425
65 26.5749 -8.47709 1.00587 -0.0380675 0.000588978
66 34.9503 -11.1377 1.25296 -0.0470446 0.000684946
67 27.7695 -8.85941 1.02906 -0.038242 0.000568532
68 37.1957 -9.7718 1.07919 -0.0398596 0.000597367
69 32.169 -8.97336 1.00144 -0.0363493 0.000538646
70 24.0285 -7.54952 0.882153 -0.0311058 0.000440764
71 31.9422 -8.23535 0.889659 -0.0293054 0.000395408
72 69.8229 -21.4727 2.29212 -0.0912222 0.0013689
73 23.1404 -7.02772 0.796513 -0.0262553 0.00035394
74 50.2148 -15.7478 1.72767 -0.0678227 0.00102265
75 23.4971 -6.53108 0.724993 -0.0232286 0.000316225
76 29.1514 -9.87082 1.24044 -0.0532894 0.000904549
77 37.2785 -10.4065 1.18845 -0.0476941 0.000773961
78 37.3564 -9.39142 0.984355 -0.0332242 0.00045134
79 38.9077 -12.5783 1.44285 -0.0577028 0.000900174
80 24.3492 -5.74088 0.59158 -0.0159193 0.000184766
81 28.8355 -8.49946 0.998927 -0.0395271 0.000646256
82 28.4774 -8.92807 1.00493 -0.0358407 0.00050917
83 37.6657 -9.99911 1.11394 -0.042761 0.000664512
84 26.0195 -7.87626 0.963847 -0.0409378 0.000753187
85 40.5233 -13.4532 1.60299 -0.0688474 0.00115895
86 30.041 -8.39306 0.95604 -0.0347573 0.000514292
87 22.0023 -6.35179 0.750304 -0.0262119 0.000392175
88 22.507 -6.67559 0.796532 -0.0290198 0.000461527
89 18.4049 -5.0916 0.605179 -0.0199927 0.000318252
90 27.5388 -8.79046 1.0694 -0.0429521 0.000695904
91 27.9622 -9.0067 1.05078 -0.0389643 0.000565391
92 19.4227 -5.69998 0.641142 -0.0175975 0.0001712
93 62.2474 -19.7447 2.1853 -0.0894904 0.00137916
94 24.2844 -7.34284 0.914496 -0.0367964 0.000614993
95 31.6306 -10.9375 1.39312 -0.0618024 0.00106989
