0 28.1246 -8.37262 0.907491 -0.0344301 0.000490292
1 40.3902 -11.3176 1.13029 -0.0411576 0.000559192
2 31.2682 -9.08056 0.962566 -0.0360923 0.000504619
3 31.9219 -9.36889 0.966144 -0.0354048 0.000486007
4 29.4382 -8.6274 0.914917 -0.0339276 0.00047266
5 26.1411 -7.73022 0.853105 -0.0327659 0.000472943
6 36.3036 -10.4031 1.05827 -0.0388912 0.000531411
7 30.0179 -8.69322 0.911552 -0.0337367 0.000467216
8 22.0511 -6.30621 0.707247 -0.0265429 0.000379697
9 25.7297 -7.3312 0.791729 -0.0294213 0.000412859
10 30.4623 -8.861 0.930521 -0.0344181 0.00047576
11 22.7195 -6.43479 0.721349 -0.0272742 0.0003911
12 32.9428 -9.57439 0.977438 -0.03564 0.000486275
13 24.6338 -7.56594 0.816887 -0.0305041 0.000431788
14 21.4641 -5.68196 0.632363 -0.0232935 0.000330056
15 31.2461 -9.07792 0.940057 -0.0346413 0.000478538
16 36.051 -10.2573 1.03463 -0.0377007 0.000516269
17 26.0896 -7.54401 0.805015 -0.0296755 0.000416595
18 30.7017 -8.83063 0.90508 -0.0329688 0.000453621
19 32.5606 -9.55739 0.988904 -0.0366576 0.000509849
20 28.4894 -8.09885 0.85109 -0.0312484 0.000434114
21 34.6999 -10.1069 1.00365 -0.035972 0.000486365
22 18.239 -5.11672 0.591461 -0.0221923 0.000321642
23 21.9093 -6.25373 0.686699 -0.0253958 0.000359906
24 24.4703 -6.9169 0.741816 -0.0271909 0.000378643
25 19.7199 -4.97399 0.568087 -0.0210896 0.000305888
26 36.3213 -10.3765 1.03155 -0.0371657 0.000503406
27 27.8422 -8.11114 0.865207 -0.0324058 0.000455695
28 21.5111 -6.14927 0.692995 -0.0260593 0.000372573
29 26.588 -7.78721 0.819567 -0.0300855 0.000417407
30 23.1221 -6.62143 0.731729 -0.0275145 0.000393103
31 21.3021 -6.14103 0.69038 -0.0259252 0.000369065
32 20.3571 -5.55071 0.633036 -0.0235439 0.00033904
33 26.0464 -6.30385 0.678581 -0.0250071 0.000356997
34 24.2456 -7.01416 0.775173 -0.0291691 0.000416925
35 23.0088 -6.18642 0.695462 -0.0262783 0.000381961
36 37.284 -8.16934 0.807077 -0.0288268 0.000396828
37 26.5622 -7.64402 0.82018 -0.0304453 0.000429326
38 25.0581 -6.26034 0.684383 -0.0253238 0.000362598
39 22.7432 -5.84721 0.643625 -0.0236823 0.000336012
40 27.087 -6.69629 0.71743 -0.0266102 0.000382586
41 27.2364 -6.64941 0.706392 -0.0259187 0.000366916
42 29.8673 -6.93994 0.721999 -0.0263616 0.000374527
43 30.927 -7.04487 0.728005 -0.0265075 0.00037467
44 33.246 -7.40516 0.751207 -0.0272478 0.000383175
45 26.5738 -7.62969 0.817924 -0.0304152 0.000428677
46 20.0594 -5.38519 0.607916 -0.0225456 0.000323551
47 21.8964 -6.30099 0.704294 -0.0264417 0.000379549
48 25.7157 -6.35784 0.686158 -0.0254795 0.000366951
49 22.4567 -5.54289 0.611972 -0.0226658 0.000329206
50 26.5544 -6.35404 0.683497 -0.0254439 0.000365991
51 26.0669 -6.08804 0.650857 -0.0239598 0.000344953
52 27.3778 -6.33125 0.659887 -0.0237597 0.000333816
53 27.1493 -6.35321 0.671291 -0.0245121 0.000348538
54 33.0335 -7.31446 0.739515 -0.0266572 0.000372564
55 19.4734 -5.46679 0.622498 -0.0232072 0.0003337
56 25.9862 -6.2112 0.658577 -0.0240417 0.000342124
57 25.2509 -7.3327 0.801424 -0.0301878 0.000431426
58 18.7898 -5.34761 0.621974 -0.0234818 0.000341303
59 23.1809 -5.9794 0.670056 -0.0253299 0.000367914
60 28.0946 -6.61316 0.698951 -0.0256675 0.000361993
61 17.6666 -4.68234 0.545557 -0.0204372 0.000300965
62 16.5496 -4.48806 0.534542 -0.0200195 0.000291992
63 21.2294 -5.42095 0.617719 -0.0235317 0.000346715
64 20.1187 -5.50799 0.60969 -0.0222575 0.000316387
65 36.3442 -7.75127 0.760642 -0.0269768 0.000370544
66 40.3039 -8.60537 0.838518 -0.029981 0.000410716
67 38.9387 -8.15449 0.790254 -0.0279705 0.000382778
68 27.446 -6.66335 0.703964 -0.0258778 0.000366429
69 25.9795 -6.36469 0.670003 -0.0241493 0.000335947
70 24.4768 -6.06078 0.655251 -0.0240684 0.000342949
71 22.0709 -5.68995 0.62923 -0.0231476 0.000328229
72 33.7004 -7.56294 0.761755 -0.0276271 0.00038492
73 13.6168 -2.05967 0.181044 -0.0023893 3.8022e-06
74 32.3871 -7.24717 0.729073 -0.0261378 0.000361306
75 30.1073 -6.87789 0.708496 -0.0259161 0.000366924
76 30.2587 -6.90289 0.707485 -0.025593 0.00035795
77 35.0999 -7.6589 0.756248 -0.027029 0.00037371
78 19.6859 -5.25203 0.591202 -0.0219493 0.000314522
79 31.5735 -7.00218 0.712001 -0.0258543 0.000361912
80 30.0091 -6.65701 0.673836 -0.0240696 0.000335109
81 29.7907 -6.76116 0.689767 -0.0248376 0.000346531
82 23.3364 -5.67633 0.610837 -0.0223314 0.000318319
83 25.4966 -5.71424 0.601559 -0.0218835 0.000310755
84 30.9549 -6.98594 0.713165 -0.025896 0.000362072
85 30.4204 -6.7523 0.697827 -0.0254538 0.000358494
86 37.374 -7.67672 0.73878 -0.0258605 0.000350807
87 24.8874 -5.55285 0.587537 -0.0211048 0.000297534
88 29.7333 -6.60994 0.67648 -0.0242952 0.00034009
89 32.5918 -6.15125 0.576573 -0.0188352 0.000249859
90 32.2822 -6.95154 0.695472 -0.0247295 0.000340652
91 25.9498 -6.02683 0.644073 -0.0235768 0.000332315
92 24.2913 -5.59272 0.599458 -0.02189 0.000311258
93 22.9784 -5.4462 0.599818 -0.0220866 0.000316754
94 20.5182 -5.24855 0.592609 -0.0220065 0.000314693
95 32.9618 -6.9879 0.711054 -0.0261218 0.000370994
