0 30.9489 30.7336 40
1 30.5692 30.7336 40
2 31.1132 30.7336 40
3 31.4198 30.7336 40
4 32.2208 30.7336 40
5 31.9638 30.7336 40
6 29.4563 30.7336 40
7 31.3711 30.7336 40
8 31.802 30.7336 40
9 31.2782 30.7336 40
10 31.3066 30.7336 40
11 29.9451 30.7336 40
12 31.3447 30.7336 40
13 31.5002 30.7336 40
14 31.1228 30.7336 40
15 29.8138 30.7336 40
16 30.7066 30.7336 40
17 31.4582 30.7336 40
18 30.2523 30.7336 40
19 31.056 30.7336 40
20 29.1229 30.7336 40
21 30.7606 30.7336 40
22 28.9469 30.7336 40
23 27.7325 30.7336 40
24 30.7336 30.7336 40
25 29.993 30.7336 40
26 30.7442 30.7336 40
27 31.2331 30.7336 40
28 30.7336 30.7336 40
29 30.6536 30.7336 40
30 31.1758 30.7336 40
31 30.9947 30.7336 40
32 33.4238 31.4573 40
33 32.7867 31.4573 40
34 33.1092 31.4573 40
35 32.5132 31.4573 40
36 32.2877 31.4573 40
37 32.983 31.4573 40
38 33.0112 31.4573 40
39 31.8995 31.4573 40
40 31.7177 31.4573 40
41 31.3946 31.4573 40
42 31.0583 31.4573 40
43 32.2202 31.4573 40
44 31.9009 31.4573 40
45 32.4882 31.4573 40
46 31.3873 31.4573 40
47 31.8607 31.4573 40
48 31.841 31.4573 40
49 30.3042 31.4573 40
50 29.2947 31.4573 40
51 31.2667 31.4573 40
52 30.1068 31.4573 40
53 30.7599 31.4573 40
54 30.084 31.4573 40
55 28.5676 31.4573 40
56 30.7986 31.4573 40
57 31.4793 31.4573 40
58 29.7374 31.4573 40
59 31.5104 31.4573 40
60 30.3436 31.4573 40
61 31.4679 31.4573 40
62 31.0403 31.4573 40
63 31.9888 31.4573 40
64 30.253 29.3625 40
65 29.9531 29.3625 40
66 29.7491 29.3625 40
67 30.0208 29.3625 40
68 29.9024 29.3625 40
69 30.1531 29.3625 40
70 29.6755 29.3625 40
71 30.5721 29.3625 40
72 26.4664 29.3625 40
73 30.3661 29.3625 40
74 31.1502 29.3625 40
75 30.7504 29.3625 40
76 29.5279 29.3625 40
77 30.3248 29.3625 40
78 29.4032 29.3625 40
79 29.5354 29.3625 40
80 28.6884 29.3625 40
81 29.901 29.3625 40
82 29.6659 29.3625 40
83 30.8684 29.3625 40
84 29.28 29.3625 40
85 28.6 29.3625 40
86 24.0827 29.3625 40
87 29.5708 29.3625 40
88 27.157 29.3625 40
89 30.0326 29.3625 40
90 25.6484 29.3625 40
91 29.0302 29.3625 40
92 29.191 29.3625 40
93 29.8726 29.3625 40
94 30.0912 29.3625 40
95 30.1153 29.3625 40