0 25.7993 28.2667 100
1 25.4058 28.2667 100
2 26.3095 28.2667 100
3 25.1292 28.2667 100
4 28.2667 28.2667 100
5 23.8427 28.2667 100
6 26.7296 28.2667 100
7 27.7825 28.2667 100
8 32.4294 28.2667 100
9 26.3829 28.2667 100
10 31.3692 28.2667 100
11 26.1654 28.2667 100
12 26.5169 28.2667 100
13 31.0619 28.2667 100
14 26.8122 28.2667 100
15 26.8665 28.2667 100
16 27.6986 28.2667 100
17 26.2524 28.2667 100
18 25.9792 28.2667 100
19 30.9237 28.2667 100
20 29.8993 28.2667 100
21 31.6997 28.2667 100
22 27.7127 28.2667 100
23 29.5187 28.2667 100
24 29.9219 28.2667 100
25 29.6575 28.2667 100
26 32.088 28.2667 100
27 29.4959 28.2667 100
28 32.744 28.2667 100
29 25.804 28.2667 100
30 25.667 28.2667 100
31 32.6033 28.2667 100
32 26.64 27.0601 80
33 27.8366 27.0601 80
34 28.2468 27.0601 80
35 26.7359 27.0601 80
36 27.3737 27.0601 80
37 27.2054 27.0601 80
38 28.1089 27.0601 80
39 26.4492 27.0601 80
40 27.9053 27.0601 80
41 27.4987 27.0601 80
42 27.2003 27.0601 80
43 29.3476 27.0601 80
44 27.7797 27.0601 80
45 27.7152 27.0601 80
46 27.1672 27.0601 80
47 27.0951 27.0601 80
48 26.089 27.0601 80
49 26.3369 27.0601 80
50 26.1825 27.0601 80
51 23.6223 27.0601 80
52 24.9818 27.0601 80
53 29.1089 27.0601 80
54 27.0354 27.0601 80
55 26.6301 27.0601 80
56 26.9267 27.0601 80
57 27.7971 27.0601 80
58 26.0627 27.0601 80
59 26.3617 27.0601 80
60 26.3996 27.0601 80
61 26.8022 27.0601 80
62 27.5419 27.0601 80
63 27.7386 27.0601 80
64 28.1259 28.2607 50
65 24.3026 28.2607 50
66 29.6053 28.2607 50
67 28.8828 28.2607 50
68 30.9699 28.2607 50
69 26.6985 28.2607 50
70 26.3714 28.2607 50
71 26.007 28.2607 50
72 29.6293 28.2607 50
73 25.8641 28.2607 50
74 28.2216 28.2607 50
75 23.9237 28.2607 50
76 27.4834 28.2607 50
77 27.7197 28.2607 50
78 30.2895 28.2607 50
79 30.1639 28.2607 50
80 28.5645 28.2607 50
81 31.4851 28.2607 50
82 25.7209 28.2607 50
83 27.6481 28.2607 50
84 29.2348 28.2607 50
85 30.9519 28.2607 50
86 30.5777 28.2607 50
87 25.1309 28.2607 50
88 28.4304 28.2607 50
89 30.0257 28.2607 50
90 29.1259 28.2607 50
91 27.6856 28.2607 50
92 26.0765 28.2607 50
93 27.0442 28.2607 50
94 28.3541 28.2607 50
95 34.028 28.2607 50