0 30.456 30.456 40
1 30.8028 30.456 40
2 24.9876 30.456 40
3 31.2195 30.456 40
4 30.456 30.456 40
5 32.4198 30.456 40
6 32.8492 30.456 40
7 25.018 30.456 40
8 29.3187 30.456 40
9 30.456 30.456 40
10 28.6368 30.456 40
11 30.456 30.456 40
12 37.4241 30.456 40
13 31.788 30.456 40
14 25.5796 30.456 40
15 30.456 30.456 40
16 30.5108 30.456 40
17 30.456 30.456 40
18 30.456 30.456 40
19 28.1818 30.456 40
20 30.456 30.456 40
21 30.193 30.456 40
22 31.9654 30.456 40
23 25.4326 30.456 40
24 30.456 30.456 40
25 29.2011 30.456 40
26 25.8992 30.456 40
27 29.6688 30.456 40
28 36.0497 30.456 40
29 35.2461 30.456 40
30 34.7454 30.456 40
31 33.3499 30.456 40
32 34.1814 30.4894 30
33 28.9 30.4894 30
34 30.4971 30.4894 30
35 32.0505 30.4894 30
36 32.9385 30.4894 30
37 32.6994 30.4894 30
38 27.0217 30.4894 30
39 29.4191 30.4894 30
40 30.4894 30.4894 30
41 32.118 30.4894 30
42 29.3426 30.4894 30
43 27.9604 30.4894 30
44 30.4894 30.4894 30
45 30.1542 30.4894 30
46 31.2044 30.4894 30
47 29.1283 30.4894 30
48 30.4894 30.4894 30
49 27.0554 30.4894 30
50 29.5869 30.4894 30
51 30.4729 30.4894 30
52 30.4894 30.4894 30
53 30.4894 30.4894 30
54 28.2734 30.4894 30
55 28.8042 30.4894 30
56 30.4894 30.4894 30
57 35.6788 30.4894 30
58 29.2584 30.4894 30
59 26.8376 30.4894 30
60 30.4894 30.4894 30
61 30.4894 30.4894 30
62 35.1573 30.4894 30
63 33.0063 30.4894 30
64 29.7337 30.2331 70
65 30.9747 30.2331 70
66 31.1573 30.2331 70
67 30.8276 30.2331 70
68 30.2967 30.2331 70
69 30.4316 30.2331 70
70 29.8559 30.2331 70
71 31.5412 30.2331 70
72 30.618 30.2331 70
73 30.5168 30.2331 70
74 27.841 30.2331 70
75 29.8662 30.2331 70
76 29.8302 30.2331 70
77 32.2721 30.2331 70
78 31.8194 30.2331 70
79 29.6848 30.2331 70
80 28.982 30.2331 70
81 31.8091 30.2331 70
82 27.7491 30.2331 70
83 31.9018 30.2331 70
84 26.9439 30.2331 70
85 27.7661 30.2331 70
86 29.048 30.2331 70
87 30.2823 30.2331 70
88 30.2331 30.2331 70
89 30.7723 30.2331 70
90 30.6136 30.2331 70
91 29.6411 30.2331 70
92 31.93 30.2331 70
93 32.5622 30.2331 70
94 30.5763 30.2331 70
95 29.3811 30.2331 70