0 30.8294 30.3268 40
1 30.1343 30.3268 40
2 27.4339 30.3268 40
3 30.4105 30.3268 40
4 30.6089 30.3268 40
5 30.1001 30.3268 40
6 31.4116 30.3268 40
7 30.1539 30.3268 40
8 30.927 30.3268 40
9 31.6671 30.3268 40
10 30.8745 30.3268 40
11 30.0452 30.3268 40
12 29.9953 30.3268 40
13 31.5672 30.3268 40
14 31.2173 30.3268 40
15 30.797 30.3268 40
16 28.7779 30.3268 40
17 31.5606 30.3268 40
18 28.8776 30.3268 40
19 29.6334 30.3268 40
20 30.5748 30.3268 40
21 29.5498 30.3268 40
22 29.6838 30.3268 40
23 26.7056 30.3268 40
24 30.5987 30.3268 40
25 31.3137 30.3268 40
26 30.5861 30.3268 40
27 31.2686 30.3268 40
28 31.1129 30.3268 40
29 30.5025 30.3268 40
30 31.3008 30.3268 40
31 30.2375 30.3268 40
32 30.4846 30.4814 40
33 28.8764 30.4814 90
34 31.6071 30.4814 90
35 31.5054 30.4814 90
36 30.3973 30.4814 90
37 28.6967 30.4814 90
38 31.2501 30.4814 90
39 30.8182 30.4814 90
40 32.0387 30.4814 90
41 31.8877 30.4814 90
42 32.0384 30.4814 90
43 30.3348 30.4814 90
44 31.6198 30.4814 90
45 30.8571 30.4814 90
46 31.8916 30.4814 90
47 30.2445 30.4814 90
48 31.0167 30.4814 90
49 29.3369 30.4814 90
50 28.4789 30.4814 90
51 29.905 30.4814 90
52 28.4619 30.4814 90
53 30.1405 30.4814 90
54 30.7285 30.4814 90
55 28.8166 30.4814 90
56 29.1472 30.4814 90
57 30.8956 30.4814 90
58 31.162 30.4814 90
59 27.4227 30.4814 90
60 31.9792 30.4814 90
61 31.2731 30.4814 90
62 31.6196 30.4814 90
63 30.4709 30.4814 90
64 30.0378 27.8138 120
65 29.713 27.8138 120
66 28.7355 27.8138 120
67 27.929 27.8138 120
68 29.0335 27.8138 120
69 27.6943 27.8138 120
70 30.1749 27.8138 120
71 29.4955 27.8138 120
72 28.0284 27.8138 120
73 29.0055 27.8138 120
74 30.6014 27.8138 120
75 28.3449 27.8138 120
76 28.3961 27.8138 120
77 27.8625 27.8138 120
78 26.2493 27.8138 120
79 28.6081 27.8138 120
80 28.2487 27.8138 120
81 27.0473 27.8138 120
82 26.5754 27.8138 120
83 26.1544 27.8138 120
84 27.1487 27.8138 120
85 27.384 27.8138 120
86 26.7257 27.8138 120
87 24.9001 27.8138 120
88 26.0801 27.8138 120
89 28.8517 27.8138 120
90 25.9651 27.8138 120
91 27.4641 27.8138 120
92 26.6845 27.8138 120
93 29.0346 27.8138 120
94 25.9486 27.8138 120
95 25.9183 27.8138 120