0 29.0102 29.2601 110
1 28.8183 29.2601 110
2 29.9155 29.2601 110
3 29.051 29.2601 110
4 29.8034 29.2601 110
5 30.0644 29.2601 110
6 28.5871 29.2601 110
7 29.0506 29.2601 110
8 32.1764 29.2601 110
9 31.1296 29.2601 110
10 28.7057 29.2601 110
11 28.8236 29.2601 110
12 28.9597 29.2601 110
13 29.0002 29.2601 110
14 30.138 29.2601 110
15 29.4135 29.2601 110
16 29.0818 29.2601 110
17 31.1346 29.2601 110
18 28.7601 29.2601 110
19 26.515 29.2601 110
20 28.2262 29.2601 110
21 28.938 29.2601 110
22 27.5408 29.2601 110
23 28.7695 29.2601 110
24 27.1105 29.2601 110
25 28.8432 29.2601 110
26 29.8492 29.2601 110
27 29.1976 29.2601 110
28 30.1791 29.2601 110
29 29.8659 29.2601 110
30 28.9841 29.2601 110
31 30.682 29.2601 110
32 30.8698 30.2172 40
33 29.5205 30.2172 40
34 30.6853 30.2172 40
35 30.8162 30.2172 40
36 31.0253 30.2172 40
37 32.1909 30.2172 40
38 32.2874 30.2172 40
39 31.0759 30.2172 40
40 30.7259 30.2172 40
41 31.1629 30.2172 40
42 31.7182 30.2172 40
43 30.4768 30.2172 40
44 29.4737 30.2172 40
45 31.4582 30.2172 40
46 29.917 30.2172 40
47 30.1166 30.2172 40
48 26.6178 30.2172 40
49 31.8568 30.2172 40
50 29.492 30.2172 40
51 27.8799 30.2172 40
52 30.4725 30.2172 40
53 30.5598 30.2172 40
54 28.7538 30.2172 40
55 27.9958 30.2172 40
56 27.5828 30.2172 40
57 31.48 30.2172 40
58 29.7068 30.2172 40
59 29.2098 30.2172 40
60 28.9622 30.2172 40
61 29.5871 30.2172 40
62 31.6613 30.2172 40
63 31.6125 30.2172 40
64 29.4345 28.8558 110
65 30.0624 28.8558 110
66 31.6947 28.8558 110
67 27.6158 28.8558 110
68 29.5203 28.8558 110
69 30.3728 28.8558 110
70 29.9069 28.8558 110
71 30.5618 28.8558 110
72 29.6346 28.8558 110
73 27.8613 28.8558 110
74 29.2918 28.8558 110
75 28.2921 28.8558 110
76 28.0853 28.8558 110
77 28.1442 28.8558 110
78 28.1209 28.8558 110
79 28.433 28.8558 110
80 28.0051 28.8558 110
81 27.6014 28.8558 110
82 28.8558 28.8558 110
83 29.1628 28.8558 110
84 28.2193 28.8558 110
85 26.1372 28.8558 110
86 27.285 28.8558 110
87 28.4325 28.8558 110
88 27.8413 28.8558 110
89 27.855 28.8558 110
90 30.3913 28.8558 110
91 28.3023 28.8558 110
92 30.0107 28.8558 110
93 32.0074 28.8558 110
94 27.5491 28.8558 110
95 28.6967 28.8558 110