0 30.4814 0
0 30.4814 0
0 30.4814 0
0 30.4814 0
0 30.4814 0
0 30.4814 0
0 30.4814 0
0 30.4814 0
0 30.4814 0
0 30.4814 0
0 30.4814 0
0 30.4814 0
0 30.4814 0
0 30.4814 0
0 30.4814 0
0 30.4814 0
0 30.4814 0
0 30.4814 0
0 30.4814 0
0 30.4814 0
0 30.4814 0
0 30.4814 0
0 30.4814 0
0 30.4814 0
0 30.4814 0
0 30.4814 0
0 30.4814 0
0 30.4814 0
0 30.4814 0
0 30.4814 0
0 30.4814 0
0 27.8138 0
0 27.8138 0
0 27.8138 0
0 27.8138 0
0 27.8138 0
0 27.8138 0
0 27.8138 0
0 27.8138 0
0 27.8138 0
0 27.8138 0
0 27.8138 0
0 27.8138 0
0 27.8138 0
0 27.8138 0
0 27.8138 0
0 27.8138 0
0 27.8138 0
0 27.8138 0
0 27.8138 0
0 27.8138 0
0 27.8138 0
0 27.8138 0
0 27.8138 0
0 27.8138 0
0 27.8138 0
0 27.8138 0
0 27.8138 0
0 27.8138 0
0 27.8138 0
0 27.8138 0
0 27.8138 0
0 27.8138 0
0 1.05699e-307 0
0 0 0
0 0 0
0 0 0
0 0 0
0 0 0
0 0 0
0 0 0
0 0 0
0 0 0
0 0 0
0 0 0
0 0 0
0 0 0
0 0 0
0 0 0
0 0 0
0 2.01647e-308 0
0 0 0
0 0 0
0 0 0
0 0 0
0 0 0
0 0 0
0 0 0
0 0 0
0 0 0
0 0 0
0 0 0
0 0 0
0 0 0
0 0 0
0 0 0
