0 31.6348 30.6116 50
1 30.9506 30.6116 50
2 31.0473 30.6116 50
3 30.6389 30.6116 50
4 31.8529 30.6116 50
5 30.5241 30.6116 50
6 30.76 30.6116 50
7 32.1194 30.6116 50
8 31.7022 30.6116 50
9 31.7928 30.6116 50
10 31.3025 30.6116 50
11 31.0916 30.6116 50
12 30.4456 30.6116 50
13 29.9048 30.6116 50
14 30.4616 30.6116 50
15 31.7916 30.6116 50
16 34.4832 30.6116 50
17 30.5991 30.6116 50
18 28.6791 30.6116 50
19 30.6177 30.6116 50
20 30.7674 30.6116 50
21 30.1135 30.6116 50
22 26.9282 30.6116 50
23 28.894 30.6116 50
24 28.6747 30.6116 50
25 29.9577 30.6116 50
26 30.4339 30.6116 50
27 29.3244 30.6116 50
28 30.0056 30.6116 50
29 30.6945 30.6116 50
30 30.658 30.6116 50
31 30.7209 30.6116 50
32 32.5479 31.1472 40
33 32.7146 31.1472 40
34 32.8104 31.1472 40
35 32.3551 31.1472 40
36 31.8357 31.1472 40
37 31.7003 31.1472 40
38 32.2057 31.1472 40
39 31.3828 31.1472 40
40 31.3232 31.1472 40
41 32.265 31.1472 40
42 30.814 31.1472 40
43 29.4014 31.1472 40
44 31.3097 31.1472 40
45 31.5014 31.1472 40
46 31.1945 31.1472 40
47 31.5894 31.1472 40
48 31.2871 31.1472 40
49 31.8893 31.1472 40
50 30.5114 31.1472 40
51 29.7632 31.1472 40
52 31.3815 31.1472 40
53 31.1621 31.1472 40
54 29.063 31.1472 40
55 27.8357 31.1472 40
56 29.7867 31.1472 40
57 29.0531 31.1472 40
58 31.4841 31.1472 40
59 31.1385 31.1472 40
60 31.1006 31.1472 40
61 30.7106 31.1472 40
62 31.451 31.1472 40
63 32.1404 31.1472 40
64 31.6616 30.8661 50
65 34.7032 30.8661 50
66 31.4083 30.8661 50
67 31.4364 30.8661 50
68 31.7416 30.8661 50
69 30.1093 30.8661 50
70 34.4132 30.8661 50
71 29.2145 30.8661 50
72 31.7205 30.8661 50
73 31.5186 30.8661 50
74 28.995 30.8661 50
75 30.1571 30.8661 50
76 31.0731 30.8661 50
77 33.3278 30.8661 50
78 31.4237 30.8661 50
79 30.5615 30.8661 50
80 31.612 30.8661 50
81 31.3248 30.8661 50
82 29.0842 30.8661 50
83 30.8661 30.8661 50
84 29.7383 30.8661 50
85 30.1788 30.8661 50
86 29.1434 30.8661 50
87 28.2931 30.8661 50
88 31.5868 30.8661 50
89 30.8661 30.8661 50
90 30.5243 30.8661 50
91 30.8661 30.8661 50
92 29.7269 30.8661 50
93 30.4945 30.8661 50
94 30.1704 30.8661 50
95 29.7729 30.8661 50