0 -67.0511 0.358504
1 -51.6667 0.353048
2 -46.1566 0.361182
3 -69.9646 0.35806
4 -88.7761 0.359746
5 -56.7577 0.357699
6 -55.1969 0.356475
7 -76.2971 0.35133
8 -24.6225 0.359421
9 -38.9721 0.353233
10 -98.003 0.36151
11 -66.9216 0.359985
12 -66.9652 0.356504
13 -46.0539 0.356337
14 -45.0785 0.355657
15 -87.9324 0.357061
16 -66.6135 0.359107
17 -58.2279 0.349745
18 -62.7125 0.357413
19 -38.2257 0.360191
20 -46.2874 0.354385
21 -60.9712 0.351563
22 -72.5642 0.351717
23 -40.7759 0.352434
24 -72.4766 0.355449
25 -70.705 0.354914
26 -81.1046 0.354008
27 -33.7972 0.354322
28 -56.4861 0.352276
29 -77.7463 0.355673
30 -35.8562 0.35517
31 -78.358 0.347613
32 -31.587 0.352762
33 -21.7295 0.349744
34 -57.7605 0.351866
35 -28.0451 0.355884
36 -35.4127 0.346302
37 -37.0394 0.351409
38 -40.9734 0.349891
39 -39.877 0.346284
40 -29.9261 0.348694
41 -43.9758 0.347076
42 -18.9723 0.344665
43 -36.4969 0.345756
44 -16.2419 0.351936
45 -43.246 0.352054
46 -40.8256 0.353076
47 -36.4538 0.348833
48 -39.7269 0.345609
49 -30.6999 0.350502
50 -61.545 0.339498
51 -26.2238 0.350269
52 -40.7816 0.356321
53 -21.6298 0.348228
54 -21.7039 0.348796
55 -46.3225 0.34739
56 -12.0972 0.346126
57 -42.7402 0.345498
58 -48.3171 0.345114
59 -56.8428 0.346873
60 -34.7261 0.345965
61 -38.2976 0.344648
62 -19.8765 0.347006
63 -18.6695 0.334551
64 -3.2245 0.358808
65 10.9178 0.354828
66 5.79455 0.356897
67 -13.045 0.35388
68 14.188 0.357588
69 28.0041 0.356506
70 18.8268 0.34819
71 -0.00975667 0.350988
72 -16.4416 0.349045
73 3.27442 0.354544
74 22.3039 0.354113
75 3.52602 0.350292
76 4.50211 0.349541
77 5.65355 0.347143
78 7.37524 0.352516
79 29.1126 0.347128
80 4.14451 0.347906
81 3.91703 0.354811
82 -4.57923 0.349351
83 30.4198 0.351967
84 22.1893 0.35384
85 -6.72215 0.349822
86 32.0219 0.352497
87 -1.8405 0.344488
88 5.21582 0.349262
89 10.9807 0.347536
90 4.28381 0.350169
91 23.4587 0.352008
92 13.9328 0.35231
93 18.4031 0.349805
94 12.3612 0.347069
95 -25.6488 0.33735
