0 -50.5799 0.355385
1 -70.8017 0.361805
2 -38.1341 0.356154
3 -62.0212 0.356095
4 -56.5819 0.360592
5 -32.5259 0.346905
6 -54.715 0.349406
7 -49.045 0.349938
8 -20.7042 0.352434
9 -44.8051 0.349536
10 -51.8301 0.352054
11 -25.2763 0.351209
12 -68.8692 0.354687
13 -57.5693 0.341315
14 -23.4225 0.351071
15 -58.3654 0.345311
16 -56.0619 0.348442
17 -45.5799 0.355213
18 -64.9047 0.342772
19 -76.6028 0.35362
20 -49.656 0.352408
21 -87.8405 0.35013
22 -30.1429 0.348073
23 -51.4628 0.350379
24 -37.3686 0.344635
25 -12.7936 0.346424
26 -76.4368 0.356071
27 -56.9398 0.342938
28 -32.5859 0.34926
29 -66.1358 0.344553
30 -41.4498 0.34803
31 -50.4484 0.340916
32 -23.8358 0.360165
33 6.02828 0.353442
34 -11.3114 0.349806
35 -10.9956 0.355436
36 21.3293 0.354029
37 -28.7327 0.353663
38 -9.67396 0.354251
39 -17.5543 0.350283
40 4.47032 0.358012
41 -4.13553 0.354483
42 7.84651 0.359203
43 1.82852 0.355453
44 15.4065 0.346871
45 -39.7796 0.355994
46 -24.4492 0.350961
47 -24.6468 0.354282
48 -5.81222 0.352062
49 -6.48204 0.349147
50 -4.26991 0.34549
51 -3.5167 0.354836
52 3.48771 0.355487
53 5.10947 0.3551
54 7.62774 0.352983
55 -25.3874 0.350161
56 -3.64693 0.34786
57 -42.0073 0.348149
58 -28.2765 0.350585
59 -19.0759 0.348426
60 -2.25762 0.349605
61 -25.2141 0.349416
62 -24.2363 0.350928
63 -10.9522 0.334197
64 -21.8106 0.346236
65 21.1454 0.344252
66 37.8429 0.348027
67 36.5098 0.344731
68 6.93225 0.341502
69 -3.27367 0.344568
70 -0.370908 0.346401
71 -21.8441 0.343322
72 19.4875 0.339471
73 0.0450554 0.329321
74 15.3397 0.345317
75 9.32399 0.339241
76 6.17852 0.341617
77 22.5811 0.34232
78 -15.7202 0.335948
79 16.6594 0.331301
80 4.98181 0.337719
81 1.24144 0.340916
82 1.87773 0.338107
83 3.09916 0.33455
84 18.3426 0.339767
85 8.67441 0.337698
86 31.2096 0.340024
87 -13.3066 0.340154
88 8.05205 0.341263
89 29.7899 0.338227
90 11.52 0.339613
91 8.07905 0.335354
92 4.77632 0.333441
93 -5.59344 0.341536
94 -20.7303 0.339485
95 28.0817 0.332206
