0 -24.6774 0.345073
1 -3.87824 0.348214
2 -13.517 0.344073
3 -14.4616 0.349443
4 -9.59804 0.34505
5 -20.2649 0.340865
6 -24.987 0.343192
7 -4.43543 0.34085
8 -40.2801 0.339436
9 -29.6178 0.338183
10 -45.7991 0.351629
11 3.97157 0.33813
12 -10.0822 0.343995
13 -16.24 0.339335
14 -19.2637 0.343308
15 -33.2349 0.341726
16 -21.295 0.338412
17 15.1194 0.342122
18 -25.9714 0.340587
19 -15.8252 0.339989
20 -22.0083 0.337058
21 -10.1789 0.339701
22 -35.6657 0.347526
23 -22.1952 0.338682
24 -20.9296 0.34082
25 15.357 0.338203
26 -21.2459 0.339332
27 -36.0751 0.339961
28 -34.1878 0.340473
29 -0.164883 0.339968
30 -26.9849 0.331347
31 -32.2907 0.326696
32 30.044 0.348119
33 52.7278 0.346137
34 29.9128 0.343333
35 61.1932 0.346482
36 55.9505 0.339545
37 55.5259 0.342764
38 31.3136 0.344566
39 64.492 0.34226
40 45.5113 0.34034
41 64.0545 0.339273
42 46.1595 0.342905
43 35.6506 0.345505
44 24.4614 0.344686
45 43.5938 0.342959
46 87.7128 0.344412
47 35.2377 0.343279
48 60.0445 0.345415
49 42.2472 0.336384
50 35.3785 0.344208
51 42.3555 0.341531
52 42.3616 0.344108
53 48.1688 0.342765
54 19.3207 0.342334
55 35.4509 0.338649
56 61.4572 0.340925
57 55.3495 0.340197
58 21.4504 0.343542
59 48.1824 0.339693
60 28.1096 0.342051
61 12.6542 0.334681
62 52.7783 0.344617
63 31.8062 0.322631
64 -29.201 0.358213
65 -34.552 0.360582
66 -25.3271 0.358209
67 11.5356 0.353657
68 2.87603 0.35692
69 -18.9534 0.351829
70 -24.8657 0.349882
71 -29.7068 0.354081
72 -11.6675 0.356053
73 -31.5693 0.356215
74 -25.2835 0.350174
75 -24.0676 0.351612
76 10.3511 0.361495
77 -6.38616 0.344906
78 -1.05826 0.353396
79 -21.6276 0.352169
80 -55.2707 0.351656
81 -19.782 0.353656
82 -11.9528 0.354182
83 -25.7748 0.352
84 -41.6322 0.354122
85 -17.3698 0.34986
86 -32.3039 0.348796
87 -3.0042 0.349268
88 -31.1881 0.348592
89 -27.8022 0.34724
90 -22.2732 0.352805
91 -29.0916 0.350954
92 -15.8028 0.348518
93 -13.0309 0.349499
94 -20.3196 0.34849
95 -11.264 0.334357
