0 10.5285 0.393627
1 -29.2713 0.398399
2 12.3547 0.393955
3 2.79336 0.392105
4 9.31497 0.395515
5 -1.39761 0.394973
6 -20.5208 0.3864
7 24.9908 0.391634
8 -6.70111 0.391016
9 22.819 0.387741
10 -9.09556 0.394843
11 -1.06286 0.393467
12 0.178175 0.391317
13 -17.5874 0.3892
14 -15.1556 0.397389
15 -7.42144 0.38909
16 9.26551 0.385456
17 -0.210519 0.388781
18 -9.58124 0.392311
19 26.6189 0.39172
20 -23.1901 0.395683
21 25.1683 0.389155
22 -19.6561 0.39364
23 1.53443 0.388182
24 -6.48893 0.394458
25 10.309 0.392921
26 -4.63127 0.393133
27 11.9707 0.386049
28 27.3995 0.38989
29 -7.11582 0.389144
30 13.7763 0.39462
31 10.476 0.3733
32 92.6229 0.377143
33 53.5774 0.379335
34 54.3848 0.380804
35 52.1599 0.374478
36 90.3583 0.376588
37 95.8434 0.375833
38 54.0237 0.375587
39 53.4015 0.370987
40 57.6803 0.37613
41 61.6427 0.374082
42 42.1621 0.372144
43 74.3181 0.373384
44 66.1466 0.370461
45 51.5272 0.375022
46 67.9732 0.369331
47 61.3793 0.370531
48 71.0656 0.371085
49 75.593 0.369724
50 67.7354 0.372751
51 70.7406 0.372957
52 55.1357 0.376051
53 45.1273 0.369218
54 54.7134 0.378007
55 51.0138 0.363558
56 63.7052 0.376271
57 70.6493 0.373578
58 52.6947 0.371692
59 69.4569 0.375636
60 38.2055 0.372489
61 62.3425 0.373275
62 86.7352 0.369471
63 47.9038 0.370534
64 -8.8703 0.406022
65 -20.3235 0.402441
66 -21.5671 0.402283
67 5.78264 0.402605
68 -28.6264 0.399168
69 -33.2825 0.39987
70 -14.3613 0.399886
71 -0.588376 0.398506
72 -22.556 0.404707
73 -52.3043 0.397893
74 20.9967 0.40165
75 -58.6323 0.400146
76 -15.9187 0.400835
77 -12.8409 0.397732
78 -15.5477 0.397733
79 -39.499 0.39597
80 -10.8664 0.403989
81 -29.8536 0.397327
82 -22.769 0.395658
83 -22.3718 0.396495
84 -4.318 0.401394
85 8.98414 0.401166
86 -29.8041 0.398011
87 -36.4983 0.40225
88 -26.4146 0.394287
89 1.62594 0.399667
90 -4.07426 0.399245
91 -13.5543 0.392856
92 -27.3693 0.397298
93 -19.0106 0.391212
94 13.9251 0.406245
95 7.96656 0.386066
