0 15.784 0.361287
1 28.5405 0.354326
2 34.3212 0.356804
3 37.0778 0.356259
4 6.4123 0.357614
5 24.3006 0.359372
6 6.78174 0.357088
7 1.39306 0.355155
8 24.0468 0.357145
9 6.84815 0.352508
10 12.0189 0.355254
11 18.2255 0.357433
12 20.7338 0.347123
13 22.3565 0.350595
14 32.3368 0.3557
15 0.706843 0.361557
16 16.9432 0.362242
17 24.8455 0.35638
18 38.0229 0.352804
19 -1.02146 0.350283
20 13.4845 0.354999
21 12.9388 0.356294
22 26.4212 0.35481
23 6.03245 0.354513
24 3.50012 0.355832
25 3.53701 0.35179
26 10.1226 0.357342
27 12.15 0.349815
28 -15.8373 0.347755
29 16.7437 0.346809
30 14.4218 0.361006
31 13.0395 0.34743
32 73.6428 0.347536
33 56.0331 0.336583
34 34.7183 0.335718
35 56.8761 0.340373
36 28.5709 0.33957
37 58.7497 0.333521
38 71.9306 0.34123
39 65.3042 0.335516
40 66.9499 0.33665
41 47.0486 0.331407
42 48.2898 0.340495
43 46.3419 0.336263
44 68.8845 0.339922
45 62.2372 0.338907
46 52.3823 0.336975
47 50.6431 0.334653
48 49.4414 0.336395
49 72.9937 0.3339
50 37.9445 0.333952
51 69.0293 0.336338
52 72.4064 0.339477
53 47.9724 0.327878
54 99.972 0.330579
55 56.6998 0.335366
56 65.6486 0.335885
57 53.3224 0.331403
58 37.0048 0.341089
59 31.7931 0.334039
60 37.3043 0.335147
61 38.5801 0.327764
62 50.86 0.338134
63 55.1278 0.32795
64 -27.8374 0.3648
65 -5.56758 0.360327
66 -32.8647 0.364338
67 -38.5552 0.364516
68 -19.6802 0.365277
69 -31.2762 0.356324
70 -12.114 0.356726
71 -45.6408 0.355161
72 -16.0807 0.358052
73 -39.8869 0.362306
74 -14.8742 0.361428
75 -51.6973 0.360584
76 -35.4563 0.363452
77 -32.8572 0.356478
78 -38.8532 0.360037
79 1.52289 0.359183
80 -17.5625 0.363541
81 0.130564 0.362648
82 -8.18704 0.357745
83 -21.3016 0.365424
84 -2.7944 0.364834
85 -61.6607 0.35865
86 -25.2509 0.356213
87 -16.1515 0.360365
88 -18.8899 0.358788
89 -23.0558 0.361163
90 -24.8205 0.363316
91 -25.0936 0.357131
92 -40.9145 0.354817
93 -17.9718 0.359492
94 -5.00899 0.352223
95 -26.9021 0.349569
