0 38.6773 0.350657
1 4.80509 0.356775
2 8.94742 0.354967
3 32.1902 0.352717
4 -1.69306 0.349589
5 7.93966 0.348445
6 57.9758 0.348599
7 40.1836 0.349398
8 21.7508 0.339451
9 26.5245 0.348031
10 35.038 0.352448
11 24.4864 0.344097
12 18.3702 0.352786
13 11.9955 0.344596
14 48.9227 0.346653
15 26.839 0.348598
16 11.6476 0.345769
17 -0.138862 0.34475
18 12.249 0.341364
19 59.6653 0.344878
20 33.2674 0.34735
21 32.0775 0.343283
22 14.2596 0.347729
23 25.8727 0.342749
24 21.3261 0.344634
25 10.9056 0.339367
26 1.54532 0.341839
27 32.3416 0.337057
28 21.4917 0.338186
29 18.608 0.339581
30 12.9174 0.339826
31 38.7504 0.343474
32 -47.3802 0.361227
33 -40.8579 0.360514
34 -38.8634 0.361192
35 -26.8296 0.357228
36 -38.2385 0.360382
37 -44.9159 0.362619
38 -35.354 0.351913
39 -24.9903 0.361436
40 -26.4634 0.36027
41 -29.5492 0.354647
42 -16.1239 0.354434
43 -23.1944 0.356808
44 -5.58336 0.360552
45 -26.5122 0.360943
46 -11.9863 0.358164
47 -38.184 0.357091
48 -41.6102 0.358999
49 -39.5213 0.357312
50 -29.6175 0.359728
51 -40.5299 0.355438
52 -40.7693 0.353347
53 1.73943 0.354161
54 -25.6913 0.356319
55 -48.1159 0.354937
56 -36.7217 0.349715
57 -1.85529 0.354998
58 -25.9561 0.349202
59 -41.0241 0.353441
60 -7.31108 0.353305
61 -21.3849 0.354462
62 -38.6875 0.356465
63 -35.3107 0.34575
64 21.6109 0.35061
65 8.91118 0.352911
66 49.1987 0.35264
67 11.5935 0.349214
68 40.3242 0.352589
69 26.9506 0.350521
70 31.678 0.350439
71 17.8952 0.342633
72 12.2445 0.35309
73 14.7602 0.347364
74 24.714 0.355633
75 5.3035 0.349389
76 22.1682 0.346503
77 6.36077 0.348301
78 1.22523 0.346734
79 30.0679 0.343437
80 34.3774 0.346864
81 17.1896 0.339528
82 17.1896 0.339528
83 45.9167 0.348424
84 11.5829 0.345859
85 -6.03198 0.347711
86 -0.733743 0.343015
87 19.3389 0.343476
88 26.4426 0.351646
89 37.0875 0.345558
90 31.6609 0.346608
91 18.4624 0.340586
92 1.13934 0.342112
93 6.36692 0.345531
94 12.1529 0.342019
95 11.3765 0.336455
