0 34.5999 0.357486
1 26.6954 0.345922
2 2.73703 0.347239
3 37.1916 0.350131
4 46.0343 0.354538
5 26.7381 0.349357
6 23.463 0.35306
7 27.0472 0.348267
8 18.1613 0.347964
9 14.0193 0.341021
10 -0.588897 0.348788
11 16.6915 0.343901
12 23.2842 0.350411
13 42.878 0.351559
14 9.37668 0.346833
15 25.6929 0.345471
16 51.4045 0.346019
17 26.2998 0.34824
18 22.663 0.351507
19 51.6105 0.344491
20 29.7832 0.351568
21 69.6027 0.35063
22 31.7547 0.349004
23 39.4716 0.346862
24 14.6616 0.350552
25 26.1376 0.349432
26 3.394 0.346115
27 7.28751 0.341082
28 16.2017 0.34621
29 7.67178 0.343232
30 7.00348 0.351178
31 57.1715 0.335901
32 -32.3535 0.359395
33 -6.31274 0.356647
34 11.6136 0.350284
35 -39.7717 0.360319
36 -17.1394 0.359835
37 -22.0047 0.36114
38 -4.10678 0.360899
39 -13.4932 0.355222
40 -42.4896 0.36636
41 -13.8662 0.35829
42 -48.758 0.354154
43 -22.4775 0.354011
44 -45.4582 0.350733
45 -25.6865 0.351271
46 -28.4708 0.361566
47 -12.5985 0.355653
48 -29.1764 0.358729
49 -0.0464082 0.352279
50 3.07205 0.352444
51 -26.5087 0.358085
52 -18.326 0.355126
53 -38.6353 0.35595
54 -1.88446 0.360389
55 -23.2344 0.35812
56 -23.4111 0.357672
57 -37.7514 0.355991
58 -25.5852 0.346892
59 -5.12939 0.351563
60 -10.0426 0.34857
61 -43.3424 0.355799
62 -10.7481 0.355356
63 -17.2969 0.347637
64 59.9345 0.347304
65 67.5504 0.34398
66 38.857 0.343303
67 64.6953 0.341485
68 76.2761 0.347173
69 41.7349 0.349403
70 64.7092 0.350344
71 71.1043 0.344511
72 56.6329 0.346475
73 62.1263 0.343755
74 91.5124 0.34685
75 55.1119 0.347291
76 56.7723 0.346935
77 61.1808 0.347139
78 54.9312 0.341024
79 60.7019 0.346558
80 55.3661 0.343344
81 80.0387 0.341066
82 57.3159 0.343401
83 25.8985 0.346775
84 29.641 0.344611
85 79.3233 0.339268
86 50.7574 0.340468
87 59.2047 0.341562
88 26.6614 0.340841
89 51.7642 0.346901
90 34.6205 0.341518
91 45.1417 0.34721
92 41.6213 0.343421
93 29.3484 0.338119
94 59.0866 0.340662
95 76.3337 0.330875
