0 -0.262734 0.389712
1 22.2138 0.384393
2 -10.525 0.388504
3 -4.92981 0.383719
4 21.3164 0.39144
5 2.94456 0.382523
6 -19.7232 0.393639
7 33.648 0.382869
9 -3.57034 0.39179
10 -8.4356 0.380015
11 -0.315385 0.390641
12 -18.0949 0.384927
13 -27.1648 0.379787
14 4.67069 0.383506
15 -5.1507 0.3843
16 -15.1568 0.394884
17 -19.0394 0.386164
18 -1.03238 0.387196
19 3.35581 0.386557
20 4.71958 0.383485
21 -15.1071 0.387418
22 -21.7791 0.385233
23 5.46418 0.387306
24 -15.3015 0.388977
25 -15.2035 0.386744
26 -4.85855 0.387913
27 22.2649 0.386262
28 -49.7371 0.377603
29 1.11302 0.384364
30 -7.85344 0.38673
31 -24.6221 0.37482
32 -11.0613 0.390044
33 -36.7069 0.382455
34 -16.7585 0.384696
35 -55.1019 0.388826
36 -23.6846 0.387407
37 -48.9642 0.378451
38 15.7216 0.383127
39 -38.9943 0.388843
40 -18.6887 0.386541
41 -32.3356 0.383638
42 -45.6542 0.387078
43 -23.169 0.382377
44 -45.6434 0.385439
45 -14.5679 0.38261
46 -56.2937 0.381772
47 -38.0328 0.381557
48 -5.64859 0.38904
49 -13.0708 0.390895
50 -20.0578 0.384475
51 -58.983 0.381622
52 -43.3417 0.383173
53 -40.5761 0.375049
54 -18.5185 0.383421
55 -15.5353 0.381281
56 -44.7474 0.381894
57 -55.8991 0.383644
58 -41.7146 0.383854
59 -16.0437 0.380686
60 -11.8237 0.385901
61 -59.6101 0.381229
62 -10.8537 0.378969
63 -2.85653 0.373701
64 24.9278 0.389349
65 11.4643 0.385963
66 52.3241 0.389249
67 57.1504 0.381916
68 57.2579 0.380172
69 60.3418 0.385948
70 32.9323 0.392029
71 58.1074 0.383035
72 6.08081 0.386946
73 49.8414 0.38481
74 26.8462 0.386953
75 29.0174 0.378361
76 56.759 0.381483
77 63.139 0.374492
78 41.1142 0.378253
79 8.71697 0.390004
80 42.7708 0.383891
81 60.8981 0.382446
82 68.4819 0.378191
83 43.7004 0.382898
84 25.2723 0.386432
85 17.836 0.381001
86 51.5664 0.372759
87 31.7212 0.37894
88 15.5523 0.390816
89 41.2716 0.375726
90 26.7244 0.379416
91 33.9933 0.378244
92 25.219 0.379641
93 45.3541 0.377866
94 46.182 0.384071
95 30.835 0.378338
