0 -40.6355 0.397426
1 -15.4318 0.402453
2 31.3368 0.394344
3 -19.865 0.390987
4 5.68452 0.396671
5 31.9904 0.395969
6 -15.911 0.394358
7 10.9632 0.393084
8 1.71908 0.40115
9 0.983794 0.389504
10 0.376938 0.398234
11 20.8063 0.393005
12 28.284 0.392362
13 11.7201 0.389734
14 -18.8361 0.395128
15 -28.6209 0.391585
16 -20.1263 0.388248
17 26.9391 0.384684
18 -14.2312 0.392077
19 -11.3726 0.394793
20 21.867 0.384692
21 24.8846 0.388615
22 -2.94137 0.390789
23 -1.52068 0.387702
24 44.575 0.388626
25 19.7667 0.385857
26 6.89089 0.387304
27 14.8453 0.386273
28 43.0455 0.381777
29 5.71848 0.37997
30 22.416 0.386256
31 24.3945 0.368604
32 -59.5584 0.393539
33 -39.8942 0.389939
34 -45.3922 0.388165
35 -19.4958 0.388854
36 -33.3103 0.385785
37 -13.1986 0.385969
38 -33.6986 0.389083
39 -24.6628 0.386448
40 -19.3646 0.382315
41 -23.0614 0.380961
42 -39.1129 0.383842
43 -38.3584 0.381452
44 -4.57117 0.383073
45 -22.0008 0.378567
46 -48.2152 0.380181
47 -46.9374 0.378497
48 -40.9747 0.37805
49 -46.5081 0.376841
50 -19.7563 0.376158
51 1.9312 0.379153
52 -50.1037 0.372853
53 -9.9418 0.378408
54 -15.9944 0.373804
55 -22.5079 0.371917
56 -44.4711 0.371373
57 -33.0702 0.381747
58 -28.4227 0.377252
59 -37.0505 0.382572
60 -25.3071 0.37389
61 -21.1773 0.38303
62 0.370786 0.366178
63 -36.729 0.373929
64 -6.1886 0.391452
65 -19.7653 0.38913
66 -29.4512 0.379732
67 -5.62543 0.377336
68 4.45352 0.38311
69 -8.88944 0.38199
70 -29.9273 0.385406
71 14.7701 0.382465
72 -52.6135 0.381225
73 -16.1786 0.372433
74 -33.2333 0.382116
75 1.54153 0.372989
76 -15.4586 0.380997
77 11.9587 0.37502
78 15.235 0.383252
79 -36.0823 0.371033
80 1.92961 0.375701
81 -10.9845 0.372784
82 -28.3546 0.374083
83 14.9033 0.379441
84 1.68898 0.369492
85 -34.7822 0.370231
86 -13.7044 0.374802
87 -9.78066 0.372177
88 -2.73589 0.379978
89 -4.06816 0.360497
90 -8.86972 0.375644
91 -15.4866 0.367512
92 -8.22353 0.376886
93 -35.731 0.36771
94 6.65668 0.369245
95 -21.2787 0.371104
