0 29.1685 0.348047
1 17.1908 0.34685
2 18.2965 0.343506
3 38.5037 0.345179
4 17.8522 0.344016
5 20.384 0.345433
6 8.29108 0.347031
7 40.6288 0.341217
8 30.6238 0.344717
9 25.7365 0.341929
10 28.1774 0.342859
11 -9.11125 0.339907
12 5.70121 0.342591
13 43.3731 0.336753
14 -0.00577826 0.339322
15 11.7924 0.342658
16 51.3935 0.335365
17 50.5918 0.331851
18 19.3787 0.338993
19 -11.0843 0.338022
20 5.79441 0.33795
21 23.4957 0.331517
22 54.0988 0.340683
23 30.6975 0.341181
24 22.251 0.341595
25 34.7605 0.336126
26 24.687 0.337254
27 29.5677 0.335953
28 13.9312 0.333054
29 45.379 0.333752
30 21.377 0.328782
31 24.2539 0.32469
32 21.7617 0.347839
33 34.8821 0.347899
34 16.268 0.345655
35 45.3846 0.345272
36 38.9962 0.345256
37 17.4741 0.347006
38 38.775 0.343013
39 8.29133 0.340103
40 41.6423 0.350891
41 36.7852 0.340878
42 38.0089 0.348601
43 39.6895 0.347253
44 63.3551 0.342968
45 13.568 0.346663
46 26.3301 0.343176
47 7.78285 0.340228
48 34.8795 0.344503
49 35.7418 0.340122
50 47.2898 0.345131
51 29.5112 0.343667
52 18.1678 0.345498
53 16.3557 0.343935
54 14.9438 0.344419
55 19.5566 0.346461
56 58.9815 0.340916
57 6.41271 0.338313
58 9.99662 0.342771
59 32.0326 0.343888
60 35.3144 0.345649
61 10.5558 0.340964
62 14.7381 0.338495
63 35.838 0.329032
64 47.6656 0.361896
65 23.2265 0.35875
66 62.5455 0.356449
67 27.0093 0.354962
68 56.8912 0.352432
69 69.1876 0.347752
70 -20.4305 0.354302
71 34.4607 0.357808
72 66.5075 0.354066
73 48.6909 0.352501
74 32.9911 0.350974
75 33.2543 0.356482
76 32.6779 0.351941
77 28.1922 0.350239
78 29.8354 0.356277
79 26.3997 0.3473
80 29.546 0.350687
81 41.9466 0.349876
82 14.8782 0.352239
83 50.3368 0.348618
84 47.4578 0.349703
85 1.62372 0.349594
86 29.6743 0.349838
87 37.8797 0.349415
88 13.0495 0.349627
89 52.8822 0.350036
90 7.45512 0.354243
91 13.3545 0.350046
92 41.8841 0.353224
93 11.7516 0.3463
94 16.7082 0.346447
95 30.2532 0.334009
