0 -85.1304 0.40147
1 -37.7339 0.404507
2 -48.5256 0.412237
3 -60.1444 0.399035
4 -40.5794 0.409325
5 -66.623 0.409965
6 -49.7717 0.404361
7 -38.9431 0.398977
8 -66.1408 0.408728
9 -28.5282 0.413147
10 -38.3197 0.414884
11 -49.131 0.398394
12 -47.1416 0.401349
13 -18.7245 0.402068
14 -41.2106 0.407523
15 -45.2824 0.405602
16 -21.6714 0.406608
17 -37.3891 0.406562
18 -98.9847 0.406201
19 -68.5002 0.408163
20 -34.2843 0.408167
21 -84.006 0.403352
22 -72.3153 0.401314
23 -43.8092 0.407196
24 -97.9889 0.404254
25 -69.6653 0.404614
26 -41.1814 0.413426
27 -40.1909 0.4003
28 -58.8152 0.396749
29 -71.0491 0.404837
30 -46.6395 0.402233
31 -61.1916 0.402987
32 -73.0628 0.401689
33 -112.213 0.393996
34 -82.5066 0.390899
35 -69.0357 0.395229
36 -82.055 0.399085
37 -81.1714 0.398656
38 -82.9296 0.397273
39 -71.554 0.395215
40 -91.8115 0.39353
41 -85.6751 0.396833
42 -91.6278 0.389027
43 -73.9602 0.399049
44 -75.9656 0.400006
45 -75.8308 0.394074
46 -82.4218 0.400246
47 -93.1855 0.389104
48 -71.9831 0.397422
49 -89.3957 0.393796
50 -48.0409 0.400836
51 -52.9841 0.394499
52 -60.727 0.398473
53 -79.7986 0.388193
54 -65.3433 0.39709
55 -64.263 0.401022
56 -70.1424 0.392415
57 -87.0238 0.391355
58 -97.4554 0.393552
59 -86.2526 0.395686
60 -79.7456 0.395513
61 -85.9527 0.397489
62 -82.1879 0.395181
63 -92.9348 0.384529
64 57.1485 0.374255
65 64.4718 0.366911
66 65.2504 0.363975
67 63.8337 0.367862
68 30.9087 0.367169
69 76.266 0.365922
70 61.5638 0.366422
71 66.2236 0.366551
72 64.0323 0.368831
73 59.198 0.368634
74 59.939 0.363097
75 45.078 0.366693
76 57.3452 0.364734
77 45.719 0.362664
78 59.8734 0.369968
79 71.5743 0.359743
80 57.8399 0.369847
81 27.0339 0.364964
82 61.7283 0.366073
83 83.9256 0.365884
85 62.1271 0.362779
86 65.4285 0.364978
87 44.1654 0.364236
88 54.2594 0.364004
89 52.336 0.365083
90 50.7766 0.365376
91 69.4088 0.360201
92 38.9316 0.366574
93 32.8921 0.359811
94 65.1274 0.36732
95 72.8251 0.358182
