0 -33.3769 0.389735
1 -51.2861 0.386049
2 -44.0774 0.388044
3 -58.1999 0.382225
4 -71.661 0.386042
5 -59.2566 0.379817
6 -55.357 0.382711
7 -41.8033 0.382864
8 -22.033 0.385307
9 -46.5892 0.380002
10 -45.1901 0.385396
11 -17.4407 0.377812
12 -17.6823 0.374362
13 -23.6006 0.373432
14 -41.3921 0.371468
15 -30.7683 0.374597
16 -18.7228 0.375445
17 -47.522 0.372648
18 -47.6779 0.381131
19 -40.7533 0.385244
20 -45.4756 0.372578
21 -8.10851 0.364551
22 -41.564 0.37213
23 -45.6603 0.375911
24 -61.8838 0.375664
25 -15.9329 0.365292
26 -31.8843 0.378389
27 -36.8748 0.370589
28 -31.54 0.372468
29 -35.3359 0.368823
30 -66.7994 0.372232
31 -23.9989 0.372716
32 39.3552 0.382642
33 1.12665 0.380662
34 -0.898881 0.378106
35 2.07617 0.373853
36 -13.1292 0.37708
37 -0.861328 0.374106
38 4.26305 0.372909
39 -16.931 0.373157
40 17.8198 0.377125
41 16.3348 0.372114
42 20.2045 0.375887
43 1.132 0.373741
44 -30.1449 0.369425
45 9.42905 0.370186
46 -11.4447 0.36249
47 5.82176 0.364773
48 -21.7837 0.368914
49 20.7342 0.358948
50 -5.43177 0.368316
51 10.8458 0.363416
52 -6.22118 0.359539
53 11.0274 0.364192
54 26.0967 0.360179
55 15.3977 0.362792
56 5.49392 0.362999
57 1.37359 0.360812
58 1.29518 0.360322
59 19.8275 0.364095
60 5.87569 0.358647
61 -18.096 0.356903
62 -6.42071 0.362089
63 16.4655 0.358174
64 -78.7073 0.384419
65 -37.5214 0.384862
66 -43.8576 0.386749
67 -63.3571 0.387017
68 -47.5981 0.386041
69 -53.9013 0.384828
70 -44.9744 0.376782
71 -48.3974 0.384308
72 -57.0584 0.385425
73 -50.6756 0.375003
74 -44.4645 0.381024
75 -27.9917 0.377
76 -79.2354 0.37804
77 -47.9381 0.381553
78 -48.1998 0.37713
79 -74.0146 0.381609
80 -63.6058 0.376821
81 -40.0382 0.372615
82 -49.4523 0.378604
83 -58.4322 0.373925
84 -77.3403 0.378105
85 -41.915 0.371819
86 -53.0174 0.374863
87 -44.5415 0.375804
88 -52.4559 0.374901
89 -11.9442 0.37453
90 -28.7279 0.37397
91 -76.1232 0.379787
92 -59.8998 0.37001
93 -35.3073 0.372453
94 -45.4789 0.371087
95 -57.6887 0.372208
