0 39.9598 0.34724
1 44.0507 0.341708
2 55.0971 0.343294
3 20.5296 0.344061
4 46.4739 0.341465
5 39.5794 0.34809
6 33.2444 0.339422
7 35.6991 0.343097
8 40.8748 0.340358
9 30.9792 0.338606
10 48.1201 0.337676
11 38.0533 0.341504
12 35.0118 0.335399
13 42.7849 0.342004
14 50.2401 0.346115
15 7.17837 0.343111
16 8.01096 0.341129
17 44.9848 0.338557
18 60.9965 0.336403
19 26.4204 0.335838
20 39.5934 0.329712
21 17.056 0.334639
22 47.3557 0.340079
23 5.74983 0.332618
24 60.0649 0.345059
25 29.6282 0.335817
26 37.0777 0.33463
27 25.139 0.335154
28 40.7207 0.333369
29 28.7973 0.336878
30 55.0966 0.336807
31 -1.4913 0.324559
32 125.813 0.33894
33 82.0092 0.345045
34 87.5197 0.343332
35 103.148 0.334807
36 127.185 0.335428
37 121.477 0.331161
38 112.329 0.333699
39 85.7437 0.335452
40 97.5055 0.342118
41 120.161 0.331393
42 100.974 0.333426
43 97.9543 0.336052
44 93.334 0.338469
45 86.5132 0.334404
46 99.0144 0.330811
47 98.4408 0.341391
48 86.4227 0.332063
49 117.921 0.33232
50 64.2799 0.335422
51 88.505 0.335217
52 98.8486 0.340733
53 136.205 0.317223
54 78.1649 0.334847
55 105.531 0.341123
56 106.533 0.338565
57 114.929 0.334755
58 120.296 0.332074
59 107.892 0.326514
60 102.917 0.333585
61 104.303 0.332557
62 75.0395 0.328566
63 108.559 0.320086
64 18.7107 0.351998
65 0.304305 0.355313
66 -3.14264 0.352573
67 -1.55725 0.3536
68 -4.53052 0.348765
69 13.2364 0.356041
70 -28.8255 0.352652
71 42.048 0.347132
72 -40.1746 0.355691
73 38.9273 0.349526
74 -7.14198 0.35146
75 -9.3051 0.348346
76 7.49599 0.347548
77 -5.83573 0.349404
78 -13.3008 0.355278
79 -2.95537 0.347302
80 28.7321 0.345661
81 -1.7767 0.345071
82 -3.48615 0.354688
83 32.4728 0.351716
84 35.7055 0.350129
85 -11.4835 0.34444
86 5.87273 0.350966
87 -7.79654 0.34607
88 -2.50366 0.349879
89 -30.3469 0.345425
90 -14.9085 0.340838
91 -10.3196 0.338585
92 -21.3594 0.345976
93 10.0206 0.3499
94 -19.7353 0.345269
95 0.616174 0.339769
