0 -12.9884 0.387269
1 5.41938 0.388855
2 13.6461 0.37794
3 -16.0112 0.385336
4 -5.83386 0.380459
5 -19.9075 0.386404
6 -6.91695 0.39094
7 13.0658 0.385623
8 22.585 0.386637
9 9.54653 0.384742
10 7.84089 0.382866
11 3.03355 0.381226
12 0.508317 0.392756
13 -19.5382 0.382208
14 -17.5254 0.385769
15 -7.94974 0.384071
16 -4.82744 0.389071
17 -34.9785 0.387333
18 -4.0484 0.382265
19 -0.253946 0.38726
20 7.36897 0.388321
21 -9.14583 0.383452
22 -21.09 0.391266
23 -6.35919 0.385143
24 2.58645 0.386105
25 -13.4087 0.385733
26 14.2725 0.37986
27 -33.3375 0.386212
28 13.1414 0.389676
29 -41.1035 0.382038
30 22.8843 0.380776
31 -52.9455 0.380002
32 -14.1397 0.395244
33 13.4099 0.394637
34 -10.3585 0.390478
35 -3.31373 0.394306
36 6.30728 0.395717
37 -9.50388 0.39465
38 1.37219 0.392679
39 -13.1602 0.387395
40 2.10743 0.394051
41 -12.3067 0.388572
42 7.55544 0.389355
43 -14.5514 0.389686
44 -4.95102 0.389196
45 10.0573 0.385257
46 0.528846 0.386851
47 -13.1057 0.385552
48 2.85794 0.392547
49 19.4852 0.396043
50 12.1293 0.394239
51 -14.444 0.388809
52 -26.1841 0.391206
53 -12.9942 0.387668
54 0.23433 0.385322
55 -12.0768 0.386484
56 -18.4629 0.382504
57 -34.5879 0.383616
58 -20.0645 0.392561
59 2.58253 0.389345
60 12.5188 0.380166
61 -18.7756 0.393823
62 -14.0631 0.387538
63 -26.1289 0.386613
64 48.4942 0.377465
65 40.8749 0.374842
66 46.3206 0.371652
67 61.3973 0.371929
68 99.7461 0.375067
69 47.6894 0.375436
70 48.3601 0.376806
71 50.1 0.375123
72 48.4565 0.373099
73 45.0425 0.370704
74 21.0403 0.376983
75 35.5331 0.37345
76 68.1339 0.373132
77 23.5841 0.369375
78 25.2379 0.375273
79 39.8403 0.368883
80 18.7732 0.383106
81 42.2717 0.376527
82 42.5489 0.368786
83 45.4481 0.367885
84 68.5701 0.375193
85 36.1112 0.366477
86 54.1749 0.366835
87 32.6962 0.36949
88 11.9047 0.371751
89 51.1921 0.370971
90 59.0879 0.376732
91 60.098 0.372355
92 54.8081 0.369027
93 34.3294 0.377633
94 69.7883 0.372143
95 39.9173 0.36803
