0 -4.42316 0.344379
1 -13.9499 0.342427
2 -34.867 0.344303
3 -30.8624 0.339368
4 -31.1928 0.343281
5 18.6694 0.349065
6 -16.2191 0.349674
7 -11.1446 0.349352
8 -16.3449 0.341802
9 8.35027 0.347041
10 3.2914 0.345833
11 8.99919 0.340014
12 -11.5528 0.336621
13 -21.2611 0.337089
14 9.76573 0.347653
15 -25.5896 0.340354
16 -7.70757 0.342333
17 0.508079 0.345258
18 10.8469 0.340684
19 16.0583 0.343339
20 -30.0746 0.344112
21 -12.1609 0.339079
22 23.2735 0.34397
23 -23.4033 0.337149
24 0.128404 0.344201
25 -24.1378 0.335479
26 -0.346215 0.342261
27 -1.89096 0.34163
28 4.62731 0.334365
29 -7.98633 0.334414
30 -6.17419 0.336925
31 -9.6618 0.336674
32 20.6451 0.345331
33 38.0937 0.346846
34 4.38967 0.347552
35 19.0586 0.342088
36 -4.4575 0.340669
37 6.93441 0.340274
38 18.6766 0.344991
39 15.666 0.343013
40 18.9161 0.348017
41 36.9083 0.343576
42 16.3774 0.343123
43 23.1879 0.346502
44 48.8249 0.344285
45 12.0153 0.346014
46 23.2685 0.342992
47 21.2481 0.346059
48 40.7251 0.344048
49 34.8634 0.34605
50 28.6916 0.343381
51 33.7804 0.341343
52 34.5828 0.342672
53 12.9566 0.336281
54 24.3256 0.340608
55 12.7011 0.339193
56 16.0882 0.34308
57 10.7405 0.336566
58 55.093 0.345466
59 19.3689 0.335958
60 10.5745 0.337572
61 37.418 0.336846
62 22.8605 0.34001
63 20.7672 0.333085
64 17.5309 0.355311
65 15.0213 0.346806
66 42.7019 0.349095
67 42.9856 0.342847
68 28.1487 0.35517
69 38.0024 0.349105
70 3.08206 0.349802
71 26.7687 0.352489
72 37.4218 0.351573
73 3.08407 0.343618
74 39.0408 0.346698
75 46.7728 0.343286
76 16.3286 0.344021
77 -1.29195 0.344032
78 40.6394 0.347773
79 40.881 0.342922
80 28.3882 0.350493
81 33.2332 0.34322
82 43.2454 0.345584
83 35.0964 0.346014
84 26.6883 0.346468
85 3.74456 0.346332
86 30.9149 0.348509
87 2.108 0.3381
88 16.5208 0.343404
89 19.1781 0.345373
90 34.7628 0.347475
91 33.8752 0.343732
92 38.8173 0.345711
93 22.1101 0.341605
94 37.8839 0.340103
95 25.5896 0.33452
