0 2.66788 0.362942
1 -26.2284 0.356989
2 6.71955 0.354987
3 -24.3018 0.353085
4 -37.017 0.360166
5 -45.7004 0.358658
6 -11.8995 0.353498
7 -15.0168 0.357041
8 -56.8566 0.362399
9 -0.689425 0.352928
10 -46.8414 0.355261
11 -18.8288 0.350548
12 -14.6088 0.359363
13 -21.712 0.358287
14 -28.5189 0.353902
15 -6.15319 0.351635
16 -27.1083 0.345607
17 -14.8556 0.351855
18 -33.3526 0.357253
19 -2.39605 0.354894
20 -12.8303 0.348791
21 -17.4458 0.353163
22 -8.80762 0.356524
23 -34.1902 0.345958
24 -53.263 0.350674
25 -12.4678 0.358061
26 -33.6519 0.358008
27 -18.939 0.345212
28 -54.5244 0.353615
29 -47.9633 0.355946
30 -43.572 0.341609
31 -64.8569 0.341726
32 68.4927 0.352892
33 14.3737 0.343497
34 34.2841 0.341978
35 42.2275 0.342342
36 46.6185 0.345814
37 33.9312 0.344101
38 30.3713 0.339029
39 17.1184 0.338545
40 24.4746 0.34237
41 36.8932 0.341676
42 27.739 0.34026
43 55.8042 0.338764
44 42.4658 0.339181
45 40.8847 0.341411
46 45.7327 0.340587
47 55.0347 0.337012
48 -5.02459 0.336869
49 43.4126 0.337094
50 38.7764 0.344084
51 46.6493 0.340194
52 18.8127 0.333737
53 34.7221 0.33697
54 35.11 0.336253
55 30.7723 0.337521
56 39.0341 0.342128
57 75.4377 0.338254
58 34.0454 0.33304
59 28.6478 0.331683
60 38.9363 0.334065
61 57.5266 0.338233
62 41.0872 0.331281
63 21.9819 0.33168
64 66.5125 0.341915
65 72.9127 0.338656
66 51.7047 0.339962
67 64.1641 0.34348
68 77.1577 0.335654
69 64.349 0.338321
70 62.105 0.337815
71 72.0336 0.339235
72 46.1525 0.340586
73 72.5233 0.333018
74 58.3062 0.339059
75 72.3655 0.336498
76 73.0008 0.336301
77 89.3467 0.33148
78 79.0825 0.340511
79 69.7947 0.338026
80 47.4047 0.336798
81 64.8414 0.33874
82 58.6823 0.334729
83 79.7592 0.331948
84 84.6695 0.333613
85 71.5812 0.336143
86 98.1303 0.336063
87 71.2633 0.335574
88 84.7503 0.333274
89 41.0379 0.334833
90 53.7599 0.335458
91 75.4313 0.33864
92 75.3644 0.334438
93 52.0774 0.333386
94 59.7997 0.333071
95 86.8622 0.319197
