0 -45.3184 0.36244
1 -52.2438 0.363079
2 -40.3363 0.354206
3 -62.8411 0.357696
4 -28.9675 0.349309
5 -31.305 0.35839
6 -31.5151 0.354469
7 -56.8747 0.351864
8 -34.2414 0.357675
9 -24.5604 0.347849
10 -13.4418 0.353517
11 -28.6956 0.351161
12 -32.662 0.352498
13 -19.2313 0.35047
14 -46.796 0.35045
15 -43.3762 0.346608
16 -48.0828 0.354264
17 -29.902 0.349038
18 -49.1369 0.354756
19 -42.7263 0.348618
20 -55.8581 0.349928
21 -49.9789 0.349733
22 -52.8952 0.348478
23 -46.8143 0.34992
24 -62.4854 0.350742
25 -48.6559 0.347152
26 -21.9475 0.351136
27 -33.5355 0.348667
28 -24.9637 0.347142
29 -44.7283 0.349949
30 -51.7454 0.344886
31 -36.6915 0.348879
32 -29.115 0.352268
33 -47.6423 0.339275
34 -20.4496 0.349988
35 -36.3161 0.352674
36 -15.7098 0.350588
37 -41.7208 0.347136
38 -10.3946 0.351552
39 -23.1917 0.343971
40 -15.8299 0.345462
41 -35.5668 0.338949
42 -48.0334 0.348241
43 -30.175 0.342624
44 -50.5403 0.348175
45 -29.3176 0.342647
46 -52.8349 0.345024
47 -15.5291 0.344811
48 -27.2552 0.345721
49 -5.32804 0.345602
50 -56.9552 0.348609
51 -29.1486 0.342454
52 -25.6244 0.343416
53 -61.586 0.349312
54 -36.0257 0.345648
55 -55.9883 0.345456
56 -44.593 0.351284
57 -19.6712 0.343552
58 -29.4783 0.35193
59 -43.043 0.34157
60 -15.1073 0.342873
61 -16.481 0.342499
62 -42.4754 0.341452
63 -38.5189 0.335305
64 -18.2806 0.361861
65 -8.08411 0.357871
66 -8.0375 0.351966
67 -5.4655 0.355364
68 -0.320406 0.354528
69 21.122 0.350789
70 -17.0935 0.354797
71 5.11179 0.348801
72 -4.31083 0.353455
73 -15.6831 0.348739
74 -21.0393 0.362838
75 5.84316 0.352373
76 2.83797 0.352179
77 -21.1279 0.349186
78 22.1134 0.353958
79 -1.41875 0.351262
80 3.44031 0.35765
81 -9.43707 0.355798
82 26.9315 0.355819
83 7.65064 0.357634
84 -10.5398 0.357896
85 -20.3204 0.352897
86 -26.1686 0.35029
87 28.7004 0.352317
88 -3.0001 0.34744
89 -15.4417 0.352185
90 -4.712 0.352302
91 -5.87213 0.354665
92 -10.8131 0.349003
93 2.5161 0.349163
94 0.869006 0.346423
95 2.95991 0.335838
