0 -86.9252 0.355834
1 -63.3294 0.349124
2 -66.2476 0.350647
3 -70.3513 0.355611
4 -53.3855 0.349768
5 -75.3884 0.353427
6 -68.495 0.353554
7 -64.0141 0.355159
8 -72.3271 0.352274
9 -75.2031 0.350248
10 -46.7626 0.358762
11 -61.0398 0.347832
12 -61.8056 0.349348
13 -80.0349 0.346913
14 -88.7115 0.352718
15 -63.2064 0.353728
16 -72.0243 0.354958
17 -84.3055 0.350217
18 -95.8093 0.356446
19 -70.4177 0.349815
20 -66.6217 0.347013
21 -108.566 0.346814
22 -78.2393 0.357788
23 -81.6118 0.349526
24 -77.2473 0.348531
25 -87.6968 0.345756
26 -55.7499 0.350284
27 -71.8125 0.347732
28 -71.5933 0.350296
29 -61.4249 0.351449
30 -69.7672 0.350275
31 -97.0477 0.34003
32 26.2761 0.357557
33 14.3684 0.36221
34 -2.0281 0.358577
35 -0.342461 0.357777
36 21.6024 0.358189
37 -1.42241 0.3613
38 35.9256 0.355783
39 -1.4011 0.356083
40 1.89153 0.361065
41 7.48147 0.351744
42 33.2916 0.355952
43 14.5757 0.352991
44 10.0557 0.358009
45 6.58206 0.353816
46 15.0763 0.354361
47 -8.79829 0.360949
48 17.0024 0.355584
49 0.789404 0.352242
50 7.50632 0.359108
51 26.1393 0.35251
52 -0.399138 0.356011
53 14.2856 0.357692
54 19.8528 0.351063
55 31.0774 0.355828
56 -0.590122 0.355235
57 -6.36831 0.350791
58 1.5516 0.351891
59 -20.1848 0.349015
60 -11.7733 0.352411
61 5.46165 0.344305
62 2.55489 0.346914
63 19.7891 0.335766
64 -4.70186 0.364563
65 4.68631 0.356535
66 -2.65019 0.352735
67 3.66312 0.352557
68 34.6019 0.358506
69 -1.7407 0.358385
70 -20.5754 0.357003
71 23.1937 0.36162
72 -30.2762 0.357007
73 -8.53936 0.358005
74 -2.56513 0.351358
75 3.49796 0.358352
76 23.3753 0.355628
77 -8.87902 0.353149
78 -9.36372 0.351716
79 -29.3435 0.356208
80 -7.12204 0.35265
81 -20.8768 0.358336
82 12.0265 0.350589
83 -9.61592 0.357028
84 -14.5394 0.349657
85 14.7622 0.351912
86 10.9224 0.3582
87 -23.9084 0.35322
88 1.1825 0.353961
89 -9.20545 0.354817
90 -5.59693 0.351221
91 -24.2841 0.35118
92 -9.38408 0.347001
93 -9.29923 0.353643
94 -9.81405 0.351232
95 -13.9364 0.335274
