0 27.8768 25.1432
1 25.1419 25.1432
2 26.1498 25.1432
3 24.482 25.1432
4 26.8186 25.1432
5 25.561 25.1432
6 24.7054 25.1432
7 25.1554 25.1432
8 25.4418 25.1432
9 24.5771 25.1432
10 25.4762 25.1432
11 24.6099 25.1432
12 26.3753 25.1432
13 22.4685 25.1432
14 24.5463 25.1432
15 24.2749 25.1432
16 27.0361 25.1432
17 23.7901 25.1432
18 24.3874 25.1432
19 23.9405 25.1432
20 24.8119 25.1432
21 24.1393 25.1432
22 23.3539 25.1432
23 24.6092 25.1432
24 25.1432 25.1432
25 25.1432 25.1432
26 25.4296 25.1432
27 24.4537 25.1432
28 25.1432 25.1432
29 27.1996 25.1432
30 27.3708 25.1432
31 24.9696 25.1432
32 27.9848 25.5666
33 25.8204 25.5666
34 27.5343 25.5666
35 26.2616 25.5666
36 25.8519 25.5666
37 27.4102 25.5666
38 26.559 25.5666
39 25.0733 25.5666
40 24.7766 25.5666
41 25.3954 25.5666
42 25.2431 25.5666
43 25.9957 25.5666
44 25.5874 25.5666
45 25.2804 25.5666
46 25.3634 25.5666
47 25.4804 25.5666
48 26.3878 25.5666
49 26.6567 25.5666
50 24.4383 25.5666
51 23.8269 25.5666
52 25.2098 25.5666
53 26.1739 25.5666
54 23.8141 25.5666
55 24.5251 25.5666
56 23.6534 25.5666
57 25.1644 25.5666
58 24.5312 25.5666
59 27.1777 25.5666
60 24.9056 25.5666
61 25.2289 25.5666
62 24.0201 25.5666
63 26.8004 25.5666
64 23.649 23.2993
65 22.6629 23.2993
66 24.3994 23.2993
67 24.3645 23.2993
68 23.9533 23.2993
69 23.3576 23.2993
70 23.9437 23.2993
71 23.7389 23.2993
72 22.198 23.2993
73 23.8404 23.2993
74 22.9156 23.2993
75 24.6792 23.2993
76 23.0552 23.2993
77 23.8538 23.2993
78 22.3526 23.2993
79 24.2443 23.2993
80 24.0387 23.2993
81 22.1661 23.2993
82 23.1977 23.2993
83 23.5061 23.2993
84 22.6475 23.2993
85 22.6932 23.2993
86 23.0832 23.2993
87 22.7861 23.2993
88 23.9018 23.2993
89 21.8343 23.2993
90 21.4471 23.2993
91 23.4912 23.2993
92 23.6535 23.2993
93 24.6265 23.2993
94 24.4767 23.2993
95 20.8194 23.2993
