0 27.2581 24.8314
1 25.2068 24.8314
2 23.8935 24.8314
3 23.4382 24.8314
4 26.169 24.8314
5 25.5394 24.8314
6 24.4667 24.8314
7 26.0656 24.8314
8 25.3952 24.8314
9 23.644 24.8314
10 24.9802 24.8314
11 24.6615 24.8314
12 26.2964 24.8314
13 25.6539 24.8314
14 24.7958 24.8314
15 25.4824 24.8314
16 25.7976 24.8314
17 25.0191 24.8314
18 25.5892 24.8314
19 24.1307 24.8314
20 24.352 24.8314
21 24.0667 24.8314
22 24.7087 24.8314
23 24.3359 24.8314
24 24.2199 24.8314
25 24.1236 24.8314
26 23.803 24.8314
27 24.6802 24.8314
28 23.0801 24.8314
29 24.6364 24.8314
30 25.2196 24.8314
31 23.8956 24.8314
32 24.7008 24.9104
33 24.1992 24.9104
34 25.9377 24.9104
35 24.8188 24.9104
36 25.6853 24.9104
37 25.5224 24.9104
38 25.5037 24.9104
39 25.2023 24.9104
40 25.5241 24.9104
41 24.4109 24.9104
42 24.4609 24.9104
43 25.4201 24.9104
44 25.0627 24.9104
45 24.321 24.9104
46 23.8494 24.9104
47 25.6317 24.9104
48 23.9575 24.9104
49 24.5426 24.9104
50 25.745 24.9104
51 23.9182 24.9104
52 25.2862 24.9104
53 25.0567 24.9104
54 25.0959 24.9104
55 24.2065 24.9104
56 24.5054 24.9104
57 23.9391 24.9104
58 24.8274 24.9104
59 24.7383 24.9104
60 24.7134 24.9104
61 25.0896 24.9104
62 25.5783 24.9104
63 25.6817 24.9104
64 24.0474 23.9482
65 21.5284 23.9482
66 24.0744 23.9482
67 25.088 23.9482
68 23.1872 23.9482
69 25.3262 23.9482
70 23.4946 23.9482
71 22.7375 23.9482
72 22.7363 23.9482
73 23.9388 23.9482
74 23.5473 23.9482
75 23.8477 23.9482
76 23.17 23.9482
77 23.0047 23.9482
78 24.1226 23.9482
79 24.3031 23.9482
80 22.9314 23.9482
81 24.7622 23.9482
82 24.7275 23.9482
83 24.0802 23.9482
84 24.124 23.9482
85 25.7931 23.9482
86 23.996 23.9482
87 22.7904 23.9482
88 23.9451 23.9482
89 25.3961 23.9482
90 26.0026 23.9482
91 23.5183 23.9482
92 25.0959 23.9482
93 22.5318 23.9482
94 25.1074 23.9482
95 23.3867 23.9482
