0 22.9384 23.9069
1 23.811 23.9069
2 23.6037 23.9069
3 24.2113 23.9069
4 24.5776 23.9069
5 23.1818 23.9069
6 22.6674 23.9069
7 23.0696 23.9069
8 24.6798 23.9069
9 24.4186 23.9069
10 23.7057 23.9069
11 23.1199 23.9069
12 23.5484 23.9069
13 23.2812 23.9069
14 24.3271 23.9069
15 22.8379 23.9069
16 24.7295 23.9069
17 24.9609 23.9069
18 23.7753 23.9069
19 23.1657 23.9069
20 25.294 23.9069
21 21.9171 23.9069
22 25.0222 23.9069
23 24.4212 23.9069
24 24.6103 23.9069
25 23.7849 23.9069
26 23.4763 23.9069
27 23.6784 23.9069
28 23.6523 23.9069
29 25.0276 23.9069
30 24.1847 23.9069
31 25.3398 23.9069
32 23.8915 24.4055
33 25.9834 24.4055
34 23.7518 24.4055
35 23.6653 24.4055
36 23.6927 24.4055
37 23.7547 24.4055
38 25.916 24.4055
39 24.332 24.4055
40 23.5293 24.4055
41 24.2832 24.4055
42 24.6885 24.4055
43 24.5377 24.4055
44 23.4257 24.4055
45 26.4489 24.4055
46 27.3003 24.4055
47 25.5127 24.4055
48 24.3122 24.4055
49 24.3776 24.4055
50 24.1265 24.4055
51 23.9734 24.4055
52 23.6278 24.4055
53 23.1625 24.4055
54 23.652 24.4055
55 24.0897 24.4055
56 25.102 24.4055
57 24.7046 24.4055
58 23.9409 24.4055
59 23.065 24.4055
60 25.1201 24.4055
61 24.0477 24.4055
62 24.1016 24.4055
63 24.8582 24.4055
64 22.8566 24.5483
65 25.4623 24.5483
66 24.2006 24.5483
67 23.3468 24.5483
68 25.8103 24.5483
69 24.1889 24.5483
70 26.1118 24.5483
71 24.5125 24.5483
72 24.5327 24.5483
73 24.7756 24.5483
74 24.0058 24.5483
75 24.7195 24.5483
76 24.5483 24.5483
77 24.3927 24.5483
78 26.1635 24.5483
79 23.8618 24.5483
80 25.9047 24.5483
81 24.5275 24.5483
82 25.0241 24.5483
83 23.7309 24.5483
84 24.5483 24.5483
85 23.7039 24.5483
86 25.4049 24.5483
87 25.2845 24.5483
88 22.2966 24.5483
89 24.5483 24.5483
90 24.5483 24.5483
91 24.5483 24.5483
92 24.5483 24.5483
93 23.887 24.5483
94 23.8051 24.5483
95 25.6902 24.5483
