0 24.7353 24.6365
1 24.2303 24.6365
2 24.9738 24.6365
3 24.364 24.6365
4 24.2866 24.6365
5 25.4965 24.6365
6 25.3156 24.6365
7 24.2901 24.6365
8 25.5578 24.6365
9 25.1922 24.6365
10 24.5727 24.6365
11 24.8157 24.6365
12 25.0039 24.6365
13 23.8453 24.6365
14 24.7048 24.6365
15 24.4159 24.6365
16 24.2125 24.6365
17 24.5959 24.6365
18 25.0224 24.6365
19 25.8324 24.6365
20 24.5284 24.6365
21 23.9896 24.6365
22 24.4541 24.6365
23 24.2212 24.6365
24 25.1979 24.6365
25 24.4517 24.6365
26 23.7071 24.6365
27 23.9204 24.6365
28 24.5224 24.6365
29 24.3216 24.6365
30 23.6349 24.6365
31 25.9565 24.6365
32 26.479 24.39
33 25.4568 24.39
34 25.1321 24.39
35 24.39 24.39
36 25.7129 24.39
37 24.7341 24.39
38 25.2866 24.39
39 24.39 24.39
40 24.2463 24.39
41 24.428 24.39
42 23.9203 24.39
43 24.39 24.39
44 24.8129 24.39
45 24.3272 24.39
46 24.6376 24.39
47 24.569 24.39
48 24.3026 24.39
49 24.4746 24.39
50 23.1755 24.39
51 23.0089 24.39
52 23.6608 24.39
53 23.727 24.39
54 22.8865 24.39
55 22.7969 24.39
56 24.0292 24.39
57 24.0165 24.39
58 24.0213 24.39
59 23.6228 24.39
60 25.953 24.39
61 24.6621 24.39
62 24.39 24.39
63 24.8394 24.39
64 25.7091 25.8997
65 24.9445 25.8997
66 25.6747 25.8997
67 26.0905 25.8997
68 26.7954 25.8997
69 25.9856 25.8997
70 24.892 25.8997
71 26.6894 25.8997
72 26.3738 25.8997
73 27.1558 25.8997
74 25.7254 25.8997
75 25.46 25.8997
76 25.6344 25.8997
77 26.7555 25.8997
78 25.7763 25.8997
79 26.2121 25.8997
80 27.3011 25.8997
81 25.8053 25.8997
82 25.3919 25.8997
83 23.3272 25.8997
84 24.3843 25.8997
85 23.8025 25.8997
86 27.449 25.8997
87 24.4204 25.8997
88 23.2993 25.8997
89 25.0913 25.8997
90 26.2042 25.8997
91 26.8627 25.8997
92 25.8607 25.8997
93 29.4614 25.8997
94 28.3555 25.8997
95 25.8997 25.8997
