0 23.4118 23.4118
1 23.4118 23.4118
2 23.4118 23.4118
3 23.4118 23.4118
4 23.4118 23.4118
5 22.2088 23.4118
6 23.4118 23.4118
7 23.1884 23.4118
8 22.3959 23.4118
9 25.8076 23.4118
10 23.4118 23.4118
11 23.4118 23.4118
12 23.4118 23.4118
13 23.4118 23.4118
14 25.3117 23.4118
15 25.1987 23.4118
16 23.4118 23.4118
17 23.1963 23.4118
18 23.515 23.4118
19 23.4118 23.4118
20 22.6181 23.4118
21 24.6653 23.4118
22 20.8812 23.4118
23 21.9515 23.4118
24 23.4118 23.4118
25 24.2053 23.4118
26 23.542 23.4118
27 24.6607 23.4118
28 23.4118 23.4118
29 23.6938 23.4118
30 20.4753 23.4118
31 23.8962 23.4118
32 27.1617 25.1265
33 26.5633 25.1265
34 25.8562 25.1265
35 23.9676 25.1265
36 25.3093 25.1265
37 26.257 25.1265
38 25.7827 25.1265
39 25.4299 25.1265
40 26.2195 25.1265
41 26.2148 25.1265
42 26.4868 25.1265
43 24.093 25.1265
44 23.9001 25.1265
45 25.5754 25.1265
46 25.6872 25.1265
47 25.4962 25.1265
48 25.5984 25.1265
49 26.8427 25.1265
50 25.2554 25.1265
51 23.1716 25.1265
52 23.9739 25.1265
53 24.5521 25.1265
54 24.3174 25.1265
55 22.5009 25.1265
56 23.8864 25.1265
57 25.0425 25.1265
58 24.8218 25.1265
59 24.3167 25.1265
60 24.1248 25.1265
61 25.7483 25.1265
62 24.8454 25.1265
63 25.0499 25.1265
64 26.0307 24.7553
65 25.0047 24.7141
66 26.5982 24.7141
67 26.0342 24.7141
68 24.4384 24.7141
69 24.4583 24.7141
70 26.2497 24.7141
71 25.7327 24.7141
72 24.1778 24.7141
73 24.2404 24.7141
74 25.0381 24.7141
75 24.1278 24.7141
76 25.3099 24.7141
77 25.4544 24.7141
78 26.278 24.7141
79 24.8993 24.7141
80 23.5427 24.7141
81 25.6639 24.7141
82 25.0728 24.7141
83 23.2405 24.7141
84 22.0068 24.7141
85 23.0727 24.7141
86 23.7654 24.7141
87 23.0763 24.7141
88 24.8463 24.7141
89 23.5795 24.7141
90 24.364 24.7141
91 26.0813 24.7141
92 23.8372 24.7141
93 23.5781 24.7141
94 26.4759 24.7141
95 25.8934 24.7141
