0 28.1249 24.7796
1 25.8779 24.7796
2 22.553 24.7796
3 23.6487 24.7796
4 24.7796 24.7796
5 25.4018 24.7796
6 27.5685 24.7796
7 23.7645 24.7796
8 24.7796 24.7796
9 26.0801 24.7796
10 20.8755 24.7796
11 22.9862 24.7796
12 24.7796 24.7796
13 28.3755 24.7796
14 28.0432 24.7796
15 24.7688 24.7796
16 24.7796 24.7796
17 26.2666 24.7796
18 23.1471 24.7796
19 22.2934 24.7796
20 24.7796 24.7796
21 26.1478 24.7796
22 25.6162 24.7796
23 20.4484 24.7796
24 24.7796 24.7796
25 23.0466 24.7796
26 23.2173 24.7796
27 24.3168 24.7796
28 24.7796 24.7796
29 26.976 24.7796
30 24.207 24.7796
31 25.7386 24.7796
32 29.4859 24.4078
33 24.0937 24.4078
34 22.7786 24.4078
35 27.6245 24.4078
36 24.4078 24.4078
37 23.5066 24.4078
38 20.8219 24.4078
39 24.3408 24.4078
40 24.4078 24.4078
41 24.24 24.4078
42 22.9689 24.4078
43 23.7281 24.4078
44 24.4078 24.4078
45 24.0469 24.4078
46 25.0498 24.4078
47 24.4532 24.4078
48 24.4078 24.4078
49 25.952 24.4078
50 21.7565 24.4078
51 23.3705 24.4078
52 24.4078 24.4078
53 25.43 24.4078
54 26.0165 24.4078
55 23.354 24.4078
56 24.4078 24.4078
57 24.4078 24.4078
58 23.0867 24.4078
59 24.2189 24.4078
60 24.4078 24.4078
61 24.4078 24.4078
62 26.6224 24.4078
63 24.4327 24.4078
64 24.1113 24.1113
65 24.1113 24.1113
66 24.7178 24.1113
67 24.4578 24.1113
68 24.1113 24.1113
69 25.9795 24.1113
70 23.4065 24.1113
71 24.2591 24.1113
72 24.1113 24.1113
73 24.1113 24.1113
74 21.8893 24.1113
75 22.6775 24.1113
76 24.1113 24.1113
77 24.1113 24.1113
78 24.7317 24.1113
79 22.8911 24.1113
80 24.1113 24.1113
81 24.1113 24.1113
82 24.1113 24.1113
83 22.9323 24.1113
84 24.1113 24.1113
85 24.1113 24.1113
86 24.1113 24.1113
87 26.0237 24.1113
88 24.1113 24.1113
89 24.1113 24.1113
90 24.52 24.1113
91 23.6101 24.1113
92 24.1113 24.1113
93 25.7281 24.1113
94 24.3206 24.1113
95 23.6358 24.1113
