0 19.5212 20.4139
1 19.4857 20.4139
2 20.5564 20.4139
3 19.5661 20.4139
4 21.4173 20.4139
5 17.9246 20.4139
6 20.2054 20.4139
7 21.4168 20.4139
8 21.4318 20.4139
9 20.2333 20.4139
10 22.5576 20.4139
11 20.0243 20.4139
12 21.5543 20.4139
13 21.5777 20.4139
14 20.3894 20.4139
15 20.9489 20.4139
16 21.2244 20.4139
17 20.0578 20.4139
18 12.9933 20.4139
19 19.6877 20.4139
20 19.5997 20.4139
21 21.4541 20.4139
22 19.541 20.4139
23 20.6999 20.4139
24 21.6361 20.4139
25 21.4954 20.4139
26 22.2101 20.4139
27 20.6693 20.4139
28 22.145 20.4139
29 20.4139 20.4139
30 20.1932 20.4139
31 22.1473 20.4139
32 19.7612 21.256
33 22.4357 21.256
34 22.5209 21.256
35 21.5367 21.256
36 22.0314 21.256
37 22.2226 21.256
38 22.8029 21.256
39 21.3435 21.256
40 22.4295 21.256
41 21.8725 21.256
42 21.2541 21.256
43 23.1611 21.256
44 20.8278 21.256
45 21.054 21.256
46 21.256 21.256
47 20.9353 21.256
48 20.4465 21.256
49 19.9003 21.256
50 21.256 21.256
51 21.256 21.256
52 19.4914 21.256
53 21.256 21.256
54 21.256 21.256
55 21.256 21.256
56 21.256 21.256
57 21.256 21.256
58 21.256 21.256
59 20.132 21.256
60 19.7858 21.256
61 20.4311 21.256
62 21.256 21.256
63 21.256 21.256
64 28.3851 21.8232
65 20.8777 21.8232
66 19.8411 21.8232
67 23.103 21.8232
68 23.0338 21.8232
69 19.0972 21.8232
70 20.9034 21.8232
71 24.0573 21.8232
72 20.8933 21.8232
73 24.1461 21.8232
74 23.0949 21.8232
75 21.8232 21.8232
76 23.4397 21.8232
77 22.2087 21.8232
78 20.6978 21.8232
79 20.6388 21.8232
80 19.3175 21.8232
81 22.5948 21.8232
82 21.8232 21.8232
83 21.8232 21.8232
84 21.8232 21.8232
85 12.1999 21.8232
86 20.285 21.8232
87 13.9695 21.8232
88 28.5061 21.8232
89 20.1253 21.8232
90 23.9534 21.8232
91 22.1953 21.8232
92 21.8232 21.8232
93 24.2839 21.8232
94 23.6822 21.8232
95 23.6966 21.8232
