0 22.1816 22.1816
1 22.1816 22.1816
2 22.1816 22.1816
3 22.1816 22.1816
4 22.1816 22.1816
5 22.1816 22.1816
6 22.1816 22.1816
7 23.1663 22.1816
8 22.1816 22.1816
9 22.1816 22.1816
10 22.1816 22.1816
11 22.1816 22.1816
12 22.1816 22.1816
13 22.1816 22.1816
14 22.1816 22.1816
15 25.0309 22.1816
16 22.1816 22.1816
17 22.1816 22.1816
18 22.1816 22.1816
19 20.8328 22.1816
20 22.1816 22.1816
21 22.1816 22.1816
22 20.953 22.1816
23 21.7894 22.1816
24 22.1816 22.1816
25 22.1816 22.1816
26 22.1816 22.1816
27 21.4942 22.1816
28 22.1816 22.1816
29 22.1816 22.1816
30 22.1816 22.1816
31 22.0046 22.1816
32 26.0209 26.0209
33 26.0209 26.0209
34 23.1342 26.0209
35 23.4585 26.0209
36 26.0209 26.0209
37 26.0209 26.0209
38 26.8745 26.0209
39 24.3774 26.0209
40 26.0209 26.0209
41 26.0209 26.0209
42 28.6294 26.0209
43 25.5205 26.0209
44 26.0209 26.0209
45 26.0209 26.0209
46 28.5124 26.0209
47 27.6763 26.0209
48 26.0209 26.0209
49 26.0209 26.0209
50 23.9568 26.0209
51 24.2045 26.0209
52 26.0209 26.0209
53 26.0209 26.0209
54 27.4748 26.0209
55 25.8321 26.0209
56 26.0209 26.0209
57 26.0209 26.0209
58 26.6928 26.0209
59 25.8906 26.0209
60 26.0209 26.0209
61 25.195 26.0209
62 27.0294 26.0209
63 27.8967 26.0209
64 26.4727 26.4727
65 26.4727 26.4727
66 28.3448 26.4727
67 24.6858 26.4727
68 26.4727 26.4727
69 26.4727 26.4727
70 27.4992 26.4727
71 24.168 26.4727
72 26.4727 26.4727
73 26.4727 26.4727
74 26.5987 26.4727
75 26.0822 26.4727
76 26.4727 26.4727
77 26.4727 26.4727
78 26.104 26.4727
79 26.3817 26.4727
80 26.4727 26.4727
81 28.5427 26.4727
82 28.6837 26.4727
83 26.5602 26.4727
84 26.4727 26.4727
85 26.4727 26.4727
86 29.6151 26.4727
87 26.5498 26.4727
88 26.4727 26.4727
89 28.0698 26.4727
90 25.6688 26.4727
91 25.7356 26.4727
92 28.6933 26.4727
93 26.1474 26.4727
94 23.5598 26.4727
95 21.7632 26.4727
