0 20.5777 20.3423
1 20.4127 20.3423
2 20.3423 20.3423
3 18.4255 20.3423
4 20.3423 20.3423
5 20.3423 20.3423
6 20.1536 20.3423
7 20.3423 20.3423
8 20.1537 20.3423
9 20.7019 20.3423
10 20.3423 20.3423
11 20.3423 20.3423
12 21.4174 20.3423
13 20.7593 20.3423
14 20.3423 20.3423
15 20.3423 20.3423
16 20.3423 20.3423
17 20.3423 20.3423
18 20.3423 20.3423
19 20.3423 20.3423
20 20.3423 20.3423
21 20.3423 20.3423
22 20.3423 20.3423
23 20.4848 20.3423
24 20.3423 20.3423
25 20.3423 20.3423
26 20.3423 20.3423
27 20.3423 20.3423
28 20.3423 20.3423
29 20.3423 20.3423
30 20.3423 20.3423
31 20.3423 20.3423
32 24.7246 23.697
33 23.697 23.697
34 21.9982 23.697
35 26.6012 23.697
36 22.8306 23.697
37 25.2461 23.697
38 24.8382 23.697
39 23.697 23.697
40 23.1117 23.697
41 21.3615 23.697
42 23.697 23.697
43 24.4143 23.697
44 23.6987 23.697
45 25.8519 23.697
46 23.4299 23.697
47 22.6053 23.697
48 24.4156 23.697
49 23.1356 23.697
50 23.697 23.697
51 19.1542 23.697
52 25.6482 23.697
53 23.697 23.697
54 23.697 23.697
55 23.697 23.697
56 23.1292 23.697
57 23.697 23.697
58 26.1166 23.697
59 23.697 23.697
60 24.1644 23.697
61 22.3202 23.697
62 22.5385 23.697
63 23.697 23.697
64 21.1817 21.2555
65 21.2555 21.2555
66 20.8669 21.2555
67 19.6553 21.2555
68 21.2555 21.2555
69 21.2555 21.2555
70 21.2555 21.2555
71 21.2555 21.2555
72 21.7383 21.2555
73 21.2555 21.2555
74 21.2555 21.2555
75 21.2555 21.2555
76 21.2555 21.2555
77 21.2555 21.2555
78 21.2555 21.2555
79 21.2555 21.2555
80 21.2555 21.2555
81 20.7013 21.2555
82 17.2639 21.2555
83 21.2555 21.2555
84 21.2555 21.2555
85 21.2555 21.2555
86 22.2916 21.2555
87 21.7217 21.2555
88 22.5328 21.2555
89 21.6004 21.2555
90 21.271 21.2555
91 22.0441 21.2555
92 22.5811 21.2555
93 22.6179 21.2555
94 20.7651 21.2555
95 21.2555 21.2555
