0 22.9294 22.5526
1 22.7971 22.5526
2 20.6621 22.5526
3 23.9992 22.5526
4 23.0968 22.5526
5 23.2871 22.5526
6 20.9915 22.5526
7 22.4349 22.5526
8 21.7903 22.5526
9 22.1414 22.5526
10 20.5972 22.5526
11 20.8492 22.5526
12 22.4214 22.5526
13 23.1163 22.5526
14 20.7257 22.5526
15 22.6249 22.5526
16 20.5851 22.5526
17 23.4864 22.5526
18 23.3845 22.5526
19 22.8551 22.5526
20 23.7088 22.5526
21 23.5926 22.5526
22 23.1855 22.5526
23 23.4523 22.5526
24 24.2236 22.5526
25 22.8379 22.5526
26 23.623 22.5526
27 22.9672 22.5526
28 20.9138 22.5526
29 23.3647 22.5526
30 22.1275 22.5526
31 22.9091 22.5526
32 23.877 23.2118
33 23.8346 23.2118
34 23.8285 23.2118
35 23.6076 23.2118
36 23.171 23.2118
37 24.202 23.2118
38 23.4322 23.2118
39 23.6898 23.2118
40 24.0724 23.2118
41 23.4092 23.2118
42 23.9949 23.2118
43 23.8285 23.2118
44 20.9669 23.2118
45 24.1843 23.2118
46 23.2046 23.2118
47 22.6847 23.2118
48 23.7176 23.2118
49 19.7877 23.2118
50 22.8749 23.2118
51 21.9536 23.2118
52 23.273 23.2118
53 23.1875 23.2118
54 21.9593 23.2118
55 24.0966 23.2118
56 22.0916 23.2118
57 24.0871 23.2118
58 22.0153 23.2118
59 24.7489 23.2118
60 23.1686 23.2118
61 24.118 23.2118
62 23.0652 23.2118
63 22.6447 23.2118
64 21.8872 22.8621
65 23.1261 22.8621
66 24.1936 22.8621
67 24.0471 22.8621
68 24.4455 22.8621
69 23.0919 22.8621
70 22.8916 22.8621
71 22.7296 22.8621
72 23.6582 22.8621
73 23.8346 22.8621
74 22.6625 22.8621
75 23.9429 22.8621
76 23.7203 22.8621
77 23.3059 22.8621
78 22.5723 22.8621
79 23.1226 22.8621
80 22.6405 22.8621
81 22.9951 22.8621
82 22.4299 22.8621
83 22.2436 22.8621
84 21.9111 22.8621
85 21.5216 22.8621
86 21.9673 22.8621
87 22.0977 22.8621
88 22.6697 22.8621
89 23.8642 22.8621
90 22.9881 22.8621
91 23.6139 22.8621
92 22.141 22.8621
93 23.1046 22.8621
94 21.4654 22.8621
95 20.7008 22.8621
