0 24.7097 24.341
1 24.2969 24.341
2 26.9222 24.341
3 25.0007 24.341
4 25.0114 24.341
5 22.7122 24.341
6 26.2976 24.341
7 24.6298 24.341
8 24.5651 24.341
9 24.7401 24.341
10 24.2619 24.341
11 24.1789 24.341
12 23.8902 24.341
13 23.7393 24.341
14 24.3268 24.341
15 24.644 24.341
16 22.9762 24.341
17 25.32 24.341
18 22.6631 24.341
19 23.5223 24.341
20 22.6747 24.341
21 22.8808 24.341
22 23.9203 24.341
23 22.4934 24.341
24 24.5084 24.341
25 22.5676 24.341
26 26.6038 24.341
27 22.6475 24.341
28 23.7053 24.341
29 24.5802 24.341
30 26.366 24.341
31 27.5557 23.1595
32 24.5898 23.1595
33 23.0815 23.1595
34 23.2089 23.1595
35 23.1489 23.1595
36 24.0337 23.1595
37 21.6406 23.1595
38 23.0466 23.1595
39 23.6783 23.1595
40 24.7599 23.1595
41 22.6293 23.1595
42 23.8216 23.1595
43 23.3842 23.1595
44 24.1962 23.1595
45 22.3589 23.1595
46 22.7232 23.1595
47 22.8308 23.1595
48 22.6043 23.1595
49 23.5629 23.1595
50 23.019 23.1595
51 23.117 23.1595
52 22.6589 23.1595
53 23.7561 23.1595
54 18.8032 23.1595
55 22.1813 23.1595
56 22.1752 23.1595
57 22.8565 23.1595
58 23.5238 23.1595
59 23.3322 23.1595
60 24.2433 23.1595
61 20.3853 23.1595
62 23.7405 23.1595
63 23.6146 24.4684
64 25.02 24.4684
65 22.3171 24.4684
66 25.8744 24.4684
67 27.8841 24.4684
68 24.5531 24.4684
69 22.9765 24.4684
70 23.2621 24.4684
71 24.0446 24.4684
72 24.8698 24.4684
73 24.2676 24.4684
74 24.9073 24.4684
75 26.0064 24.4684
76 25.2263 24.4684
77 25.0312 24.4684
78 24.315 24.4684
79 25.9764 24.4684
80 25.205 24.4684
81 27.1474 24.4684
82 24.697 24.4684
83 24.2787 24.4684
84 23.4534 24.4684
85 23.9842 24.4684
86 22.9618 24.4684
87 25.4806 24.4684
88 24.834 24.4684
89 25.0728 24.4684
90 23.7681 24.4684
91 22.019 24.4684
92 23.9142 24.4684
93 23.8031 24.4684
94 23.8038 24.4684
95 22.8872 24.4684
