0 24.2851 22.6277
1 22.7303 22.6277
2 23.0636 22.6277
3 23.6157 22.6277
4 23.1983 22.6277
5 21.9147 22.6277
6 23.063 22.6277
7 22.3516 22.6277
8 23.6307 22.6277
9 23.0937 22.6277
10 22.4959 22.6277
11 22.4843 22.6277
12 22.3445 22.6277
13 23.1775 22.6277
14 23.0587 22.6277
15 22.2204 22.6277
16 22.0811 22.6277
17 22.8694 22.6277
18 22.0608 22.6277
19 19.8743 22.6277
20 24.9587 22.6277
21 22.4058 22.6277
22 18.4197 22.6277
23 22.6277 22.6277
24 19.8295 22.6277
25 22.2468 22.6277
26 23.548 22.6277
27 23.1139 22.6277
28 25.9118 22.6277
29 23.7547 22.6277
30 20.9189 22.6277
31 22.7369 22.6277
32 23.8749 23.214
33 24.4382 23.214
34 23.5367 23.214
35 24.2167 23.214
36 23.8595 23.214
37 23.6588 23.214
38 24.0889 23.214
39 21.7961 23.214
40 23.3212 23.214
41 24.232 23.214
42 24.0793 23.214
43 23.3773 23.214
44 24.1742 23.214
45 24.6482 23.214
46 21.16 23.214
47 23.3806 23.214
48 23.1971 23.214
49 23.5472 23.214
50 23.3375 23.214
51 22.4989 23.214
52 22.6308 23.214
53 23.3857 23.214
54 21.2312 23.214
55 21.7176 23.214
56 21.9468 23.214
57 23.213 23.214
58 21.7927 23.214
59 21.9705 23.214
60 22.9012 23.214
61 23.9186 23.214
62 23.6555 23.214
63 24.0599 23.214
64 23.0598 22.4273
65 23.1065 22.4273
66 22.6701 22.4273
67 20.4956 22.4273
68 23.3664 22.4273
69 21.5018 22.4273
70 22.421 22.4273
71 23.2803 22.4273
72 24.0023 22.4273
73 23.041 22.4273
74 22.6366 22.4273
75 22.3 22.4273
76 22.3608 22.4273
77 21.5925 22.4273
78 22.5309 22.4273
79 22.6866 22.4273
80 22.8366 22.4273
81 22.4273 22.4273
82 22.4273 22.4273
83 23.014 22.4273
84 22.9541 22.4273
85 22.0142 22.4273
86 21.0218 22.4273
87 22.5466 22.4273
88 21.5818 22.4273
89 20.7333 22.4273
90 21.3574 22.4273
91 22.6607 22.4273
92 22.9043 22.4273
93 22.4909 22.4273
94 23.0511 22.4273
95 22.6011 22.4273
