0 23.6224 22.6669
1 23.612 22.6669
2 23.9604 22.6669
3 23.3287 22.6669
4 23.0137 22.6669
5 23.0747 22.6669
6 20.9139 22.6669
7 22.6163 22.6669
8 23.3418 22.6669
9 22.9979 22.6669
10 22.9543 22.6669
11 20.0075 22.6669
12 22.5394 22.6669
13 23.8967 22.6669
14 23.4195 22.6669
15 22.7615 22.6669
16 21.6623 22.6669
17 23.0436 22.6669
18 22.0775 22.6669
19 19.7991 22.6669
20 27.8552 22.6669
21 19.5512 22.6669
22 20.6498 22.6669
23 21.1435 22.6669
24 23.0114 22.6669
25 24.0186 22.6669
26 23.2146 22.6669
27 21.2367 22.6669
28 22.7567 22.6669
29 23.6045 22.6669
30 22.9757 22.6669
31 22.681 22.6669
32 22.9057 22.784
33 24.1377 22.784
34 23.8697 22.784
35 22.2911 22.784
36 24.2219 22.784
37 23.936 22.784
38 23.3481 22.784
39 23.9856 22.784
40 22.7549 22.784
41 22.2413 22.784
42 22.8583 22.784
43 23.3067 22.784
44 22.1821 22.784
45 22.7914 22.784
46 23.6918 22.784
47 21.9032 22.784
48 21.2496 22.784
49 23.7415 22.784
50 22.7459 22.784
51 21.5393 22.784
52 20.2626 22.784
53 21.3273 22.784
54 21.5584 22.784
55 21.0532 22.784
56 22.1014 22.784
57 25.1569 22.784
58 23.224 22.784
59 23.2141 22.784
60 23.0502 22.784
61 23.4989 22.784
62 22.1579 22.784
63 22.7803 22.784
64 22.8987 22.8127
65 22.2204 22.8127
66 24.0487 22.8127
67 22.027 22.8127
68 23.4577 22.8127
69 23.0891 22.8127
70 23.0288 22.8127
71 21.8111 22.8127
72 23.6737 22.8127
73 23.929 22.8127
74 23.9225 22.8127
75 22.8027 22.8127
76 23.6261 22.8127
77 23.4339 22.8127
78 23.3653 22.8127
79 23.1037 22.8127
80 22.6754 22.8127
81 23.0322 22.8127
82 22.5552 22.8127
83 22.7129 22.8127
84 22.0792 22.8127
85 22.6735 22.8127
86 20.9264 22.8127
87 23.1502 22.8127
88 22.4741 22.8127
89 21.6118 22.8127
90 20.2828 22.8127
91 23.051 22.8127
92 23.1031 22.8127
93 22.3271 22.8127
94 23.4189 22.8127
95 23.4928 22.8127
