0 23.7806 23.006
1 22.9395 23.006
2 23.6762 23.006
3 23.716 23.006
4 21.4716 23.006
5 21.9914 23.006
6 24.0756 23.006
7 22.5998 23.006
8 23.471 23.006
9 23.823 23.006
10 23.3119 23.006
11 24.2191 23.006
12 24.2433 23.006
13 24.1263 23.006
14 23.633 23.006
15 23.2025 23.006
16 22.5498 23.006
17 23.6696 23.006
18 21.591 23.006
19 23.4297 23.006
20 22.1553 23.006
21 24.1984 23.006
22 18.0732 23.006
23 24.0004 23.006
24 23.2105 23.006
25 20.1111 23.006
26 21.9924 23.006
27 23.7296 23.006
28 24.4678 23.006
29 22.9605 23.006
30 23.3111 23.006
31 22.4599 23.006
32 24.3377 23.5335
33 24.4144 23.5335
34 24.2244 23.5335
35 24.6745 23.5335
36 24.8006 23.5335
37 22.4841 23.5335
38 24.8628 23.5335
39 21.2889 23.5335
40 24.0383 23.5335
41 24.3022 23.5335
42 24.1307 23.5335
43 23.9287 23.5335
44 23.1141 23.5335
45 23.5512 23.5335
46 24.6585 23.5335
47 21.7907 23.5335
48 22.9865 23.5335
49 23.3409 23.5335
50 23.6905 23.5335
51 23.2215 23.5335
52 21.2534 23.5335
53 21.6125 23.5335
54 22.7499 23.5335
55 22.4482 23.5335
56 24.5965 23.5335
57 25.333 23.5335
58 23.5335 23.5335
59 22.9995 23.5335
60 22.3837 23.5335
61 23.5335 23.5335
62 24.4332 23.5335
63 24.3552 23.5335
64 23.3077 22.0882
65 22.9873 22.0882
66 22.4051 22.0882
67 21.7626 22.0882
68 22.0111 22.0882
69 21.9576 22.0882
70 23.2492 22.0882
71 23.0545 22.0882
72 22.6261 22.0882
73 22.1336 22.0882
74 21.6637 22.0882
75 21.506 22.0882
76 21.2972 22.0882
77 21.6512 22.0882
78 22.0552 22.0882
79 22.896 22.0882
80 22.4328 22.0882
81 20.6269 22.0882
82 22.2519 22.0882
83 21.982 22.0882
84 20.5889 22.0882
85 21.2939 22.0882
86 20.742 22.0882
87 20.6768 22.0882
88 21.8262 22.0882
89 22.804 22.0882
90 22.6015 22.0882
91 23.2428 22.0882
92 19.4126 22.0882
93 22.4548 22.0882
94 23.3925 22.0882
95 23.9297 22.0882
