0 25.7042 24.6842
1 24.7188 24.6842
2 24.4223 24.6842
3 26.1858 24.6842
4 25.4695 24.6842
5 24.6842 24.6842
6 24.6842 24.6842
7 25.1855 24.6842
8 24.7584 24.6842
9 24.8173 24.6842
10 24.1562 24.6842
11 25.8353 24.6842
12 24.361 24.6842
13 24.0383 24.6842
14 24.8389 24.6842
15 25.7538 24.6842
16 24.9787 24.6842
17 25.4587 24.6842
18 22.2158 24.6842
19 24.666 24.6842
20 25.4667 24.6842
21 24.1494 24.6842
22 25.5228 24.6842
23 22.3406 24.6842
24 23.6911 24.6842
25 23.6742 24.6842
26 23.681 24.6842
27 25.8421 24.6842
28 25.2301 24.6842
29 23.9853 24.6842
30 24.6709 24.6842
31 24.7073 24.6842
32 26.1883 24.9114
33 26.2752 24.9114
34 25.1904 24.9114
35 23.667 24.9114
36 25.6193 24.9114
37 25.4273 24.9114
38 25.3139 24.9114
39 25.3629 24.9114
40 25.3181 24.9114
41 24.7719 24.9114
42 24.4082 24.9114
43 25.3303 24.9114
44 24.2198 24.9114
45 24.1558 24.9114
46 24.7242 24.9114
47 25.4198 24.9114
48 25.0167 24.9114
49 23.9929 24.9114
50 21.3255 24.9114
51 23.8489 24.9114
52 23.0059 24.9114
53 24.7507 24.9114
54 24.4916 24.9114
55 24.3747 24.9114
56 23.5468 24.9114
57 25.7814 24.9114
58 27.2029 24.9114
59 24.8678 24.9114
60 25.1101 24.9114
61 28.253 24.9114
62 24.3072 24.9114
63 25.8978 24.9114
64 23.9423 23.3074
65 24.0893 23.3074
66 22.7848 23.3074
67 22.6617 23.3074
68 23.5538 23.3074
69 23.1971 23.3074
70 23.2692 23.3074
71 23.7106 23.3074
72 23.5791 23.3074
73 24.2589 23.3074
74 23.7847 23.3074
75 24.3112 23.3074
76 24.0003 23.3074
77 23.3135 23.3074
78 23.6372 23.3074
79 22.9283 23.3074
80 22.6375 23.3074
81 23.4544 23.3074
82 23.1264 23.3074
83 23.5597 23.3074
84 21.5625 23.3074
85 22.4091 23.3074
86 22.886 23.3074
87 23.75 23.3074
88 22.9907 23.3074
89 23.3124 23.3074
90 22.8839 23.3074
91 22.9352 23.3074
92 21.3483 23.3074
93 23.7993 23.3074
94 23.4341 23.3074
95 24.726 23.3074
