0 23.5777 22.3355
1 22.5608 22.3355
2 22.965 22.3355
3 22.5359 22.3355
4 23.1034 22.3355
5 22.1711 22.3355
6 23.615 22.3355
7 22.4301 22.3355
8 22.2724 22.3355
9 21.9326 22.3355
10 23.3405 22.3355
11 21.7276 22.3355
12 22.4181 22.3355
13 23.5089 22.3355
14 22.2466 22.3355
15 21.246 22.3355
16 22.8819 22.3355
17 22.4471 22.3355
18 20.068 22.3355
19 20.7582 22.3355
20 19.6447 22.3355
21 22.2596 22.3355
22 21.941 22.3355
23 22.0694 22.3355
24 20.3629 22.3355
25 21.8075 22.3355
26 22.8751 22.3355
27 23.1979 22.3355
28 24.8635 22.3355
29 23.3114 22.3355
30 21.5752 22.3355
31 23.0221 22.3355
32 22.2712 22.7158
33 22.1143 22.7158
34 22.5585 22.7158
35 23.6305 22.7158
36 21.771 22.7158
37 24.1969 22.7158
38 20.8177 22.7158
39 22.944 22.7158
40 22.7272 22.7158
41 22.0223 22.7158
42 22.3049 22.7158
43 23.1756 22.7158
44 22.8372 22.7158
45 22.1621 22.7158
46 24.2336 22.7158
47 22.5608 22.7158
48 22.1046 22.7158
49 21.7979 22.7158
50 22.8539 22.7158
51 22.7729 22.7158
52 22.5507 22.7158
53 22.1153 22.7158
54 21.0124 22.7158
55 23.1652 22.7158
56 23.3296 22.7158
57 22.57 22.7158
58 22.8526 22.7158
59 23.3206 22.7158
60 23.2861 22.7158
61 23.0814 22.7158
62 23.8276 22.7158
63 23.9366 22.7158
64 22.4638 23.1113
65 23.2584 23.1113
66 23.1674 23.1113
67 24.5141 23.1113
68 23.0706 23.1113
69 22.0564 23.1113
70 23.6707 23.1113
71 23.8008 23.1113
72 23.6165 23.1113
73 23.9724 23.1113
74 24.8296 23.1113
75 23.4001 23.1113
76 20.9531 23.1113
77 23.2857 23.1113
78 22.9622 23.1113
79 23.2928 23.1113
80 23.4091 23.1113
81 20.8594 23.1113
82 26.2656 23.1113
83 21.7973 23.1113
84 22.9734 23.1113
85 22.6541 23.1113
86 23.3611 23.1113
87 24.6026 23.1113
88 22.5892 23.1113
89 23.8318 23.1113
90 23.3704 23.1113
91 20.3177 23.1113
92 24.1807 23.1113
93 23.4441 23.1113
94 21.7112 23.1113
95 21.8795 23.1113
