0 24.6947 23.7
1 24.2733 23.7
2 24.4886 23.7
3 25.8885 23.7
4 24.6899 23.7
5 23.7235 23.7
6 24.8646 23.7
7 26.0066 23.7
8 24.5927 23.7
9 24.7252 23.7
10 23.3376 23.7
11 24.2226 23.7
12 23.1329 23.7
13 22.9304 23.7
14 23.6678 23.7
15 24.5941 23.7
16 26.2794 23.7
17 22.4868 23.7
18 22.5751 23.7
19 23.1198 23.7
20 22.1343 23.7
21 23.4239 23.7
22 21.2049 23.7
23 21.0525 23.7
24 22.7928 23.7
25 23.2901 23.7
26 23.7919 23.7
27 23.0853 23.7
28 22.8353 23.7
29 23.1617 23.7
30 22.6074 23.7
31 24.7255 23.7
32 24.6006 24.0994
33 25.0806 24.0994
34 23.4876 24.0994
35 25.4535 24.0994
36 24.4886 24.0994
37 24.7873 24.0994
38 24.8102 24.0994
39 23.4756 24.0994
40 24.9799 24.0994
41 22.2854 24.0994
42 24.2418 24.0994
43 24.2083 24.0994
44 24.6349 24.0994
45 23.1017 24.0994
46 24.1161 24.0994
47 24.9724 24.0994
48 24.2965 24.0994
49 25.0407 24.0994
50 24.1429 24.0994
51 23.1063 24.0994
52 23.8489 24.0994
53 24.6864 24.0994
54 23.8065 24.0994
55 22.087 24.0994
56 24.4023 24.0994
57 24.0428 24.0994
58 23.3966 24.0994
59 23.8275 24.0994
60 24.5227 24.0994
61 24.972 24.0994
62 23.801 24.0994
63 22.475 24.0994
64 24.1685 24.4907
65 27.5932 24.4907
66 24.3493 24.4907
67 23.5225 24.4907
68 24.1134 24.4907
69 23.8852 24.4907
70 26.7548 24.4907
71 23.4234 24.4907
72 24.2936 24.4907
73 25.5944 24.4907
74 23.1151 24.4907
75 24.4319 24.4907
76 23.8016 24.4907
77 26.627 24.4907
78 24.6186 24.4907
79 24.4103 24.4907
80 23.5908 24.4907
81 24.7816 24.4907
82 23.7905 24.4907
83 22.3307 24.4907
84 23.6728 24.4907
85 25.6931 24.4907
86 23.0807 24.4907
87 23.598 24.4907
88 23.8437 24.4907
89 23.8437 24.4907
90 25.5588 24.4907
91 23.7989 24.4907
92 24.6877 24.4907
93 24.8964 24.4907
94 26.0725 24.4907
95 25.1117 24.4907
