0 23.8011 23.7565
1 24.9162 23.7565
2 24.8864 23.7565
3 23.7897 23.7565
4 23.2497 23.7565
5 24.1307 23.7565
6 24.3024 23.7565
7 21.4036 23.7565
8 25.2594 23.7565
9 24.6552 23.7565
10 24.3285 23.7565
11 23.9128 23.7565
12 24.6864 23.7565
13 24.8045 23.7565
14 22.472 23.7565
15 24.3503 23.7565
16 25.4072 23.7565
17 24.1612 23.7565
18 24.5492 23.7565
19 21.9518 23.7565
20 23.4581 23.7565
21 22.9659 23.7565
22 20.3776 23.7565
23 23.8162 23.7565
24 23.7122 23.7565
25 24.5531 23.7565
26 22.198 23.7565
27 22.2129 23.7565
28 23.8031 23.7565
29 24.8158 23.7565
30 24.0027 23.7565
31 23.2734 23.7565
32 25.1006 23.33
33 23.6756 23.33
34 23.6963 23.33
35 22.547 23.33
36 24.3017 23.33
37 24.5564 23.33
38 22.8458 23.33
39 22.3705 23.33
40 21.8659 23.33
41 21.6001 23.33
42 23.4638 23.33
43 23.2611 23.33
44 24.3394 23.33
45 24.5135 23.33
46 24.2638 23.33
47 23.9876 23.33
48 23.0038 23.33
49 24.8282 23.33
50 23.33 23.33
51 22.7752 23.33
52 23.5727 23.33
53 24.0814 23.33
54 23.2453 23.33
55 21.3614 23.33
56 23.7672 23.33
57 22.6167 23.33
58 21.8236 23.33
59 21.2786 23.33
60 23.0087 23.33
61 23.9592 23.33
62 24.3544 23.33
63 23.1661 23.33
64 24.1617 23.1876
65 24.2788 23.1876
66 23.8373 23.1876
67 21.263 23.1876
68 23.7306 23.1876
69 22.6497 23.1876
70 23.2842 23.1876
71 21.2274 23.1876
72 23.4489 23.1876
73 22.8392 23.1876
74 23.9382 23.1876
75 23.1179 23.1876
76 22.4424 23.1876
77 24.1061 23.1876
78 23.0521 23.1876
79 22.9601 23.1876
80 22.8435 23.1876
81 23.9124 23.1876
82 22.0911 23.1876
83 23.2043 23.1876
84 30.427 23.1876
85 18.6512 23.1876
86 20.6453 23.1876
87 22.3973 23.1876
88 20.9953 23.1876
89 22.8815 23.1876
90 21.6147 23.1876
91 23.7403 23.1876
92 23.7254 23.1876
93 24.8883 23.1876
94 24.5661 23.1876
95 25.0821 23.1876
