0 -15.865 0.174532
1 9.82724 0.172007
2 13.8164 0.169397
3 -14.4997 0.171675
4 -8.46287 0.172752
5 -22.1302 0.173908
6 -5.67807 0.174077
7 16.1561 0.172044
8 23.008 0.173823
9 13.0612 0.172619
10 2.64376 0.173815
11 4.90321 0.171948
12 3.33231 0.176232
13 -17.6536 0.172865
14 -11.2688 0.172912
15 -4.12711 0.172063
16 1.22116 0.174257
17 -30.1946 0.175652
18 -2.47516 0.173019
19 3.96644 0.174786
20 10.5922 0.175569
21 -4.90643 0.173504
22 -13.8918 0.175497
23 -0.93761 0.174154
24 8.60696 0.172595
25 -9.39248 0.17468
26 14.9619 0.17142
27 -23.1456 0.173802
28 11.3694 0.176612
29 -37.7484 0.172676
30 22.9667 0.17254
31 -44.4292 0.170727
32 4.26047 0.17796
33 32.4159 0.173389
34 7.0784 0.171896
35 15.5678 0.175928
36 17.4238 0.177603
37 6.27582 0.175053
38 10.8752 0.173967
39 4.66324 0.172675
40 21.0627 0.174407
41 3.04 0.172532
42 23.177 0.17506
43 -0.691594 0.173822
44 3.88448 0.174867
45 25.9603 0.172205
46 16.6942 0.17388
47 1.79476 0.173552
48 19.8992 0.175934
49 37.1792 0.177301
50 24.1114 0.176902
51 0.0627916 0.174284
52 -5.1257 0.175201
53 1.89283 0.173991
54 13.3366 0.175189
55 2.77968 0.175831
56 -0.867306 0.172017
57 -17.4913 0.173125
58 0.917893 0.175718
59 17.2223 0.17567
60 24.8889 0.172321
61 -0.94617 0.177928
62 2.42696 0.17348
63 -13.6116 0.175304
64 61.5365 0.167463
65 49.897 0.166896
66 58.0015 0.165101
67 74.3628 0.166546
68 106.098 0.168057
69 57.0966 0.16674
70 58.7573 0.167708
71 60.2596 0.169494
72 60.5722 0.166775
73 56.343 0.166146
74 40.5502 0.168589
75 48.5678 0.167618
76 71.4453 0.168986
77 34.4683 0.166596
78 38.3783 0.16866
79 47.966 0.165989
80 41.1469 0.172207
81 60.896 0.167295
82 54.1165 0.167804
83 62.2565 0.165967
84 76.6391 0.169574
85 51.3984 0.164955
86 64.1817 0.166509
87 44.865 0.165321
88 20.7196 0.1685
89 61.7348 0.169063
90 67.2444 0.170149
91 68.521 0.166758
92 63.038 0.166778
93 53.0516 0.169034
94 75.2103 0.167428
95 50.6775 0.165888
