0 -3.3118 0.176374
1 18.0718 0.174004
2 -21.6032 0.174994
3 -10.1609 0.173043
4 11.7654 0.178836
5 -4.97874 0.173664
6 -23.9329 0.178456
7 27.4807 0.172471
8 8.68016 0.176392
9 -0.708796 0.179251
10 -13.2026 0.171039
11 -6.62368 0.178809
12 -21.2698 0.174535
13 -25.7777 0.171344
14 7.37468 0.173658
15 -4.40113 0.171528
16 -19.4542 0.179802
17 -20.677 0.175002
18 -3.09912 0.175347
19 -2.27835 0.174969
20 -0.420315 0.1747
21 -12.1796 0.174549
22 -24.7287 0.175283
23 1.4901 0.175372
24 -22.4338 0.177203
25 -22.1037 0.176016
26 -10.3489 0.175035
27 22.5121 0.174262
28 -44.5378 0.171207
29 1.77885 0.176136
30 -7.49636 0.175364
31 -25.4677 0.169513
32 -15.944 0.176408
33 -42.2349 0.172182
34 -22.5527 0.172993
35 -59.2052 0.17299
36 -28.5329 0.174912
37 -52.8123 0.171211
38 3.20086 0.173317
39 -42.6524 0.175297
40 -26.5886 0.176528
41 -36.5496 0.173218
42 -49.4779 0.175419
43 -26.6484 0.172405
44 -48.2135 0.175371
45 -17.9999 0.172766
46 -57.7985 0.172026
47 -37.4436 0.172325
48 -12.2977 0.177586
49 -18.1914 0.178264
50 -20.6251 0.172968
51 -57.4211 0.173306
52 -45.3512 0.173818
53 -46.048 0.170706
54 -24.8332 0.173988
55 -23.2387 0.173379
56 -47.8297 0.173924
57 -54.2224 0.17477
58 -51.3042 0.175851
59 -19.1017 0.172782
60 -22.6351 0.176815
61 -63.0597 0.173433
62 -11.5915 0.171453
63 -7.36885 0.171541
64 26.9038 0.175584
65 23.218 0.172271
66 58.1867 0.171928
67 61.4712 0.170445
68 56.101 0.171505
69 56.7947 0.172795
70 35.5354 0.176005
71 70.7364 0.169521
72 16.213 0.172138
73 58.3346 0.172988
74 28.9351 0.17403
75 41.9282 0.166706
76 59.5743 0.171286
77 70.6634 0.167067
78 43.775 0.169017
79 23.7215 0.175059
80 53.8344 0.17196
81 69.3002 0.1724
82 70.211 0.170241
83 52.9295 0.171838
84 39.8887 0.173517
85 25.4893 0.171617
86 58.3162 0.167627
87 42.3709 0.169562
88 26.8037 0.17601
89 44.1398 0.172269
90 36.907 0.170206
91 44.5896 0.168949
92 32.3309 0.170171
93 55.2103 0.170856
94 52.9125 0.174513
95 41.5229 0.171226
