0 23.5702 0.115976
1 -2.56954 0.114626
2 26.8129 0.112391
3 -5.95266 0.113917
4 -11.6374 0.115112
5 -21.1077 0.114249
6 9.78561 0.11243
7 3.12752 0.114743
8 -31.7378 0.116518
9 18.0809 0.114319
10 -23.6637 0.113371
11 10.9805 0.11215
12 14.3264 0.115127
13 7.50311 0.114784
14 -6.24069 0.113185
15 19.21 0.113709
16 -6.53676 0.111791
17 13.6772 0.112918
18 -5.2591 0.115353
19 18.3245 0.114967
20 13.1225 0.114656
21 12.1958 0.114249
22 16.5771 0.11485
23 -2.55472 0.113219
24 -23.9929 0.113938
25 15.3397 0.116382
26 -3.4161 0.116474
27 5.35045 0.113393
28 -29.5094 0.114622
29 -22.672 0.115272
30 -21.0269 0.110215
31 -38.6573 0.111931
32 71.6455 0.112808
33 37.0554 0.108613
34 50.6942 0.107807
35 59.0259 0.108735
36 60.8679 0.110469
37 53.6703 0.110253
38 51.3237 0.108307
39 34.6933 0.108433
40 38.486 0.109679
41 52.6311 0.109307
42 48.1328 0.109339
43 72.6464 0.109029
44 61.1084 0.108121
45 55.5591 0.110237
46 65.9812 0.108804
47 73.4717 0.108401
48 24.7211 0.108576
49 64.1789 0.109173
50 59.4764 0.11014
51 70.8203 0.109632
52 33.7255 0.10855
53 55.2861 0.108549
54 56.3511 0.108173
55 45.6221 0.109926
56 62.3117 0.111758
57 86.744 0.109902
58 52.9465 0.109536
59 53.0432 0.108158
60 54.1874 0.108676
61 74.3372 0.110359
62 55.8025 0.108882
63 33.2402 0.108811
64 84.6672 0.108977
65 96.5583 0.106823
66 77.9916 0.106487
67 87.7296 0.110284
68 89.1209 0.107285
69 84.3344 0.107632
70 83.5048 0.107194
71 98.8395 0.108484
72 71.9919 0.108726
73 94.193 0.10695
74 86.4285 0.108186
75 95.7771 0.107487
76 100.466 0.107693
77 110.215 0.107118
78 102.385 0.108683
79 95.7476 0.108702
80 74.0577 0.108035
81 90.1809 0.110048
82 86.5464 0.107735
83 99.0813 0.107632
84 107.396 0.108059
85 93.3759 0.109096
86 118.389 0.109213
87 93.3657 0.108703
88 100.758 0.108496
89 68.9526 0.10839
90 84.5911 0.109069
91 94.392 0.110461
92 96.6931 0.110402
93 72.8918 0.109092
94 85.2293 0.108692
95 102.556 0.105711
