0 43.4442 0.315616 -0.76726 0.0864333 -0.00208946
1 59.5434 -4.05064 -0.237812 0.0582625 -0.001546
2 67.0244 -6.83033 0.0734132 0.0442404 -0.00134975
3 62.4654 -5.40508 -0.103681 0.053525 -0.0015204
4 56.1537 -3.62939 -0.379818 0.0695633 -0.00181984
5 45.4407 -1.94383 -0.423834 0.0660453 -0.00167636
6 74.9394 -11.2768 0.584291 0.0218216 -0.00100279
7 56.8759 -5.17135 -0.155837 0.0589907 -0.0016709
8 56.5938 -5.59096 -0.0177809 0.0479073 -0.00139488
9 65.6401 -6.34316 -0.00364698 0.0492403 -0.00145976
10 61.5325 -6.72739 0.100165 0.0417173 -0.00127524
11 63.6952 -8.51763 0.367814 0.0273373 -0.00102281
12 65.9082 -5.6237 -0.180131 0.0602304 -0.00165748
13 70.9623 -8.19675 0.174136 0.0420216 -0.00133819
14 74.0437 -7.04539 -0.0480099 0.0532095 -0.00150393
15 79.4129 -11.9288 0.725162 0.0104323 -0.000733459
16 58.1441 -5.35366 -0.0734033 0.0507974 -0.0014503
17 53.9635 -2.93011 -0.448028 0.0722523 -0.00186281
18 76.7123 -10.7566 0.5575 0.0172958 -0.000790402
19 53.9097 -3.886 -0.269926 0.0628666 -0.00170245
20 56.1422 -3.53587 -0.310335 0.0612681 -0.00159776
21 56.6546 -3.55773 -0.292216 0.0618072 -0.0016546
22 48.1981 -2.41761 -0.42138 0.0682502 -0.00175501
23 93.1181 -15.9067 1.11806 -0.00528501 -0.000523081
24 69.6641 -7.29981 0.054292 0.0465776 -0.0013807
25 68.9364 -5.51991 -0.16935 0.0566804 -0.0015315
26 70.1173 -8.07333 0.148491 0.0432049 -0.00134915
27 82.2123 -11.9344 0.676824 0.0140282 -0.000798295
28 62.1252 -6.36246 0.0282826 0.0481491 -0.00145429
29 67.1203 -4.82813 -0.274048 0.0623546 -0.00162714
30 40.4107 2.96446 -1.1435 0.105537 -0.00242308
31 50.8735 -0.118823 -0.820965 0.0923636 -0.00224773
32 56.429 -0.687441 -0.829824 0.0928403 -0.00221923
33 52.9415 -0.239629 -0.853754 0.0915114 -0.002139
34 49.4904 0.525788 -0.867967 0.0901799 -0.00210555
35 95.4784 -16.6946 1.27708 -0.016973 -0.000254057
36 75.9613 -8.35603 0.151403 0.0425473 -0.00132119
37 69.1889 -6.85404 -0.0102221 0.0516463 -0.00150923
38 41.3327 1.81226 -0.984055 0.0959099 -0.00221545
39 65.1922 -5.15003 -0.207348 0.05749 -0.00151896
40 79.2309 -8.74087 0.13226 0.0449587 -0.0013812
41 70.0644 -9.69348 0.439099 0.0250514 -0.000982505
42 75.6563 -7.89511 0.0798945 0.0447948 -0.00132209
43 70.1069 -7.34339 0.0834827 0.0440934 -0.00133981
44 65.8872 -7.46189 0.097476 0.0447463 -0.00136152
45 72.758 -7.23178 0.0604233 0.0433519 -0.00127338
46 76.2118 -9.16651 0.363265 0.026283 -0.000948478
47 88.3455 -12.6418 0.665894 0.0159816 -0.000841
48 59.9869 -5.14402 -0.174321 0.057207 -0.00156412
49 86.7361 -13.4234 0.816618 0.00636596 -0.000627178
50 62.7426 -6.97337 0.164076 0.0353908 -0.00110117
51 73.9278 -6.69706 -0.0723195 0.052862 -0.0014852
52 73.7742 -8.36562 0.180847 0.0409824 -0.00131704
53 103.235 -17.6538 1.29221 -0.0146837 -0.000333778
54 56.1383 -4.43159 -0.140657 0.0505324 -0.00137514
55 70.5487 -7.41983 0.142289 0.0399142 -0.00126181
56 74.0458 -8.98484 0.268489 0.0359604 -0.00121966
57 60.1657 -5.54365 -0.0370573 0.0485687 -0.00140178
58 60.9076 -7.17823 0.190896 0.0353763 -0.0011379
59 75.3463 -10.0696 0.473513 0.0238875 -0.000976777
60 98.3544 -17.9443 1.46414 -0.0285524 -6.30406e-06
61 43.1024 1.1988 -0.90183 0.0929786 -0.00220629
62 52.5257 -2.08684 -0.48584 0.0699944 -0.00174773
63 76.2221 -10.142 0.516204 0.0198134 -0.000877728
64 36.1193 1.38761 -0.879214 0.0871451 -0.00198005
65 12.0243 6.60023 -1.39296 0.111753 -0.00243313
66 45.991 -0.638726 -0.686739 0.0819623 -0.00198473
67 59.9073 -9.80528 0.639742 0.0107384 -0.000710264
68 49.1239 -4.27068 -0.188227 0.0572955 -0.00158308
69 27.1155 1.10095 -0.708201 0.0784005 -0.00188351
70 52.6344 -4.88319 -0.113886 0.0521242 -0.00145631
71 61.4483 -7.7816 0.282831 0.0295424 -0.000998868
72 37.2792 1.71541 -0.907974 0.0889999 -0.00203949
73 54.9342 -4.66297 -0.187879 0.0573177 -0.00157013
74 49.1508 -2.91502 -0.379643 0.0664091 -0.00171468
75 55.3725 -8.70387 0.504698 0.0171497 -0.000804914
76 43.2146 -0.304853 -0.700682 0.0814227 -0.00195945
77 53.8175 -5.36567 -0.0229046 0.0457197 -0.00132265
78 41.7496 -2.16761 -0.366666 0.0614803 -0.00157464
79 46.3417 -4.16664 -0.131848 0.0514668 -0.00142626
80 47.8965 -2.77642 -0.41996 0.0691761 -0.00177716
81 50.383 -4.10357 -0.207285 0.0568221 -0.00154044
82 35.3805 -0.586229 -0.550637 0.0708026 -0.00173609
83 74.9535 -13.7937 1.08495 -0.0121273 -0.000271231
84 30.9517 3.31157 -1.10068 0.0993744 -0.002239
85 47.7119 -2.76373 -0.357279 0.0633813 -0.00163385
86 57.9986 -5.38591 -0.0501319 0.0474674 -0.00133537
87 45.141 -3.20656 -0.190049 0.051032 -0.00137243
88 43.6719 -1.30667 -0.496382 0.0698272 -0.00176241
89 39.6918 -0.727511 -0.551658 0.0737789 -0.00186626
90 33.7189 -1.4948 -0.329377 0.0576047 -0.00149973
91 58.8166 -7.19678 0.270307 0.0295637 -0.00102845
92 44.4445 -1.94281 -0.416609 0.0655754 -0.00168581
93 46.6706 -3.65407 -0.142272 0.0498561 -0.00137755
94 52.6047 -4.29897 -0.124293 0.0511325 -0.00143694
95 61.8891 -9.18355 0.594496 0.0109003 -0.000679002
