0 124.601 -20.8047 1.48392 -0.0182446 -0.000340882
1 149.589 -29.8211 2.49465 -0.0657773 0.000461775
2 155.457 -30.1952 2.49067 -0.0653344 0.000458089
3 132.279 -24.853 1.94231 -0.0393699 1.30254e-05
4 108.694 -14.6999 0.623656 0.0275659 -0.00116309
5 128.845 -20.9141 1.32397 -0.00533188 -0.0006174
6 95.4944 -13.0622 0.583038 0.0262907 -0.00111052
7 102.952 -13.3254 0.560478 0.0258228 -0.00106357
8 149.645 -28.5944 2.28042 -0.0538665 0.000240909
9 118.179 -18.1893 1.05988 0.00567408 -0.000781227
10 110.035 -15.3083 0.746313 0.0186737 -0.000954638
11 126.338 -20.6968 1.36161 -0.00986797 -0.000501974
12 77.4719 -5.35218 -0.40218 0.0750242 -0.00195251
13 116.829 -20.3918 1.46813 -0.0191178 -0.000293282
14 180.275 -38.951 3.53479 -0.117491 0.00138904
15 111.319 -15.6629 0.796098 0.0148844 -0.000857543
16 100.742 -14.4528 0.782679 0.0130292 -0.000824298
17 104.418 -15.2666 0.806157 0.0148252 -0.000897231
18 94.0387 -9.98607 0.177731 0.042947 -0.00131348
19 121.161 -20.3318 1.47957 -0.0217155 -0.000214903
20 67.8239 -3.76527 -0.456038 0.0729831 -0.00185727
21 113.785 -18.3738 1.21343 -0.00575088 -0.000541617
22 101.219 -12.9724 0.498201 0.0302053 -0.00115558
23 107.27 -13.7268 0.523013 0.0318745 -0.00123505
24 127.95 -21.9644 1.50573 -0.0156781 -0.00042115
25 106.43 -13.7247 0.621452 0.0226174 -0.00101328
26 152.885 -29.7136 2.4309 -0.0613539 0.000373878
27 111.626 -15.4875 0.804253 0.0153744 -0.000921797
28 122.626 -20.2309 1.39363 -0.012989 -0.000441947
29 126.26 -23.3866 1.8812 -0.0409654 0.000100564
30 87.4959 -9.17734 0.141774 0.0453861 -0.00140404
31 84.4698 -8.95184 0.148129 0.0452882 -0.00141369
32 112.681 -22.0523 1.82891 -0.0409953 0.000126799
33 144.67 -34.5272 3.52384 -0.135004 0.00194934
34 118.804 -23.1592 1.99203 -0.0504624 0.00031097
35 77.8858 -8.3211 0.162562 0.0413758 -0.00130716
36 101.855 -17.6576 1.33705 -0.0181201 -0.000256443
37 153.769 -35.8771 3.65009 -0.141556 0.00208794
38 172.035 -38.9914 3.75001 -0.133906 0.00173597
39 69.6356 -5.52154 -0.168336 0.0576571 -0.00158994
40 95.1265 -14.7256 0.917352 0.00595279 -0.000722322
41 90.8625 -13.7813 0.88476 0.00359515 -0.000625284
42 67.2592 -6.09985 -0.078543 0.0528349 -0.00149888
43 109.157 -18.3314 1.3028 -0.013296 -0.000372784
44 101.516 -17.6618 1.30023 -0.0142089 -0.000355233
45 99.3266 -17.4237 1.27928 -0.015044 -0.000291358
46 116.644 -19.5739 1.33291 -0.0106359 -0.000466942
47 93.2834 -14.253 0.810577 0.0124894 -0.000841619
48 119.348 -21.3328 1.6229 -0.0279221 -0.000130519
49 105.411 -16.1005 0.986236 0.0043958 -0.000713561
50 88.653 -12.9169 0.705036 0.0159084 -0.000884549
51 115.918 -20.5078 1.47274 -0.018397 -0.00032804
52 78.2088 -8.25516 0.0542679 0.0504168 -0.00150662
53 167.471 -37.3112 3.55686 -0.126266 0.0016395
54 43.8036 -0.860049 -0.318175 0.0461259 -0.00106505
55 109.933 -18.0296 1.19122 -0.00499246 -0.000548481
56 84.8334 -9.21993 0.12391 0.0471957 -0.00143849
57 65.7046 -5.38028 -0.195875 0.0606774 -0.00166781
58 69.6732 -7.0493 0.0427184 0.0470187 -0.00140908
59 85.1035 -10.7579 0.42614 0.029314 -0.0011049
60 115.231 -21.241 1.67399 -0.0321921 -3.69295e-05
61 97.346 -14.3375 0.777358 0.0153666 -0.000920483
62 110.524 -19.3179 1.45659 -0.0213794 -0.000233143
63 90.1835 -13.2654 0.786601 0.0106397 -0.000784391
64 97.7985 -14.9497 0.818323 0.013704 -0.000878865
65 158.654 -37.6854 3.83738 -0.15199 0.00230588
66 124.707 -23.7484 1.88008 -0.0393048 5.8865e-05
67 107.018 -15.9266 0.924127 0.00586639 -0.000692048
68 140.353 -28.6895 2.44136 -0.0658699 0.000503072
69 122.325 -22.7789 1.75443 -0.0334584 -4.07604e-05
70 147.407 -29.6856 2.42243 -0.060755 0.000366412
71 115.059 -21.5416 1.68124 -0.0309888 -8.21997e-05
72 75.0204 -5.66807 -0.322609 0.0692318 -0.001812
73 149.099 -29.7758 2.53277 -0.0704383 0.000588035
74 136.202 -26.72 2.22462 -0.0564803 0.000361083
75 127.008 -22.868 1.68297 -0.0280667 -0.000152242
76 129.234 -23.2883 1.7054 -0.0268421 -0.000212135
77 129.197 -22.6626 1.58929 -0.0218796 -0.000265537
78 80.4766 -5.75514 -0.357988 0.0706263 -0.00181613
79 84.231 -9.77804 0.183285 0.0430225 -0.00132378
80 99.8656 -13.9561 0.638158 0.0226035 -0.00101214
81 74.0525 -7.94481 0.0720646 0.0467253 -0.00140153
82 103.356 -17.973 1.29913 -0.0147693 -0.00031949
83 94.0937 -12.9019 0.635641 0.019045 -0.000923229
84 103.213 -14.8388 0.680087 0.0229352 -0.00105542
85 100.73 -13.5514 0.63077 0.019941 -0.00090575
86 182.146 -41.0931 3.85425 -0.135048 0.00171933
87 99.5374 -15.4071 0.943224 0.0043989 -0.0006706
88 176.281 -42.3188 4.15873 -0.154468 0.00211507
89 101.095 -15.4249 0.876571 0.0111736 -0.000839399
90 95.1508 -10.3463 0.137878 0.0500889 -0.00153525
91 102.803 -17.9527 1.31281 -0.014854 -0.000341975
92 173.837 -37.7747 3.41678 -0.110691 0.00123808
93 81.588 -9.62938 0.334632 0.0317818 -0.00112374
94 121.045 -22.2633 1.75107 -0.0355963 2.82314e-05
95 121.426 -25.7016 2.32876 -0.0678001 0.000623776
