0 54.1849 -3.68019 -0.19072 0.0538318 -0.00148969
1 61.438 -6.36666 0.187789 0.0315152 -0.00102565
2 43.4266 -1.74143 -0.374794 0.0607594 -0.00155902
3 49.3329 -3.17747 -0.208749 0.0516032 -0.00137494
4 33.697 4.34765 -1.21448 0.105095 -0.00236336
5 50.0611 -4.94569 0.0854198 0.0364014 -0.00113514
6 43.0503 -1.52608 -0.37166 0.0588018 -0.00149049
7 39.8551 1.29202 -0.829106 0.0854858 -0.00201785
8 42.2227 -2.25889 -0.292576 0.0572334 -0.00151689
9 61.1602 -4.67136 -0.159016 0.0526995 -0.00142906
10 45.9806 -0.10894 -0.715996 0.0828893 -0.00202406
11 35.6645 1.33084 -0.760534 0.079821 -0.00188232
12 47.862 -0.652104 -0.624184 0.07476 -0.00180088
13 88.8486 -17.8787 1.63304 -0.0406677 0.000228115
14 50.474 -3.05184 -0.232131 0.0515389 -0.00133099
15 43.7487 -0.68036 -0.540518 0.0702883 -0.00175227
16 50.0592 -3.61504 -0.147429 0.0480231 -0.00129117
17 38.5885 0.284841 -0.639824 0.0751112 -0.00183694
18 77.5565 -11.7814 0.772839 0.00556236 -0.000620979
19 64.6424 -6.74626 0.162525 0.0359392 -0.00115621
20 38.7479 2.22419 -0.936627 0.0894007 -0.00204265
21 67.5486 -9.12033 0.517493 0.01404 -0.000681549
22 48.6233 -3.1515 -0.159055 0.0482328 -0.00133051
23 58.6778 -4.27565 -0.142259 0.0501763 -0.00138765
24 28.4418 4.63713 -1.20039 0.10322 -0.00232029
25 31.3068 3.50414 -1.04964 0.0960705 -0.00220932
26 63.6813 -7.72885 0.297438 0.0280861 -0.000990861
27 53.4177 -1.61422 -0.519862 0.0709998 -0.00177576
28 54.8844 -3.95958 -0.12315 0.0454422 -0.00121283
29 61.8927 -5.20791 -0.0673088 0.048737 -0.00140368
30 48.9602 -1.91148 -0.425395 0.0657932 -0.00169138
31 63.2961 -4.27641 -0.18412 0.0522051 -0.00139391
32 55.8536 -2.92468 -0.43538 0.0699628 -0.00178636
33 44.2193 -1.77506 -0.454788 0.0679338 -0.00172481
34 63.1813 -9.75682 0.489368 0.0244686 -0.00103025
35 35.0634 1.26427 -0.783795 0.0813342 -0.00188261
36 63.8708 -6.86434 0.0735609 0.0431696 -0.00128947
37 46.0199 -1.87648 -0.498215 0.0723514 -0.00183216
38 61.1507 -4.7196 -0.269073 0.0647997 -0.00174276
39 51.0239 -0.951763 -0.704461 0.0846047 -0.00206618
40 52.362 -4.51958 -0.1981 0.058198 -0.00159335
41 61.9503 -6.85305 0.106143 0.040614 -0.00123687
42 76.3831 -11.6176 0.60351 0.0195601 -0.000923725
43 64.3269 -6.43956 0.00519753 0.0481616 -0.00141652
44 49.7719 -2.50067 -0.462622 0.0726578 -0.00187514
45 64.0699 -6.1517 -0.0574719 0.0502871 -0.00141403
46 54.6935 -2.94483 -0.41276 0.0674162 -0.00171773
47 69.2862 -10.1392 0.516225 0.0205041 -0.000897095
48 63.8058 -7.37049 0.143952 0.0401877 -0.00125538
49 64.2904 -7.96271 0.253026 0.0340097 -0.00115142
50 59.1459 -5.4663 -0.0531428 0.0495305 -0.00142825
51 67.7588 -8.24501 0.256548 0.0338143 -0.00113568
52 62.7131 -7.72576 0.236831 0.0326879 -0.00107292
53 39.2921 -0.126081 -0.668646 0.0785053 -0.00190098
54 59.2429 -5.54891 0.00274123 0.0423504 -0.00120665
55 61.7912 -8.39834 0.401512 0.0234231 -0.000919451
56 46.1169 -1.3581 -0.571207 0.0750617 -0.00185227
57 62.1925 -5.80701 -0.0786323 0.0535086 -0.00153543
58 62.7998 -6.64463 0.0609905 0.0456901 -0.00139528
59 75.629 -10.6578 0.580674 0.0167835 -0.000825859
60 44.0071 0.529555 -0.80865 0.0855077 -0.00200544
61 47.4322 -1.85544 -0.413386 0.0626629 -0.00157091
62 41.856 -0.154646 -0.59374 0.071128 -0.00171702
63 45.7023 -2.05231 -0.375794 0.0625523 -0.00160864
64 20.1257 7.80998 -1.64261 0.125237 -0.00267027
65 52.4298 -2.45652 -0.499422 0.073555 -0.00185123
66 15.4666 7.65801 -1.60674 0.127009 -0.00279798
67 29.9416 2.20724 -0.886726 0.0877964 -0.00204199
68 51.0276 -4.53164 -0.163216 0.0555217 -0.00153379
69 25.7309 4.46192 -1.16088 0.098446 -0.00215481
70 63.1238 -9.13439 0.457191 0.0217209 -0.000889299
71 46.4003 -0.88613 -0.572553 0.0742484 -0.00185367
72 25.245 3.02784 -0.943943 0.0893413 -0.00206057
73 67.9398 -12.4547 1.21848 -0.0365554 0.000487665
74 46.7033 -4.48886 -0.0189498 0.0436166 -0.0012895
75 53.9057 -5.29199 -0.0104955 0.0448599 -0.00131186
76 56.3052 -5.41702 -0.0198757 0.0448237 -0.00127722
77 56.2054 -6.30637 0.0945119 0.0388789 -0.00116609
78 41.3201 -0.636976 -0.616029 0.0762513 -0.00186293
79 46.5022 -3.4286 -0.227509 0.056667 -0.00153432
80 73.9894 -11.589 0.746955 0.00570963 -0.000575286
81 45.3042 -0.563779 -0.702314 0.0831966 -0.00202937
82 29.7014 1.74759 -0.861729 0.0892601 -0.00213281
83 53.9956 -4.9383 -0.055404 0.0475626 -0.00137779
84 28.3508 1.07654 -0.672241 0.0749629 -0.00180281
85 30.416 3.49346 -1.08766 0.10112 -0.00235437
86 32.8904 0.824048 -0.671031 0.0748368 -0.00178635
87 56.105 -2.17685 -0.517749 0.0742125 -0.00188668
88 46.3599 -1.96384 -0.50137 0.0745124 -0.00191755
89 69.6336 -13.7286 1.38334 -0.0401221 0.000426769
90 38.0934 0.949016 -0.779323 0.0832687 -0.00197191
91 23.0661 2.48116 -0.735862 0.0755876 -0.00179538
92 51.9795 -5.31524 0.0197957 0.0445277 -0.00134834
93 46.2757 -3.90349 -0.0246955 0.0413146 -0.00119747
94 37.0357 1.4327 -0.785562 0.081547 -0.00191636
95 24.8796 2.40304 -0.786229 0.0803487 -0.00191269
