0 151.085 -33.1272 2.99426 -0.0919003 0.000920746
1 161.076 -38.8173 3.95766 -0.152899 0.00219585
2 136.043 -27.1555 2.23018 -0.0526769 0.000213879
3 75.5469 -10.521 0.528019 0.0215855 -0.000957088
4 77.0148 -8.47336 0.10523 0.0483162 -0.00149608
5 108.279 -16.099 0.908037 0.00959316 -0.000809781
6 80.5488 -9.93864 0.327183 0.0351457 -0.00123223
7 57.416 -1.97526 -0.625085 0.0807945 -0.00199723
8 127.872 -24.2722 1.9096 -0.038533 -2.95988e-06
9 124.404 -21.5861 1.53816 -0.0191101 -0.00035696
10 59.5698 -1.89147 -0.705159 0.0875359 -0.00214498
11 122.139 -24.2183 2.11857 -0.056601 0.000406676
12 105.215 -17.0532 1.10072 -0.0011059 -0.000618264
13 90.3673 -9.63802 0.126882 0.0483613 -0.0014874
14 98.1257 -12.5047 0.446207 0.0340442 -0.00126881
15 80.7841 -9.12167 0.172813 0.0445294 -0.00142066
16 119.334 -24.1653 2.1555 -0.0611207 0.000534135
17 112.311 -17.1325 1.03931 0.00437705 -0.000749798
18 104.669 -16.6072 1.02625 0.00347283 -0.000702705
19 138.464 -27.9342 2.34512 -0.059343 0.000340741
20 102.653 -17.9321 1.28516 -0.0124003 -0.000402696
21 73.1489 -7.89303 0.0881012 0.0465346 -0.00142141
22 93.686 -14.1688 0.823204 0.0111142 -0.000822586
23 72.6874 -6.00228 -0.192242 0.0616998 -0.00170007
24 75.9248 -6.80222 -0.167805 0.0633473 -0.00176714
25 84.4721 -8.66198 0.0671739 0.05103 -0.00154681
26 64.0122 -3.57166 -0.49718 0.0787002 -0.00203709
27 105.692 -15.6188 0.856044 0.0130491 -0.000887998
28 100.611 -14.9383 0.840763 0.0118296 -0.000843325
29 140.023 -29.0782 2.57017 -0.0743239 0.000660947
30 75.2712 -7.10065 -0.0308391 0.0522181 -0.00151666
31 96.0718 -14.7794 0.913594 0.006388 -0.000738042
32 111.435 -21.6152 1.79283 -0.0385676 5.86938e-05
33 45.2741 -0.702816 -0.605687 0.075299 -0.00183456
34 52.3766 -3.82457 -0.230875 0.0584246 -0.00159021
35 42.4611 0.922611 -0.833009 0.0881175 -0.00210004
36 81.2221 -12.3762 0.708934 0.0149672 -0.00087062
37 85.1847 -13.2339 0.888062 0.00206481 -0.000585043
38 59.2714 -5.92131 0.0296591 0.0444334 -0.0013121
39 55.7687 -3.63602 -0.275225 0.0604854 -0.0016192
40 72.3461 -10.2656 0.501125 0.023122 -0.000983125
41 67.3528 -6.27786 -0.0460426 0.0520979 -0.00150889
42 96.6582 -18.8872 1.56122 -0.0305363 -3.57776e-05
43 82.0461 -12.3505 0.767091 0.00819165 -0.000681979
44 114.39 -25.9188 2.53427 -0.0835845 0.000966606
45 55.9393 -4.89141 -0.0854906 0.0506684 -0.00145156
46 58.8226 -4.84508 -0.0961021 0.0502327 -0.00142535
47 58.1402 -4.84936 -0.103727 0.0500156 -0.00140054
48 79.2525 -13.4046 1.04739 -0.0116505 -0.000264788
49 71.6587 -8.7733 0.276068 0.0358859 -0.00123024
50 55.3829 -2.97398 -0.402598 0.0682553 -0.00176946
51 60.5545 -5.09657 -0.111152 0.0506482 -0.00140171
52 55.2325 -2.54354 -0.426458 0.067537 -0.00173334
53 58.9839 -3.15463 -0.415134 0.0686375 -0.00176601
54 42.5748 0.639873 -0.772466 0.0835555 -0.00198378
55 48.2332 -1.1912 -0.546466 0.0727848 -0.00181399
56 54.5755 -2.44194 -0.513411 0.075225 -0.00191111
57 34.4517 5.48643 -1.41373 0.117676 -0.00262533
58 69.1331 -10.2196 0.635833 0.0129389 -0.00077302
59 61.7803 -5.60409 -0.0311181 0.04797 -0.00139242
60 92.3733 -14.1534 0.842459 0.00927329 -0.000777747
61 70.7572 -10.0825 0.489583 0.0237311 -0.000996128
62 108.33 -22.1922 2.01249 -0.0558422 0.000456722
63 68.64 -9.50567 0.531149 0.0173756 -0.000838194
64 88.0694 -12.3008 0.582749 0.0226367 -0.00100296
65 92.5653 -13.6119 0.623089 0.0256858 -0.0011092
66 64.1506 -4.39804 -0.40639 0.0740002 -0.00192306
67 87.8854 -15.308 1.03297 0.000125979 -0.000615753
68 112.199 -21.874 1.76246 -0.0349812 -1.52934e-05
69 126.428 -24.9091 2.02522 -0.0458809 0.00016315
70 95.6341 -15.1463 0.920973 0.00585194 -0.000677708
71 136.426 -31.6727 3.07454 -0.105291 0.00129534
72 85.4318 -13.9644 0.858767 0.00786053 -0.000732716
73 92.6546 -15.8209 1.08125 -0.00259575 -0.000561566
74 63.5918 -6.3588 -0.0426959 0.0527737 -0.00152155
75 129.734 -27.3652 2.38592 -0.0655575 0.000526422
76 85.4125 -11.6706 0.532112 0.0243393 -0.000999731
77 114.324 -20.5401 1.40241 -0.0118677 -0.00047228
78 42.7713 1.19903 -0.958623 0.097491 -0.002286
79 74.4833 -9.07998 0.207817 0.0419342 -0.00134153
80 108.006 -18.5314 1.29201 -0.0105237 -0.000452276
81 69.0276 -7.09855 -0.000251197 0.0513319 -0.00150579
82 83.4151 -13.1091 0.739948 0.0141156 -0.000841526
83 109.232 -19.0903 1.28334 -0.00650159 -0.000575718
84 106.254 -18.6263 1.26312 -0.00776676 -0.000520695
85 99.1567 -17.4199 1.24913 -0.00974327 -0.000464503
86 68.6054 -7.75274 0.0796297 0.0488548 -0.00149015
87 83.0046 -11.9078 0.599333 0.0214688 -0.000987396
88 98.6839 -16.2512 1.0211 0.00443904 -0.000744544
89 85.3691 -13.9344 0.95116 -0.000442026 -0.000535326
90 98.7197 -16.1588 1.01763 0.00440335 -0.00073806
91 93.4609 -15.4998 1.00669 0.00317435 -0.000700472
92 69.3425 -6.83484 -0.0935497 0.0602005 -0.00173788
93 74.6134 -6.41928 -0.13611 0.0584509 -0.00160588
94 146.222 -35.2234 3.5149 -0.12676 0.0016554
95 96.3898 -17.0925 1.24157 -0.00966445 -0.000461855
