0 114.193 -31.4965 3.40342 -0.124718 0.00162194
1 122.722 -33.4468 3.4638 -0.119666 0.0014038
2 145.56 -43.3079 4.99105 -0.211863 0.00330149
3 101.149 -28.7104 3.15771 -0.116106 0.0015183
4 103.256 -27.2587 2.77504 -0.0881705 0.000902271
5 115.925 -31.8428 3.33065 -0.116206 0.00139746
6 75.4576 -16.7743 1.38297 -0.0129299 -0.00051622
7 107.059 -27.6607 2.73461 -0.0827819 0.000751106
8 132.959 -38.9516 4.32787 -0.17296 0.00252801
9 89.3675 -22.107 2.10571 -0.052932 0.000246705
10 160.987 -48.6232 5.47177 -0.229505 0.0035213
11 130.135 -39.3938 4.5838 -0.195526 0.00308447
12 75.9533 -17.037 1.39463 -0.0129526 -0.000516132
13 144.065 -40.1732 4.2815 -0.163718 0.00226002
14 87.8949 -20.3571 1.82554 -0.0368011 -6.67614e-05
15 123.062 -33.4923 3.47315 -0.122259 0.00150227
16 73.6522 -15.3992 1.15521 0.00102628 -0.000806308
17 108.709 -27.6295 2.70838 -0.0807155 0.000705517
18 127.375 -34.8766 3.62814 -0.128649 0.00158372
19 124.391 -35.0872 3.88011 -0.152159 0.00217479
20 119.36 -32.4539 3.38238 -0.118414 0.00143414
21 127.569 -33.6251 3.40724 -0.115893 0.00133884
22 100.996 -25.7358 2.6112 -0.0821121 0.000823311
23 130.316 -35.7758 3.7977 -0.140772 0.00186376
24 78.8372 -16.9094 1.33395 -0.00896949 -0.000601126
25 125.301 -34.9417 3.78283 -0.142157 0.00190823
26 151.412 -45.9098 5.3086 -0.228926 0.00363254
27 156.384 -44.6173 5.03133 -0.211768 0.00327971
28 154.96 -45.0155 4.86916 -0.192102 0.00273372
29 99.9347 -24.4632 2.33958 -0.0625902 0.000380069
30 174.83 -53.314 6.13903 -0.26746 0.00426918
31 149.402 -39.7582 4.10995 -0.1503 0.0019375
32 161.839 -39.8631 3.91216 -0.134261 0.0015981
33 49.6566 -2.38609 -0.649307 0.0958906 -0.00249314
34 70.8911 -9.65165 0.215303 0.0546607 -0.00181786
35 113.064 -23.0267 1.79754 -0.0246566 -0.000411246
36 145.032 -38.2296 3.88921 -0.137501 0.00169168
37 93.165 -18.09 1.26853 0.000242877 -0.000826576
38 91.8991 -19.4277 1.4568 -0.00777048 -0.000724561
39 110.709 -24.1621 2.03357 -0.038369 -0.000154124
40 75.9164 -12.3169 0.612944 0.0302326 -0.00130467
41 76.2936 -13.2962 0.761432 0.0230612 -0.00119835
42 122.257 -30.25 2.9603 -0.0930862 0.00093914
43 132.145 -32.5109 3.02786 -0.0878301 0.000723566
44 174.838 -50.1695 5.43048 -0.220446 0.00328005
45 90.1134 -16.9286 1.06624 0.0127913 -0.00108118
46 159.353 -42.9401 4.4944 -0.170982 0.00235368
47 128.761 -31.3376 2.9653 -0.0892467 0.00081735
48 82.1107 -14.6925 0.908248 0.0168973 -0.00111004
49 111.411 -24.7306 2.09441 -0.0412224 -9.72582e-05
50 144.589 -38.3011 3.85357 -0.134303 0.00162579
51 82.0115 -15.2802 0.977283 0.0131877 -0.00103726
52 100.796 -20.1836 1.56073 -0.0162586 -0.000511025
53 134.057 -32.9242 3.15863 -0.0980822 0.000954267
54 153.485 -41.4249 4.4156 -0.171602 0.00242898
55 148.898 -37.1909 3.62936 -0.120866 0.001362
56 103.361 -19.8895 1.41009 -0.00560176 -0.00073097
57 157.274 -41.025 4.16478 -0.148653 0.00184742
58 176.874 -47.3173 4.92103 -0.188857 0.00262163
59 139.272 -37.6357 4.01577 -0.152866 0.00209935
60 74.8434 -13.6927 0.855941 0.017335 -0.00110008
61 140.389 -33.9844 3.23222 -0.101199 0.00101418
62 77.7651 -13.1742 0.773224 0.0212501 -0.00115048
63 146.458 -40.3663 4.37018 -0.171656 0.00245666
64 113.606 -27.9845 2.81955 -0.0910057 0.000973365
65 74.0613 -12.3195 0.669054 0.0280688 -0.00130453
66 104.765 -22.3613 1.93959 -0.0378917 -0.000109534
67 121.283 -27.693 2.59076 -0.0724688 0.000535587
68 138.744 -34.4539 3.28522 -0.10081 0.000961158
69 80.1819 -14.3064 0.883071 0.0177652 -0.00110372
70 105.553 -24.8313 2.35451 -0.0624294 0.00037367
71 110.379 -26.5413 2.69089 -0.0848369 0.000845156
72 84.8278 -17.0615 1.35248 -0.0102823 -0.000574341
73 101.617 -20.7201 1.63038 -0.018548 -0.000490513
74 92.3577 -16.6165 1.1845 0.00153834 -0.000822488
75 69.4842 -10.3363 0.479872 0.0337735 -0.00133685
76 127.171 -30.5021 2.76412 -0.0722993 0.000414626
77 91.7496 -19.0026 1.54161 -0.0189724 -0.000422531
78 103.456 -22.601 2.05037 -0.0469163 9.73135e-05
79 109.425 -26.402 2.50633 -0.0692609 0.000495236
80 120.001 -26.0988 2.33314 -0.0573975 0.000249693
81 63.1954 -7.55511 0.0876994 0.0535149 -0.00164207
82 124.43 -32.4671 3.47772 -0.129373 0.00173735
83 103.609 -22.6597 2.09651 -0.0509263 0.000188883
84 73.6012 -12.1417 0.613134 0.0312477 -0.0013519
85 77.8505 -13.491 0.949765 0.00987027 -0.000949117
86 73.5544 -13.0054 0.928934 0.00857832 -0.000882522
87 72.1373 -12.1269 0.774729 0.0174359 -0.00104463
88 114.975 -30.205 3.35606 -0.128859 0.00181744
89 75.8668 -12.5279 0.76182 0.0216806 -0.00118319
90 88.5888 -20.1367 1.93584 -0.0484762 0.000226636
91 114.315 -29.355 3.02673 -0.101074 0.00112596
92 57.3777 -10.124 0.736688 0.0128364 -0.000884194
93 67.1313 -9.85141 0.550332 0.0267023 -0.00119202
94 121.629 -34.3574 3.98226 -0.164294 0.00249737
95 120.937 -31.6676 3.48582 -0.131322 0.00176498
