0 114.685 -28.2184 2.68078 -0.0839116 0.000871068
1 72.5199 -13.1119 0.700508 0.0221734 -0.00110033
2 73.0848 -12.9565 0.686389 0.0215625 -0.00105956
3 140.167 -33.7877 2.97697 -0.0855834 0.00073691
4 115.926 -25.7449 2.01025 -0.0383604 -6.85816e-05
5 32.4678 1.22425 -1.01199 0.103593 -0.00243789
6 105.37 -22.6661 1.66277 -0.0200426 -0.000418867
7 39.4513 -0.517496 -0.80532 0.093248 -0.00227008
8 100.334 -22.8423 1.83401 -0.0335016 -0.000126134
9 56.6023 -4.83509 -0.370196 0.0750465 -0.00199964
10 82.4349 -15.7348 0.962267 0.00882276 -0.000844205
11 82.0634 -15.7603 0.969995 0.00905863 -0.000861085
12 150.685 -38.1392 3.52795 -0.112635 0.0011945
13 95.4643 -18.5605 1.24102 -0.00311717 -0.00066005
14 71.3514 -9.70656 0.193191 0.0477372 -0.00152664
15 26.0895 3.80538 -1.21107 0.10876 -0.00247708
16 87.5053 -17.1874 1.09388 0.00458912 -0.000809758
17 61.1024 -7.74057 -0.0182382 0.0568802 -0.00166332
18 22.433 3.81452 -1.24512 0.113423 -0.00260617
19 83.8571 -17.6484 1.3714 -0.0165918 -0.000349701
20 103.998 -20.9108 1.44946 -0.00980205 -0.000600229
21 79.0794 -14.3786 0.845079 0.013156 -0.00091061
22 81.7634 -14.9155 0.848973 0.0139493 -0.000915302
23 118.849 -26.3541 2.08912 -0.0414666 -3.39571e-05
24 75.2175 -13.9401 0.902756 0.0072345 -0.000774041
25 47.9218 -4.10587 -0.288269 0.0664136 -0.00180531
26 76.6381 -13.1131 0.669649 0.0218591 -0.00104567
27 56.7674 -6.19008 -0.179 0.0651114 -0.00182717
28 129.797 -33.1845 3.21118 -0.107676 0.0012472
29 105.945 -23.7171 1.96301 -0.0416162 4.26542e-05
30 98.5724 -22.4932 1.94042 -0.0439155 0.0001123
31 40.3462 1.24094 -1.08542 0.109586 -0.00258222
32 65.7596 -5.91297 -0.118795 0.0571404 -0.00161735
33 75.5137 -6.42764 -0.117468 0.0577116 -0.00162795
34 96.708 -17.0936 1.27521 -0.0139426 -0.000349219
35 96.806 -16.8162 1.26258 -0.0147751 -0.00031386
36 67.205 -7.10899 0.11306 0.0415055 -0.00127027
37 72.3393 -7.54127 0.125307 0.0423892 -0.00132312
38 150.811 -34.5737 3.4084 -0.122577 0.00160073
39 78.1514 -7.90168 0.0999848 0.0452087 -0.00138315
40 88.6985 -9.41793 0.133743 0.0480419 -0.00148888
41 65.2444 -3.09705 -0.465702 0.070298 -0.00174567
42 87.4364 -13.9779 0.92384 0.00252702 -0.000629846
43 51.7012 -0.367022 -0.679175 0.0789275 -0.0019124
44 90.7362 -10.6783 0.347438 0.0345522 -0.00119996
45 87.6828 -10.7641 0.370768 0.0353046 -0.00126509
46 67.3487 -5.11403 -0.195897 0.0575208 -0.00156759
47 87.4433 -11.2765 0.566676 0.0157628 -0.000736897
48 71.8015 -6.01792 -0.117303 0.0548923 -0.00154208
49 84.9285 -10.0396 0.314692 0.0367719 -0.00126808
50 107.048 -17.9625 1.3278 -0.0158647 -0.000322749
51 94.3135 -15.0284 1.06118 -0.00623648 -0.00044156
52 45.0353 2.12245 -1.00455 0.0953208 -0.00217926
53 82.5323 -9.7059 0.301323 0.0351384 -0.00120846
54 105.522 -17.3264 1.18579 -0.0073783 -0.000473287
55 62.5361 -4.47012 -0.209617 0.057302 -0.00156092
56 122.408 -23.7157 2.0067 -0.0494859 0.000272412
57 85.4214 -11.6038 0.614141 0.0184678 -0.00090806
58 57.6677 -1.87843 -0.570384 0.0768383 -0.00191182
59 58.7483 -1.99971 -0.570191 0.0769869 -0.00192098
60 99.1017 -17.1001 1.32587 -0.0201114 -0.000187503
61 54.6145 -1.99264 -0.526449 0.07439 -0.00187796
62 93.9198 -14.0102 0.886939 0.00447849 -0.000657598
63 63.828 -6.07743 0.0768303 0.0415354 -0.00127964
64 77.8731 -8.18892 0.107339 0.0451523 -0.00138083
65 65.1199 -5.14209 -0.181883 0.0576515 -0.00158015
66 51.9215 -0.269395 -0.773142 0.0872477 -0.00210008
67 64.1581 -6.59187 0.0731574 0.0436924 -0.00132719
68 94.3324 -16.8996 1.2728 -0.0140489 -0.000341297
69 84.4511 -12.6772 0.716377 0.0145795 -0.00084787
70 67.3354 -6.18449 -0.0339153 0.0499057 -0.00143954
71 64.4493 -6.13101 -0.022138 0.0502569 -0.00146443
72 56.2803 -2.88575 -0.385928 0.0645493 -0.00163431
73 117.115 -23.2977 2.02421 -0.0522113 0.000346599
74 76.6348 -9.49418 0.352009 0.0311573 -0.00111838
75 88.8247 -14.6041 0.974646 0.00116843 -0.000605709
76 70.5795 -7.07189 0.0619965 0.0475304 -0.00145162
77 57.5931 -2.96991 -0.443785 0.0701195 -0.00177494
78 83.7803 -10.7206 0.478402 0.0235986 -0.000950433
79 50.615 -1.00092 -0.565397 0.072886 -0.00180517
80 111.767 -21.2695 1.84716 -0.0474671 0.000322613
81 67.8795 -5.76727 -0.0931966 0.0529004 -0.00148872
82 75.5037 -10.1679 0.511249 0.0212494 -0.000922935
83 88.0894 -11.5895 0.532627 0.0236378 -0.000998983
84 122.066 -24.2516 2.12559 -0.0585773 0.000486119
85 71.2263 -8.54009 0.290813 0.0337288 -0.00117089
86 128.152 -26.3391 2.36167 -0.0675188 0.000589667
87 66.7121 -5.79183 -0.0755656 0.0524998 -0.00149972
88 85.1327 -11.9682 0.664309 0.0169057 -0.000897414
89 48.772 0.801911 -0.865263 0.0920437 -0.00219021
90 96.4011 -16.991 1.29865 -0.0155439 -0.000321572
91 83.7805 -9.47914 0.342721 0.0305128 -0.00108813
92 109.808 -25.2828 2.60186 -0.0922335 0.00120427
93 85.8305 -12.0246 0.735931 0.00968272 -0.000727131
94 98.5667 -18.7483 1.6626 -0.0398797 0.00019091
95 84.0324 -10.4288 0.436199 0.0300694 -0.00115419
