0 131.272 -37.3198 4.02899 -0.1509 0.00199953
1 71.8259 -16.095 1.31389 -0.00801659 -0.000645582
2 283.84 -84.7212 9.13682 -0.386034 0.00593066
3 136.516 -41.9383 4.77248 -0.197313 0.00298933
4 180.284 -52.49 5.5397 -0.214745 0.00298108
5 128.369 -33.0685 3.04622 -0.0835498 0.000570092
6 95.8702 -21.8757 1.70209 -0.0157807 -0.000649806
7 153.121 -39.3966 3.59781 -0.104867 0.000880499
8 170.784 -47.6252 4.81639 -0.173499 0.00218612
9 75.8201 -15.096 1.02681 0.0119352 -0.00105712
10 245.193 -70.3235 7.24195 -0.283524 0.0039904
11 103.376 -25.7748 2.30515 -0.0515781 6.27117e-05
12 139.598 -40.4422 4.2795 -0.157047 0.00200444
13 92.4547 -20.9822 1.65403 -0.0170218 -0.000576729
14 123.585 -32.6509 3.18995 -0.0973235 0.000879631
15 132.492 -34.39 3.21892 -0.093917 0.000787896
16 137.816 -38.77 3.98659 -0.140785 0.00172333
17 168.483 -45.5649 4.43781 -0.149795 0.00170959
18 162.781 -45.9143 4.67873 -0.168381 0.00210599
19 210.464 -57.7464 5.67938 -0.203987 0.00256534
20 236.034 -71.4194 7.8722 -0.336345 0.0052359
21 90.8121 -20.9665 1.72132 -0.0224642 -0.000461695
22 140.361 -35.7578 3.27674 -0.0920557 0.000671887
23 186.232 -52.0598 5.23752 -0.190208 0.00241776
24 280.225 -86.327 9.58622 -0.418609 0.00666287
25 215.772 -60.3972 6.03531 -0.222253 0.00288479
26 192.293 -53.9242 5.42696 -0.197341 0.00250553
27 136.011 -38.2136 3.93988 -0.139059 0.00169721
28 136.511 -39.6694 4.43624 -0.176855 0.00254385
29 129.306 -36.5751 3.90562 -0.142931 0.00182205
30 67.2065 -13.9363 1.00863 0.00776979 -0.00091064
31 91.8852 -20.929 1.6788 -0.0185345 -0.000540056
32 121.464 -35.0521 3.8178 -0.142198 0.00186665
33 86.9595 -20.9793 1.87227 -0.0342627 -0.000200799
34 118.495 -33.5644 3.51629 -0.121882 0.00143316
35 83.1647 -18.2459 1.34766 -0.00207004 -0.000832249
36 159.441 -49.0047 5.53175 -0.228725 0.00341033
37 74.9245 -16.7779 1.32849 -0.00611828 -0.000707374
38 279.597 -85.2203 9.31511 -0.398837 0.00621642
39 85.1621 -20.3777 1.82733 -0.0338402 -0.00018038
40 134.27 -43.6334 5.30216 -0.237754 0.0039272
41 121.507 -33.4459 3.36138 -0.109022 0.00112391
42 141.438 -40.1583 4.19689 -0.152355 0.00193162
43 100.118 -24.8589 2.22224 -0.0479069 -4.30281e-07
44 128.033 -36.4653 3.87513 -0.140361 0.00175754
45 91.5001 -22.5655 2.00134 -0.0389488 -0.000135161
46 106.319 -28.1451 2.74404 -0.0794092 0.00063442
47 94.6094 -22.5226 1.94146 -0.0358888 -0.000178088
48 153.372 -46.8295 5.2647 -0.218487 0.0033111
49 119.242 -33.1731 3.38299 -0.111916 0.00121029
50 103.721 -27.44 2.66822 -0.0756462 0.000555451
51 135.418 -38.4294 4.11702 -0.154404 0.00205419
52 128.552 -37.5956 4.10505 -0.156011 0.00210882
53 187.935 -57.4609 6.44262 -0.272421 0.00419148
54 217.293 -65.0683 7.09114 -0.294107 0.00442491
55 228.398 -66.9854 7.1245 -0.289865 0.00428287
56 160.545 -49.9703 5.76922 -0.248579 0.00391097
57 119.279 -32.2421 3.26562 -0.106323 0.001119
58 202.645 -57.3679 5.86065 -0.220296 0.00293315
59 160.593 -44.9841 4.59884 -0.165207 0.00205703
60 251.705 -75.1331 8.05447 -0.333204 0.00499812
61 186.507 -53.4774 5.59786 -0.215309 0.00295338
62 65.9074 -14.5791 1.17406 -0.00282241 -0.000700346
63 140.828 -43.6375 5.10474 -0.218027 0.00339777
64 133.9 -37.1117 4.0461 -0.157146 0.00221077
65 151.8 -41.3372 4.49493 -0.179649 0.00263907
66 117.611 -27.6166 2.44787 -0.0571721 0.000140326
67 80.9623 -16.5674 1.31208 -0.00861581 -0.000604545
68 178.034 -47.9308 4.80361 -0.173421 0.00220592
69 165.765 -42.7511 4.04892 -0.131626 0.00141419
70 134.526 -34.9974 3.47562 -0.115853 0.00129953
71 89.8401 -18.1272 1.42559 -0.012511 -0.000539489
72 84.4975 -19.3035 1.79324 -0.0384906 8.7823e-06
73 92.6702 -20.6792 1.82183 -0.0357349 -9.5148e-05
74 125.76 -32.2345 3.14872 -0.0988143 0.000985233
75 66.5465 -8.74753 0.134957 0.0569179 -0.00182859
76 161.102 -43.2208 4.36219 -0.155955 0.00194947
77 123.359 -31.2099 3.02622 -0.0942961 0.00092707
78 173.369 -49.5245 5.3513 -0.215707 0.00317817
79 105.497 -23.4352 2.09945 -0.047358 7.83685e-05
80 101.54 -24.742 2.43821 -0.0721958 0.000642888
81 90.4592 -19.6383 1.59029 -0.0191927 -0.000459723
82 137.875 -41.4334 4.84871 -0.212379 0.00346681
83 44.9066 -5.49336 0.0777801 0.0489394 -0.00155725
84 135.756 -34.5983 3.52614 -0.124505 0.00155155
85 105.533 -27.3279 2.90963 -0.10136 0.00123272
86 74.9836 -18.2691 2.14438 -0.0804349 0.00116111
87 108.558 -25.5517 2.38456 -0.0622776 0.000346685
88 93.8909 -22.9703 2.31347 -0.0680957 0.000587225
89 104.056 -26.0433 2.61974 -0.0795523 0.000729305
90 74.3308 -16.1384 1.40528 -0.0180028 -0.000374855
91 99.9986 -24.1042 2.30991 -0.0620004 0.000393307
92 118.648 -34.1734 3.93042 -0.160895 0.0024155
93 87.9366 -21.1088 2.11452 -0.058674 0.000423056
94 79.4679 -18.0268 1.72358 -0.0376669 2.46915e-05
95 116.158 -29.4523 3.14261 -0.113702 0.00146738
