0 148.849 -38.2869 4.3634 -0.185516 0.0029574
1 175.293 -47.1167 5.16321 -0.209372 0.00308331
2 146.605 -36.5572 3.65667 -0.124205 0.00143136
3 146.04 -36.4724 3.74497 -0.131465 0.00158422
4 132.873 -30.7743 2.93624 -0.086051 0.000704029
5 129.829 -30.4883 3.04645 -0.0982794 0.00102113
6 154.393 -40.5805 4.34411 -0.166992 0.00231128
7 137.718 -32.7165 3.22689 -0.104225 0.00108808
8 108.939 -21.8296 1.83282 -0.0301645 -0.000287692
9 109.942 -23.1136 2.11626 -0.0496155 0.000127978
10 134.536 -31.4897 2.96935 -0.0860455 0.000682787
11 139.542 -32.9936 3.20772 -0.100507 0.000983172
12 134.375 -34.7223 3.94456 -0.162923 0.00250255
13 156.74 -39.832 4.11903 -0.150045 0.00192437
14 108.707 -22.2924 1.86598 -0.0317751 -0.0002514
15 158.839 -38.9941 3.9834 -0.144454 0.00185235
16 145.319 -39.3763 4.55869 -0.196431 0.00315614
17 122.489 -26.6867 2.4862 -0.0656391 0.000372589
18 136.115 -29.9397 2.74975 -0.0754252 0.000508796
19 155.681 -39.1756 4.0236 -0.145265 0.00184385
20 185.265 -51.8958 5.96729 -0.262975 0.00427541
21 155.214 -39.6045 4.32586 -0.172654 0.00252001
22 118.998 -22.6185 1.78218 -0.0232 -0.000474191
23 125.383 -26.8314 2.43059 -0.0622173 0.000323303
24 109.755 -20.5047 1.61038 -0.0194899 -0.000444558
25 154.964 -40.4012 4.43552 -0.177954 0.0026122
26 153.482 -37.4366 3.70001 -0.123817 0.00137894
27 164.895 -41.7494 4.34085 -0.161369 0.00212371
28 173.705 -45.7455 4.99294 -0.203152 0.00302412
29 137.797 -28.796 2.57522 -0.0656934 0.000327572
30 141.897 -34.5919 3.59636 -0.128731 0.00161076
31 92.4348 -13.6183 0.696021 0.0298026 -0.00138225
32 102.925 -23.4522 2.06355 -0.0435746 -8.10279e-06
33 73.0029 -11.1422 0.414995 0.0440511 -0.0016178
34 155.294 -42.9708 4.62822 -0.181849 0.00259639
35 54.3611 -7.03919 0.0145578 0.0610952 -0.00188643
36 106.898 -24.6643 2.12049 -0.0426274 -8.83599e-05
37 121.409 -29.9119 2.80088 -0.0792919 0.000606359
38 55.2436 -7.17941 0.0207143 0.0617653 -0.00190051
39 73.6887 -11.441 0.549482 0.0320628 -0.00132613
40 119.731 -29.9185 2.83259 -0.0813512 0.000644412
41 92.7989 -19.9849 1.55942 -0.0155661 -0.000534297
42 90.7022 -17.0703 1.07871 0.0118389 -0.00104835
43 135.372 -34.6074 3.35536 -0.106747 0.00109638
44 133.879 -36.6048 3.85769 -0.142745 0.00187924
45 89.5667 -19.8073 1.62387 -0.0223727 -0.000368215
46 63.394 -7.49839 -0.0765595 0.0695888 -0.00205748
47 50.2634 -5.22446 -0.142096 0.06481 -0.00187748
48 138.477 -35.6729 3.58912 -0.123803 0.001476
49 182.943 -53.7486 5.95069 -0.249572 0.00382948
50 76.2255 -14.9024 1.04639 0.00622117 -0.000879066
51 86.4045 -15.8582 1.05721 0.00771121 -0.000917743
52 142.886 -39.7072 4.25536 -0.162985 0.00224317
53 101.326 -23.1847 2.0344 -0.0429366 -1.38926e-05
54 66.4732 -10.8013 0.44956 0.0395225 -0.00150474
55 100.512 -23.9934 2.18083 -0.0516233 0.000159971
56 144.103 -37.3606 3.75231 -0.131094 0.00159652
57 95.0041 -21.8313 1.89383 -0.0354892 -0.000149219
58 99.5636 -22.0077 1.8963 -0.0352079 -0.000166199
59 106.264 -25.7732 2.45742 -0.0676391 0.000466271
60 126.288 -30.0337 2.77824 -0.077532 0.000565667
61 115.28 -26.6428 2.37733 -0.0583102 0.000238518
62 35.8232 0.830196 -0.905431 0.103033 -0.00253198
63 69.4217 -12.5309 0.82221 0.0151106 -0.000997555
64 114.228 -30.5069 3.08495 -0.100648 0.00108341
65 175.75 -47.9132 4.70719 -0.163012 0.00193436
66 99.0095 -28.5785 3.32229 -0.134561 0.00204213
67 136.044 -36.3395 3.55686 -0.115146 0.00121221
68 128.669 -36.7182 3.96229 -0.149629 0.00202037
69 99.5006 -26.9461 2.69459 -0.0811504 0.000728564
70 47.4088 -7.16097 0.129802 0.0543087 -0.00176689
71 46.4182 -6.267 0.100224 0.0522079 -0.00169394
72 63.1872 -13.1607 0.963257 0.00803907 -0.000893069
73 107.229 -29.7688 3.15265 -0.109076 0.00129305
74 186.335 -53.5921 5.58109 -0.213583 0.00292417
75 85.008 -19.4609 1.53601 -0.0142692 -0.000566779
76 194.403 -57.1976 6.08779 -0.242428 0.00349816
77 69.2281 -15.8533 1.29588 -0.00921373 -0.000572275
78 30.4754 -1.14359 -0.524656 0.08129 -0.00212732
79 125.084 -34.1431 3.36342 -0.107215 0.00109856
80 78.7731 -19.2582 1.81511 -0.0396612 2.77204e-05
81 60.5565 -13.0631 1.03778 0.00119374 -0.000732038
82 46.9131 -6.85444 0.137689 0.0509394 -0.00166472
83 80.4835 -19.4943 1.69031 -0.0281093 -0.000234919
85 152.33 -44.9608 4.87805 -0.190434 0.00266606
86 38.2106 -5.19596 0.0478431 0.0506409 -0.00157245
87 57.3747 -11.4745 0.761644 0.0188787 -0.00109129
88 102.762 -28.2759 2.89071 -0.0918475 0.000923175
89 130.889 -35.9529 3.59106 -0.116624 0.00121496
90 83.5597 -20.2158 1.71036 -0.0242705 -0.000385436
91 122.047 -34.8767 3.56732 -0.119989 0.00134104
92 190.113 -60.32 6.99315 -0.309456 0.00501539
93 85.8076 -21.4302 2.14703 -0.0576184 0.000338423
94 68.1245 -16.1813 1.44824 -0.0192557 -0.000377712
95 44.3088 -9.62901 0.795975 0.00824108 -0.000785421
