0 89.0174 -8.68494 -0.0528407 0.0596763 -0.00171564
1 112.753 -15.8405 0.727135 0.0237268 -0.00112025
2 84.8618 -10.7052 0.41442 0.02977 -0.00111458
3 155.431 -33.5374 3.04896 -0.0985769 0.0011178
4 127.874 -23.1862 1.67989 -0.0264674 -0.000189906
5 102.564 -13.6473 0.580727 0.0258076 -0.00108647
6 110.669 -17.4044 1.01672 0.00689017 -0.000800538
7 124.15 -23.0213 1.76502 -0.0333682 -5.00037e-05
8 83.0064 -8.10908 -0.027106 0.0543386 -0.00155298
9 97.6919 -13.2173 0.554142 0.0277262 -0.00113368
10 111.117 -17.4504 1.0217 0.00603135 -0.000774028
11 116.489 -17.701 1.01975 0.0063121 -0.000779507
12 101.698 -13.9115 0.658811 0.0207429 -0.00098165
13 82.1094 -7.67094 -0.0728436 0.0562115 -0.00158478
14 89.9224 -11.9734 0.512284 0.0262221 -0.00106507
15 106.448 -16.6707 1.00728 0.00386202 -0.000695455
16 120.59 -23.3855 1.93916 -0.0458871 0.000207852
17 102.211 -13.98 0.633553 0.0232061 -0.00103786
18 91.4682 -11.021 0.336642 0.0356183 -0.00122016
19 104.431 -17.2235 1.18331 -0.00873519 -0.000426997
20 94.0967 -11.1458 0.272972 0.042676 -0.00140674
21 92.5358 -10.8109 0.257542 0.041752 -0.00136304
22 75.233 -5.41409 -0.369555 0.0722559 -0.00188725
23 132.577 -24.1214 1.89263 -0.0403616 8.23874e-05
24 116.972 -17.6356 0.971903 0.00940315 -0.000822492
25 110.721 -17.9944 1.1727 -0.00408799 -0.00057216
26 100.213 -14.749 0.84773 0.0091196 -0.000752663
27 89.89 -11.2979 0.396163 0.0331341 -0.00119244
28 106.359 -17.2824 1.13244 -0.00368474 -0.000553193
29 101.959 -16.6545 1.11767 -0.00483862 -0.000505571
30 103.663 -16.8602 1.12328 -0.00450084 -0.000528552
31 85.1025 -8.34273 0.0205976 0.0523606 -0.0015446
32 69.6151 -9.54039 0.407814 0.0300251 -0.00113427
33 111.403 -19.2637 1.37016 -0.0115735 -0.000485224
34 71.23 -6.8204 -0.0685491 0.0568541 -0.00161733
35 90.2048 -13.8817 0.809016 0.0138549 -0.000904774
36 132.693 -29.227 2.72266 -0.083994 0.000853833
37 129.171 -26.3325 2.29896 -0.0613841 0.000446903
38 103.974 -17.2436 1.10098 0.00401438 -0.00078889
39 84.2726 -11.594 0.533495 0.0262907 -0.00109343
40 138.112 -30.1255 2.72828 -0.0809931 0.000768634
41 111.266 -20.246 1.45903 -0.0150056 -0.000427641
42 101.436 -16.8409 1.14414 -0.00259722 -0.000609358
43 97.7399 -16.7139 1.14294 -0.00267346 -0.000597784
44 108.974 -19.6365 1.39728 -0.0126523 -0.000454562
45 82.0875 -11.5422 0.499845 0.0296892 -0.00116929
46 85.0234 -11.7777 0.493847 0.029783 -0.00115897
47 76.0538 -10.4211 0.474197 0.0274588 -0.00109456
48 113.158 -17.8403 1.11171 0.00202954 -0.000712068
49 101.681 -16.7772 1.09828 8.97385e-05 -0.000659362
50 75.3993 -8.34035 0.131001 0.0470207 -0.0014609
51 101.162 -15.0638 0.820851 0.0165162 -0.000982304
52 67.8902 -5.56062 -0.24633 0.0666173 -0.00181148
53 82.7957 -11.2023 0.502743 0.0268234 -0.0010869
54 90.804 -13.8352 0.798146 0.0140242 -0.000893237
55 133.663 -29.1053 2.62353 -0.0758799 0.000671916
56 95.481 -13.9947 0.715937 0.0205385 -0.00103225
57 55.4955 -3.16773 -0.446851 0.0740983 -0.00190615
58 113.029 -20.4346 1.52917 -0.0195928 -0.000339392
59 117.278 -20.655 1.52679 -0.0193913 -0.000336401
60 124.241 -25.9299 2.31059 -0.0639309 0.000513769
61 96.5922 -17.2616 1.29021 -0.0126837 -0.000397532
62 100.396 -18.3586 1.41829 -0.018815 -0.000291744
63 47.9235 -1.14652 -0.607211 0.0795669 -0.00197531
64 82.493 -8.3984 0.0492666 0.0512762 -0.00153287
65 96.7312 -13.001 0.651312 0.0176225 -0.00087146
66 76.3809 -6.05308 -0.107101 0.051981 -0.00142335
67 91.0069 -12.5596 0.711558 0.0121705 -0.000761175
68 110.544 -20.7233 1.62649 -0.0285497 -0.000115299
69 92.2981 -12.5387 0.617362 0.019708 -0.000917324
70 93.296 -12.4798 0.609454 0.0194107 -0.000892494
71 131.706 -24.7875 2.0985 -0.0549141 0.000394973
72 137.033 -25.9465 2.13234 -0.0523785 0.0002959
73 102.516 -14.6594 0.785787 0.0138947 -0.000843873
74 99.2127 -13.7219 0.76451 0.0121506 -0.000782451
75 92.048 -12.8039 0.736466 0.00998172 -0.000705386
76 134.566 -24.7125 2.0116 -0.0478771 0.000233815
77 108.707 -18.6722 1.42885 -0.0238759 -0.000117712
78 96.6567 -15.1912 1.01525 -0.00186481 -0.000534369
79 102.161 -16.7075 1.22203 -0.0127907 -0.00034542
80 98.5791 -12.9239 0.597453 0.0222291 -0.00098052
81 115.474 -19.0541 1.32109 -0.013225 -0.000367823
82 100.745 -14.2574 0.814346 0.0103496 -0.000777564
83 85.9578 -12.4045 0.770923 0.00644406 -0.000633249
84 87.1838 -11.0795 0.514415 0.0213651 -0.00091054
85 102.372 -16.8058 1.24761 -0.0139482 -0.00032926
86 88.9514 -13.01 0.822292 0.00534981 -0.00063575
87 103.734 -17.33 1.30179 -0.0173678 -0.000250746
88 81.2861 -10.7603 0.532462 0.021145 -0.000925232
89 80.6692 -7.36755 0.0373848 0.0473704 -0.00140376
90 96.0877 -12.21 0.601403 0.02021 -0.000951008
91 103.289 -18.0855 1.3958 -0.0215965 -0.000185575
92 156.204 -33.5892 3.19842 -0.109997 0.0013639
93 77.1871 -7.02978 0.0131273 0.0488361 -0.00145091
94 125.083 -21.8229 1.71865 -0.0345363 4.75847e-06
95 118.094 -23.6501 2.19752 -0.0655572 0.000639146
