0 182.797 -48.5734 5.3721 -0.224574 0.00350893
1 149.758 -37.7716 4.23365 -0.17323 0.00264432
2 183.254 -49.0187 5.43658 -0.227462 0.00353802
3 149.919 -38.7461 4.42753 -0.186985 0.00296062
4 136.884 -33.003 3.67702 -0.148673 0.00229347
5 190.872 -50.9942 5.61276 -0.234427 0.00363296
6 143.843 -35.4305 3.95408 -0.160689 0.00246924
7 114.862 -23.6836 2.28452 -0.0654731 0.000571091
8 123.854 -25.427 2.20887 -0.046726 -3.03428e-06
9 212.272 -56.773 6.09968 -0.250961 0.00383132
10 119.951 -26.4334 2.63672 -0.0827867 0.000882453
11 128.366 -28.7085 2.917 -0.09742 0.00113752
12 152.946 -35.5517 3.40868 -0.106731 0.00107275
13 181.112 -46.4289 4.93156 -0.195034 0.0028572
14 129.652 -28.3101 2.70785 -0.0807017 0.000754594
15 132.76 -30.3625 3.17891 -0.115424 0.00154609
16 126.099 -25.0986 2.32099 -0.0630506 0.00047981
17 159.494 -41.266 4.6367 -0.196507 0.00315634
18 152.691 -36.7116 3.79008 -0.140805 0.00194145
19 108.575 -19.6243 1.63247 -0.0258258 -0.000250705
20 178.567 -46.5144 5.08251 -0.208843 0.00319864
21 145.324 -31.9891 2.91814 -0.0812777 0.000615804
22 115.376 -22.47 1.9904 -0.0440928 8.68696e-05
23 138.347 -32.2872 3.38583 -0.123371 0.0016461
24 114.353 -22.0289 1.91147 -0.0390054 -2.26276e-05
25 122.42 -25.3217 2.33572 -0.0619815 0.000425025
26 138.817 -32.7357 3.45813 -0.127406 0.00172279
27 160.695 -40.6144 4.41611 -0.177998 0.00268184
28 161.497 -41.2905 4.53427 -0.18545 0.00284262
29 210.164 -56.924 6.30385 -0.270324 0.00431586
30 159.047 -40.4274 4.50421 -0.186554 0.00289297
31 228.385 -66.2777 7.78616 -0.362397 0.00628656
32 160.338 -37.155 3.40803 -0.100162 0.000867784
33 175.663 -44.8863 4.57021 -0.167115 0.00217918
34 204.917 -55.1069 5.86556 -0.236074 0.00348971
35 187.123 -49.547 5.25287 -0.208611 0.00304814
36 245.009 -62.9826 6.16295 -0.227128 0.0030035
37 201.835 -56.3471 6.26177 -0.270225 0.00434862
38 137.137 -30.815 2.79684 -0.0750238 0.000491277
39 200.612 -50.9134 5.0256 -0.181271 0.0023305
40 222.071 -62.4268 6.91933 -0.299717 0.00482278
41 202.229 -56.2185 6.27739 -0.271917 0.00438208
42 209.297 -56.9794 6.13256 -0.253077 0.00385917
43 176.459 -47.3142 5.14317 -0.2129 0.00330415
44 299.12 -84.1335 9.04228 -0.386131 0.00607342
45 426.923 -119.888 12.5843 -0.536854 0.00840535
46 182.699 -44.3373 4.25905 -0.145081 0.00172341
47 197.937 -51.2357 5.292 -0.205053 0.00289655
48 301.74 -84.9394 9.14175 -0.393663 0.00626178
49 243.778 -68.4858 7.53858 -0.327054 0.00526316
50 239.196 -67.5922 7.52649 -0.329461 0.00533253
51 266.317 -69.7623 6.96637 -0.266074 0.00366097
52 385.194 -110.384 11.88 -0.517077 0.00826627
53 227.912 -63.1648 6.88007 -0.292507 0.00460669
54 182.777 -46.7161 4.77452 -0.179098 0.00243089
55 220.759 -62.6052 7.03472 -0.309592 0.00506121
56 225.109 -64.1568 7.23733 -0.322565 0.00535952
57 228.462 -64.3259 7.13659 -0.309134 0.00494321
58 182.243 -47.5856 5.05339 -0.200765 0.0029298
59 255.456 -66.0503 6.49129 -0.241308 0.00320246
60 235.911 -66.8266 7.45848 -0.328068 0.00535025
61 178.293 -44.7226 4.44079 -0.157682 0.00196585
62 192.128 -55.2222 6.42755 -0.294345 0.0050751
63 211.09 -56.1598 5.86638 -0.232968 0.00338257
64 753.751 -218.718 23.1827 -1.02597 0.0166733
65 670.825 -191.331 19.8662 -0.851592 0.0133583
66 474.808 -135.249 14.1442 -0.601802 0.0093908
67 1099.23 -306.001 30.9239 -1.31295 0.0204239
68 152.287 -37.327 3.48387 -0.103806 0.000942575
69 263.819 -75.4311 8.1365 -0.344269 0.00538271
70 187.871 -51.8947 5.56714 -0.225372 0.00339568
71 611.452 -179.903 19.3549 -0.859305 0.0139855
72 316.418 -85.9223 8.60571 -0.335116 0.00474368
73 449.531 -127.713 13.3006 -0.560382 0.00865267
74 453.63 -122.624 12.0403 -0.471357 0.00669999
75 764.621 -218.083 22.6748 -0.981979 0.0156031
76 389.76 -112.453 12.0318 -0.521741 0.00834468
77 604.69 -172.299 17.9665 -0.77362 0.012225
78 459.121 -129.087 13.2725 -0.551384 0.00837812
79 245.917 -71.4241 7.883 -0.339942 0.00542893
80 210.077 -59.4582 6.46158 -0.270432 0.00420765
81 224.328 -64.6483 7.13311 -0.307497 0.00493526
82 164.139 -39.1766 3.45936 -0.0936467 0.000643076
83 420.221 -122.755 13.2515 -0.582726 0.00943204
84 384.407 -111.902 12.077 -0.531106 0.00865128
85 210.872 -61.7159 7.0106 -0.309084 0.00506977
86 130.874 -31.0627 2.90863 -0.0808011 0.000588146
87 291.225 -81.653 8.55309 -0.350907 0.00528648
88 296.57 -84.1669 8.87765 -0.369449 0.00568143
89 202.506 -58.0493 6.40375 -0.26912 0.00419483
90 336.818 -97.534 10.4797 -0.448737 0.00705431
91 343.069 -93.6447 9.35898 -0.364926 0.00515416
92 358.082 -104.654 11.317 -0.49081 0.0078362
93 354.744 -102.744 11.0071 -0.470313 0.00736894
94 327.273 -94.0442 10.0344 -0.426379 0.00666271
95 141.643 -38.1463 4.05884 -0.151296 0.0020396
