0 22.0087 5.22545 -1.13572 0.0989053 -0.00220336
1 83.3493 -14.8828 1.11416 -0.00377056 -0.000577432
2 137.777 -28.8636 2.45162 -0.0577241 0.000205063
3 97.952 -22.4224 2.21138 -0.0652889 0.000605941
4 136.086 -28.4074 2.36109 -0.0520574 9.51613e-05
5 95.777 -17.587 1.34266 -0.0109014 -0.000515362
6 135.057 -29.3472 2.61764 -0.0701862 0.000478655
7 114.947 -25.3913 2.35948 -0.0664697 0.00054991
8 117.963 -22.8711 1.80752 -0.0280509 -0.000283336
9 125.856 -26.142 2.17037 -0.0452026 8.2146e-06
10 135.713 -31.2743 2.92724 -0.0879433 0.000820914
11 132.983 -30.9926 3.06648 -0.102824 0.00120603
12 84.3918 -13.1512 0.769832 0.0171139 -0.000984793
13 138.586 -33.0502 3.23339 -0.107553 0.00123842
14 116.24 -27.0992 2.61448 -0.0801663 0.000797272
15 154.812 -40.1675 4.21978 -0.16381 0.00235528
16 161.383 -41.5657 4.45119 -0.180163 0.00274238
17 137.165 -31.1137 2.8817 -0.0853856 0.000780904
18 161.228 -41.8071 4.39711 -0.170578 0.00243511
19 162.892 -42.4519 4.58133 -0.185343 0.00278964
20 111.558 -23.041 1.94009 -0.0386696 -5.00822e-05
21 81.973 -13.0549 0.808888 0.0147322 -0.000952701
22 148.102 -36.2696 3.56594 -0.121682 0.00145509
23 162.95 -41.7517 4.39172 -0.170925 0.00244538
24 151.035 -36.121 3.54017 -0.121842 0.00148781
25 137.09 -31.5497 3.07241 -0.10162 0.00117249
26 138.887 -33.4391 3.37809 -0.119 0.00150381
27 137.8 -32.9033 3.26374 -0.110304 0.00129448
28 151.831 -37.7654 3.84013 -0.139156 0.00181812
29 106.522 -19.3598 1.42973 -0.0113381 -0.000557108
30 146.12 -36.4543 3.82843 -0.145221 0.0020226
31 118.468 -25.6198 2.35627 -0.0644683 0.000477267
32 70.9545 -13.1596 0.921388 0.00854189 -0.000846624
33 45.5663 -2.33821 -0.508785 0.0818944 -0.00213197
34 124.369 -34.0397 3.81493 -0.15488 0.00236253
35 128.89 -33.6907 3.5509 -0.132181 0.00180595
36 129.705 -31.2208 3.01056 -0.0947063 0.000977121
37 109.086 -28.1732 2.8502 -0.0930797 0.00103071
38 138.727 -38.4737 4.28681 -0.175555 0.00268969
39 107.224 -25.3149 2.42649 -0.070377 0.000612728
40 118.588 -32.8141 3.6813 -0.149873 0.002311
41 94.4484 -20.3252 1.74224 -0.0326291 -0.000107189
42 136.079 -36.4804 3.75094 -0.135258 0.00175446
43 139.206 -38.2252 4.06666 -0.156201 0.0022124
44 91.4448 -21.2756 1.94119 -0.0444215 0.00012198
45 82.6283 -15.3873 1.12895 -0.00217552 -0.000629144
46 137.013 -37.7337 4.09552 -0.160931 0.00232769
47 147.565 -39.0895 4.12132 -0.157877 0.00222184
48 148.699 -38.2989 4.0109 -0.153641 0.00218285
49 99.5523 -21.0037 1.75756 -0.0301241 -0.000195918
50 134.437 -32.869 3.22237 -0.106597 0.00121328
51 143.808 -38.2924 3.98764 -0.148523 0.00200437
52 127.892 -34.929 3.80524 -0.14959 0.00218923
53 103.033 -24.0154 2.3217 -0.0680069 0.000612316
54 162.992 -43.6931 4.59301 -0.177908 0.00252377
55 133.031 -36.6874 4.00179 -0.158915 0.00234899
56 82.0554 -14.5027 0.950478 0.00985806 -0.000894526
57 53.1052 -6.25826 0.0932383 0.0453704 -0.00137015
58 142.579 -39.6543 4.46004 -0.18623 0.00290261
59 113.843 -26.9339 2.65745 -0.0831121 0.00085061
60 118.103 -28.6893 2.8313 -0.0914944 0.0010054
61 38.3151 -0.99663 -0.593591 0.0841592 -0.00216571
62 114.359 -27.2905 2.66856 -0.0822169 0.000815352
63 104.698 -22.6633 2.02861 -0.0474216 0.000158754
64 142.209 -35.2825 3.61004 -0.132923 0.00181449
65 107.121 -19.7138 1.46013 -0.0120671 -0.000544769
66 168.725 -44.5286 4.82266 -0.198498 0.00307311
67 159.642 -42.3502 4.55007 -0.184161 0.00281005
68 137.444 -31.4156 2.89521 -0.0839205 0.000728433
69 117.088 -24.0807 1.95829 -0.0371874 -8.80801e-05
70 159.297 -39.493 3.95955 -0.14369 0.00190033
71 143.526 -34.9164 3.47214 -0.119576 0.00146143
72 183.958 -49.0942 5.29247 -0.217999 0.00336148
73 105.72 -19.9564 1.38672 -0.00441626 -0.000704049
74 138.304 -33.9628 3.45748 -0.122802 0.00157446
75 145.479 -34.9486 3.47001 -0.120933 0.00151412
76 127.855 -29.0567 2.74259 -0.082506 0.000789475
77 117.084 -24.3366 1.98725 -0.0383235 -6.35447e-05
78 127.061 -28.3959 2.64829 -0.0783676 0.000730815
79 145.937 -36.2198 3.71855 -0.13577 0.0018041
80 88.2997 -15.384 1.04549 0.00453172 -0.000779849
81 19.2036 6.87566 -1.34832 0.107808 -0.00232061
82 19.6236 6.95354 -1.33388 0.110486 -0.00182384
83 141.117 -33.2321 3.25566 -0.109032 0.00127813
84 111.971 -23.9492 2.12103 -0.0513439 0.000238202
85 141.229 -34.0577 3.40037 -0.117069 0.0014258
86 147.305 -34.269 3.39274 -0.116992 0.00143798
87 138.861 -33.9869 3.40378 -0.117074 0.00142155
88 123.499 -26.7707 2.34399 -0.0565904 0.000238641
89 107.456 -23.9153 2.27369 -0.0629179 0.00048579
90 145.855 -38.2909 4.19784 -0.170729 0.00261061
91 165.411 -44.8024 4.90524 -0.201648 0.00307837
92 148.26 -39.4455 4.3197 -0.174924 0.00265201
93 112.211 -22.6893 2.00981 -0.047114 0.000166494
94 153.702 -40.4253 4.42693 -0.180595 0.00276181
95 146.708 -36.9774 3.91409 -0.149511 0.00210707
