0 64.7119 -8.15782 0.322282 0.0319939 -0.00111915
1 77.6234 -15.2987 1.26365 -0.0156736 -0.00028469
2 67.3863 -13.4754 1.14719 -0.0144602 -0.000221985
3 50.9825 -6.99678 0.348059 0.0251917 -0.000926931
4 52.777 -8.10136 0.552684 0.0116781 -0.000633531
5 64.8828 -12.8209 1.14167 -0.0164349 -0.000176057
6 77.2615 -16.8159 1.63428 -0.0425424 0.000317221
7 44.5014 -3.40608 -0.0966655 0.0467884 -0.00129614
8 51.2344 -7.48593 0.443676 0.0200301 -0.000828297
9 64.9118 -11.9556 1.00165 -0.00921033 -0.000293611
10 63.6817 -11.9796 1.09656 -0.0174056 -0.00010427
11 58.9006 -9.43577 0.658882 0.0083536 -0.000602034
12 69.0541 -15.0982 1.48286 -0.0360159 0.0002068
13 79.1337 -17.3249 1.69502 -0.0458627 0.000380691
14 74.7385 -15.4772 1.39713 -0.0279324 1.65733e-05
15 60.6323 -10.1057 0.75407 0.00230989 -0.000479858
16 84.4928 -20.0781 2.08708 -0.067526 0.000789654
17 84.9722 -20.3427 2.09527 -0.0667931 0.000764668
18 83.0092 -19.3146 1.95321 -0.059215 0.000628148
19 51.7513 -6.43188 0.328772 0.0223442 -0.000812002
20 49.404 -8.24675 0.671698 0.00215765 -0.0004153
21 63.0429 -11.1996 0.930887 -0.00674528 -0.000323438
22 67.3595 -11.8367 0.942895 -0.00535739 -0.000371473
23 53.1171 -6.9585 0.345491 0.0240932 -0.000891551
24 68.0996 -11.2055 0.837809 -0.000272753 -0.000445806
25 61.7402 -10.2697 0.767425 0.00243303 -0.000501297
26 72.9257 -14.4414 1.32592 -0.0266927 3.46148e-05
27 75.2317 -13.2927 1.03523 -0.0087643 -0.000315978
28 67.7343 -13.273 1.15928 -0.0160579 -0.000200845
29 77.8145 -15.3032 1.34539 -0.0246201 -4.85433e-05
30 77.908 -14.4207 1.2515 -0.0212816 -8.33064e-05
31 79.4767 -15.2997 1.34941 -0.0264133 1.48981e-05
32 68.8275 -12.8396 0.916036 0.00240143 -0.000588989
33 58.3395 -10.478 0.726707 0.00996226 -0.000728202
34 58.8805 -11.3164 0.93571 -0.00543717 -0.000379404
35 21.9107 0.349899 -0.484787 0.0663835 -0.00167314
36 58.3167 -10.5757 0.712897 0.0104426 -0.000717699
37 58.8061 -11.3895 0.835238 0.00387905 -0.000599555
38 55.3619 -9.61306 0.696717 0.00754593 -0.000622477
39 34.1891 -2.75168 -0.148781 0.0498275 -0.00136309
40 54.9378 -9.2574 0.569 0.0152831 -0.000755917
41 58.9116 -11.1827 0.871781 -0.00154576 -0.00045332
42 66.9367 -13.9697 1.20762 -0.0184153 -0.000146067
43 55.9604 -9.35644 0.609358 0.0125044 -0.00071301
44 44.973 -5.73316 0.234882 0.0291626 -0.000976657
45 64.2534 -13.115 1.1626 -0.0189735 -0.000100335
46 55.6538 -10.6701 0.852441 -0.00174136 -0.000439691
47 66.5016 -14.3897 1.31556 -0.0263742 2.96797e-05
48 53.3751 -8.56858 0.5538 0.0135206 -0.000700368
49 68.7584 -14.9221 1.32175 -0.023929 -5.24229e-05
50 52.36 -10.2934 0.890601 -0.00802749 -0.000248071
51 35.5713 -1.97826 -0.241364 0.0517423 -0.00134756
52 42.3627 -2.98568 -0.206667 0.0543663 -0.00146826
53 47.7136 -6.82681 0.367079 0.0221432 -0.000847791
54 50.9361 -8.45034 0.551131 0.0133833 -0.000694827
55 39.0626 -4.28175 0.0920724 0.035515 -0.00107975
56 33.241 -2.03523 -0.26318 0.0552638 -0.00144668
57 79.8407 -18.1356 1.66752 -0.0391928 0.000187632
58 63.5092 -12.329 0.964128 -0.0045096 -0.000423117
59 38.2998 -2.92438 -0.106907 0.0461293 -0.00127965
60 58.3741 -9.78128 0.652986 0.0103339 -0.000664374
61 68.0556 -14.1381 1.22799 -0.020076 -0.000109185
62 66.9035 -13.2477 1.12591 -0.0145747 -0.000217608
63 54.4774 -9.43978 0.652015 0.010428 -0.000677511
64 50.5754 -5.25318 0.0183876 0.0418316 -0.00118149
65 64.976 -11.1176 0.764646 0.00481892 -0.000551646
66 88.7735 -16.4587 1.26965 -0.0151498 -0.000267336
67 74.1588 -12.0048 0.791351 0.00498087 -0.000568128
68 62.2791 -10.4092 0.720126 0.00532902 -0.000533206
69 57.7175 -8.07197 0.371043 0.0256979 -0.000951721
70 76.8643 -13.7018 1.00744 -0.00406509 -0.000457214
71 74.6614 -12.9141 0.979847 -0.00637408 -0.000355727
72 78.5206 -13.4566 0.981012 -0.00538597 -0.000365552
73 60.1037 -7.82444 0.316491 0.0276578 -0.000961849
74 73.2217 -13.7796 1.08548 -0.0116671 -0.000254291
75 98.9846 -22.934 2.26629 -0.0736395 0.00088504
76 55.5678 -7.77951 0.343313 0.0274417 -0.000984737
77 66.511 -11.1265 0.730799 0.00766812 -0.00062739
78 79.009 -16.1205 1.34016 -0.0219814 -0.000112269
79 93.5369 -21.9532 2.15231 -0.0668168 0.000736895
80 80.0067 -14.0018 0.998343 -0.00405006 -0.000425144
81 91.3608 -17.4443 1.39241 -0.0225549 -0.000118927
82 88.3119 -17.0003 1.3816 -0.0236353 -7.91204e-05
83 74.1505 -14.355 1.18298 -0.0174047 -0.000148259
84 51.4063 -5.30547 0.00994569 0.042845 -0.00121903
85 63.4783 -9.91735 0.647413 0.00972014 -0.000634326
86 68.691 -13.4103 1.0999 -0.0134041 -0.000216839
87 70.113 -10.8963 0.725364 0.00724479 -0.000612159
88 72.2184 -11.4002 0.729215 0.00810882 -0.000623237
89 69.9735 -11.418 0.78092 0.00486822 -0.000564156
90 77.9681 -15.1406 1.24419 -0.0185303 -0.000157817
91 62.2097 -11.4041 0.900811 -0.00523132 -0.000332107
92 59.4687 -7.4019 0.259326 0.0316534 -0.00105239
93 79.3308 -14.0697 1.07293 -0.00741632 -0.000396243
94 67.0239 -12.0695 0.955495 -0.00673932 -0.000329722
95 55.8616 -7.12227 0.31305 0.0275697 -0.000975848
