0 122.247 -27.7654 2.65106 -0.0792793 0.000755285
1 129.091 -31.2475 3.20058 -0.112124 0.00140571
2 132.644 -33.0754 3.48517 -0.129553 0.00178294
3 124.104 -30.7721 3.19167 -0.112575 0.0014255
4 125.388 -31.727 3.44537 -0.135078 0.00202467
5 133.415 -30.7887 2.94174 -0.091739 0.000944782
6 142.448 -34.2875 3.39114 -0.114437 0.00134213
7 153.568 -39.4568 4.0187 -0.14649 0.00193726
8 85.1698 -14.728 1.01117 0.00606124 -0.000816402
9 120.786 -28.3992 2.6807 -0.0774059 0.000662044
10 109.628 -22.7418 1.92037 -0.0367591 -9.37106e-05
11 142.524 -35.8372 3.64572 -0.130127 0.00167287
12 130.459 -33.0901 3.44099 -0.124049 0.00161843
13 119.887 -27.4636 2.50879 -0.0677794 0.000486141
14 139.887 -35.1578 3.70469 -0.139799 0.0019504
15 100.239 -22.0252 1.98622 -0.044806 0.000104083
16 92.2662 -16.45 1.1087 0.00549585 -0.000850209
17 149.754 -38.6742 4.01849 -0.150325 0.00205555
18 128.183 -30.2472 2.97248 -0.0967994 0.00108277
19 177.593 -47.9803 5.34697 -0.228778 0.00365713
20 140.959 -35.1775 3.59007 -0.128689 0.00167142
21 78.4941 -11.4541 0.51459 0.0332922 -0.0013088
22 135.789 -32.6579 3.31244 -0.116091 0.00145622
23 133.843 -33.3942 3.34734 -0.113819 0.00135175
24 129.05 -28.528 2.53653 -0.0655698 0.000398166
25 117.516 -25.2722 2.12499 -0.0436577 -5.88324e-06
26 177.624 -48.1381 5.1855 -0.210105 0.00314813
27 150.068 -40.1206 4.28524 -0.167239 0.00240784
28 146.827 -36.8912 3.76183 -0.135487 0.00174941
29 138.878 -32.9098 3.19324 -0.102734 0.0011027
30 159.925 -42.3253 4.50918 -0.177056 0.00256223
31 123.308 -27.2402 2.52355 -0.0712147 0.000576559
32 95.5468 -16.8388 1.15559 0.000473843 -0.000723968
33 108.913 -23.8884 2.25316 -0.0631205 0.000508389
34 93.5234 -17.8299 1.30935 -0.00682432 -0.000610189
35 121.41 -27.9746 2.68972 -0.0837739 0.000865998
36 89.1406 -15.6543 1.03232 0.00667647 -0.000839016
37 82.2258 -13.8399 0.896033 0.0105713 -0.000875479
38 124.893 -26.4755 2.43384 -0.0683298 0.000553151
39 124.381 -29.0454 2.85075 -0.0936759 0.00107314
40 137.272 -36.7932 4.11936 -0.171711 0.00270077
41 70.9612 -14.0819 1.4236 -0.039959 0.000421544
42 135.024 -31.4501 3.12901 -0.106873 0.00128732
43 152.057 -40.0178 4.27852 -0.169424 0.00248729
44 149.994 -37.5312 3.85432 -0.142885 0.00193669
45 109.568 -26.3252 2.56535 -0.0784436 0.000774128
46 153.097 -37.3258 3.79962 -0.140752 0.00191753
47 149.948 -38.9255 4.19863 -0.16933 0.00255982
48 98.2434 -21.0952 1.90332 -0.0457252 0.0002143
49 114.332 -26.6384 2.53546 -0.0746431 0.000683209
50 101.87 -19.0738 1.46222 -0.0171637 -0.00038431
51 146.965 -38.2749 4.07378 -0.159082 0.00229757
52 84.9069 -14.2537 0.964201 0.00565131 -0.000772265
53 122.094 -26.0887 2.37843 -0.0657757 0.000511731
54 136.1 -35.707 3.89761 -0.156297 0.00234497
55 140.464 -36.5047 3.99811 -0.16211 0.00246316
56 79.11 -11.3117 0.516953 0.0301781 -0.00121384
57 75.9032 -11.031 0.5257 0.0301792 -0.00122819
58 156.953 -40.9182 4.4197 -0.179496 0.00272209
59 106.385 -25.2422 2.5438 -0.0824699 0.000917912
60 121.735 -31.0414 3.31006 -0.125427 0.00177229
61 114.359 -23.5891 2.03546 -0.045644 0.00010888
62 124.535 -27.1616 2.49373 -0.0698006 0.000549281
63 138.42 -34.2436 3.70762 -0.14756 0.00220916
64 104.781 -17.8098 1.18563 -0.00260759 -0.000627157
65 115.919 -19.3695 1.22918 0.00086151 -0.000768305
66 176.82 -40.7422 3.91934 -0.139095 0.00180637
67 172.584 -42.9379 4.40917 -0.172591 0.00253279
68 122.747 -22.4126 1.63225 -0.0201245 -0.000382754
69 136.392 -30.3364 2.82229 -0.0897588 0.000995503
70 166.534 -40.2709 4.05253 -0.152803 0.00214946
71 161.928 -38.8943 4.00889 -0.156646 0.00231806
72 95.2285 -14.8978 0.872919 0.0129379 -0.000912888
73 129.415 -26.8848 2.33067 -0.0605586 0.000400028
74 72.7275 -4.7858 -0.479884 0.081614 -0.00208925
75 122.868 -22.9574 1.69057 -0.0232482 -0.000321733
76 167.71 -42.2293 4.48925 -0.183933 0.00285214
77 107.087 -18.6973 1.32023 -0.00961906 -0.000511198
78 103.167 -16.666 1.01899 0.00798809 -0.000858265
79 121.624 -23.9643 1.93193 -0.0385525 -2.62078e-05
80 101.051 -16.6325 1.07326 0.00183895 -0.000691497
81 60.5337 -1.16243 -0.85925 0.0985161 -0.00235238
82 129.95 -28.3123 2.62784 -0.081717 0.000874842
83 114.015 -21.707 1.70233 -0.0288795 -0.000167415
84 104.965 -18.6319 1.31811 -0.00979894 -0.000497906
85 97.0281 -14.4527 0.781942 0.0186992 -0.0010215
86 128.703 -24.0119 1.83611 -0.0301536 -0.000216961
87 138.273 -31.8431 3.13293 -0.109407 0.00139748
88 116.871 -22.2489 1.72709 -0.0268005 -0.000262875
89 106.762 -19.8307 1.56899 -0.0242733 -0.000234186
90 120.691 -24.9898 2.28632 -0.0662598 0.000619598
91 126.258 -25.8855 2.31074 -0.0640573 0.000521957
92 101.297 -19.7404 1.7111 -0.0384099 0.000122073
93 97.9538 -16.4557 1.1292 -0.00140835 -0.00064371
94 132.948 -31.252 3.08788 -0.105346 0.00128015
95 116.093 -26.5672 2.83737 -0.108483 0.00159577
