0 191.011 -53.0562 5.96811 -0.244821 0.00370213
1 191.636 -53.0794 6.06023 -0.255037 0.00400172
2 221.779 -62.6566 6.98535 -0.289929 0.00442696
3 198.276 -55.4206 6.32033 -0.267523 0.00421526
4 178.158 -47.9977 5.39522 -0.220007 0.00333598
5 198.321 -55.1178 6.17991 -0.257049 0.00398609
6 199.779 -57.7539 6.90816 -0.313994 0.00537804
7 195.243 -53.796 6.0576 -0.250967 0.00383384
8 262.805 -73.8244 7.99464 -0.32604 0.00483316
9 193.334 -50.7497 5.34075 -0.200607 0.00274807
10 254.105 -73.9695 8.46464 -0.374542 0.00619192
11 185.488 -48.9844 5.29586 -0.203018 0.00281405
12 264.915 -74.5583 8.08488 -0.331933 0.00497658
13 221.146 -61.2385 6.71315 -0.274601 0.0041496
14 207.737 -55.8724 6.00345 -0.236111 0.00340162
15 205.893 -57.4068 6.52992 -0.280655 0.00453012
16 131.28 -29.1706 2.9287 -0.0871258 0.000804513
17 176.455 -47.5953 5.36062 -0.223396 0.00355583
18 191.694 -51.3711 5.61844 -0.228009 0.00348497
19 171.182 -43.8377 4.72817 -0.179621 0.00250092
20 208.149 -57.8277 6.45351 -0.26869 0.00416032
21 263.671 -73.6149 7.96125 -0.328023 0.00497166
22 183.657 -47.3765 5.0315 -0.188397 0.00254592
23 184.23 -48.5254 5.24836 -0.202398 0.00284726
24 211.095 -57.0179 6.19327 -0.247604 0.00363121
25 217.673 -58.7014 6.31281 -0.250507 0.00364904
26 196.643 -53.3419 5.8966 -0.238216 0.00354176
27 223.659 -61.8129 6.81493 -0.283358 0.00437045
28 200.788 -55.4244 6.18721 -0.256935 0.00397548
29 198.923 -54.9266 6.17239 -0.259147 0.00408601
30 170.133 -44.3947 4.891 -0.192837 0.00283744
31 218.683 -65.02 7.76477 -0.358363 0.00622188
32 336.203 -97.6457 10.7108 -0.462085 0.00733299
33 389.466 -114.911 12.6703 -0.555903 0.00895617
34 322.045 -94.4318 10.4929 -0.457772 0.00735611
35 354.046 -104.963 11.7329 -0.521682 0.00855018
36 483.659 -142.802 15.5931 -0.690758 0.0112644
37 317.156 -95.6276 10.9539 -0.500807 0.00851295
38 358.999 -105.113 11.5363 -0.499374 0.00792486
39 367.986 -108.049 11.861 -0.517294 0.00830549
40 310.153 -92.7393 10.567 -0.479181 0.00809874
41 267.396 -79.8344 9.24518 -0.423442 0.00727479
42 303.745 -89.1003 9.93488 -0.436042 0.00710301
43 298.526 -87.6815 9.80389 -0.432461 0.00707995
44 382.633 -113.8 12.7018 -0.568245 0.00939016
45 442.537 -127.997 13.8253 -0.604141 0.00975588
46 350.39 -101.304 11.0586 -0.479148 0.0076642
47 310.194 -90.9512 10.1798 -0.450176 0.00735841
48 314.508 -91.8076 10.174 -0.447714 0.00733448
49 206.246 -57.6375 6.3556 -0.263728 0.00410262
50 183.05 -49.3879 5.38165 -0.214859 0.00321623
51 456.533 -132.226 14.2779 -0.622157 0.00996613
52 417.136 -120.944 13.0764 -0.566502 0.0090302
53 244.157 -70.2897 7.84916 -0.339398 0.00548991
54 325.63 -94.5035 10.3842 -0.449838 0.00719119
55 160.119 -44.1702 5.0099 -0.208264 0.00330767
56 138.956 -36.2567 3.94045 -0.149472 0.0021664
57 291.453 -87.2473 10.0424 -0.458221 0.00778202
58 196.112 -54.0616 5.97292 -0.246473 0.00380732
59 424.076 -123.14 13.3467 -0.581756 0.00933287
60 234.601 -68.7035 7.89555 -0.353442 0.00594743
61 340.555 -100.655 11.2382 -0.498799 0.00817143
62 90.2037 -21.9632 2.49514 -0.090434 0.00137038
63 296.266 -87.5961 9.89042 -0.440837 0.00727743
64 769.091 -227.221 24.5297 -1.10196 0.0182563
65 852.574 -250.146 26.7212 -1.18516 0.0192799
66 599.253 -178.205 19.3372 -0.858031 0.0139742
67 1357.74 -391.985 41.2251 -1.83109 0.0298808
68 446.497 -133.204 14.5356 -0.634096 0.0101293
69 336.103 -101.706 11.4 -0.505627 0.00828909
70 299.558 -89.1178 9.88125 -0.427396 0.00682889
71 527.598 -153.664 16.4736 -0.717139 0.0115128
72 514.508 -152.238 16.4683 -0.721231 0.0116115
73 639.111 -189.995 20.6303 -0.920529 0.0151067
74 966.91 -281.444 29.7305 -1.30657 0.021031
75 851.173 -244.457 25.6781 -1.12372 0.0181064
76 477.144 -143.208 15.7203 -0.698589 0.0114324
77 730.384 -215.344 23.1718 -1.03335 0.0169639
78 604.957 -180.901 19.6802 -0.875299 0.0142829
79 309.301 -93.2042 10.4927 -0.464508 0.00764295
80 284.901 -85.3766 9.58837 -0.422959 0.0069629
81 353.569 -109.73 12.68 -0.591811 0.0103051
82 559.716 -166.403 17.9836 -0.788318 0.0126535
83 425.22 -129.61 14.5248 -0.65887 0.0110629
84 421.538 -128.8 14.4968 -0.665076 0.0113683
85 231.971 -70.5486 8.14625 -0.360999 0.00597941
86 290.573 -87.1424 9.75399 -0.422122 0.00672027
87 369.355 -109.734 11.9837 -0.516219 0.00816934
88 511.95 -154.818 17.0487 -0.761751 0.0125233
89 281.872 -85.2581 9.60962 -0.419496 0.00677788
90 515.453 -155.681 17.1593 -0.76806 0.0126375
91 730.892 -220.36 24.1163 -1.08723 0.0179607
92 387.984 -117.485 13.0228 -0.573431 0.00928188
93 310.263 -91.7426 10.0287 -0.425014 0.00662896
94 567.109 -173.58 19.3688 -0.882916 0.0147622
95 299.242 -90.7921 10.1789 -0.441895 0.00703819
