0 356.391 -103.111 11.2633 -0.489593 0.00784522
1 337.247 -98.264 10.8779 -0.478319 0.00775791
2 232.227 -66.109 7.41456 -0.3189 0.00510489
3 251.678 -70.7401 7.74078 -0.322478 0.00492981
4 311.531 -89.3661 9.76739 -0.418322 0.00658549
5 321.768 -94.4761 10.5789 -0.469249 0.00767336
6 355.347 -102.729 11.2266 -0.488019 0.00783424
7 460.06 -134.814 14.7597 -0.655055 0.0106829
8 316.124 -91.1173 10.0025 -0.432056 0.00687426
9 339.175 -97.9321 10.7538 -0.466631 0.00743358
10 293.656 -84.6892 9.41761 -0.413009 0.00671877
11 405.932 -119.499 13.2613 -0.594727 0.00984591
12 286.692 -81.6416 8.94055 -0.385178 0.00615723
13 444.978 -129.406 14.0715 -0.619397 0.010023
14 169.556 -43.9979 4.66269 -0.179072 0.00259528
15 302.817 -84.2105 8.97731 -0.377041 0.00589169
16 275.542 -77.0731 8.32045 -0.350037 0.00546492
17 198.362 -53.0381 5.71918 -0.229013 0.00341399
18 316.175 -89.3663 9.64241 -0.410309 0.00645335
19 326.537 -93.397 10.1935 -0.440091 0.00701072
20 260.722 -72.3714 7.81591 -0.327682 0.00511645
21 259.49 -72.3044 7.82851 -0.327304 0.00506641
22 780.95 -222.583 23.39 -1.02151 0.0163748
23 334.417 -94.1847 10.1498 -0.433147 0.00681692
24 382.459 -108.853 11.7137 -0.504433 0.00800923
25 244.517 -68.4533 7.51251 -0.320032 0.0051258
26 374.261 -106.991 11.5979 -0.504634 0.0081102
27 443.309 -128.473 13.977 -0.618112 0.0100862
28 635.574 -180.868 19.1033 -0.831921 0.013309
29 419.157 -120.051 12.9388 -0.561518 0.00897367
30 328.083 -92.0918 9.90707 -0.421744 0.00662747
31 383.172 -109.871 11.9229 -0.519312 0.008338
32 519.463 -151.506 16.3456 -0.718637 0.0116301
33 424.792 -123.402 13.2872 -0.571 0.0089793
34 327.555 -95.3672 10.4223 -0.448569 0.00711983
35 481.802 -143.286 15.7231 -0.699771 0.0114405
36 534.533 -158.312 17.1784 -0.759306 0.0123132
37 320.777 -93.1898 10.1269 -0.430469 0.00671545
38 184.376 -53.2743 5.89108 -0.238822 0.00358542
39 188.451 -53.0773 5.85735 -0.241166 0.00371634
40 393.953 -114.839 12.4246 -0.536991 0.00853063
41 128.059 -35.8972 3.94041 -0.148795 0.00210678
42 241.487 -67.3334 7.10366 -0.2838 0.00418881
43 608.283 -178.532 19.2208 -0.849139 0.0137618
44 342.243 -97.6298 10.4155 -0.439424 0.00684527
45 236.784 -68.8367 7.60027 -0.322069 0.00506542
46 279.868 -80.7556 8.76557 -0.368016 0.00569014
47 177.424 -50.6255 5.65394 -0.235662 0.00370432
48 448.444 -130.182 13.9341 -0.601034 0.00952544
49 250.516 -71.7928 7.83057 -0.330925 0.00521749
50 268.859 -78.3281 8.59888 -0.368597 0.00587349
51 259.96 -75.1512 8.22181 -0.349229 0.00550862
52 223.161 -64.6129 7.14738 -0.302068 0.00475154
53 185.743 -51.5671 5.50204 -0.214417 0.00309225
54 299.388 -86.5149 9.34594 -0.396938 0.00624463
55 308.158 -87.7926 9.37115 -0.392355 0.00606846
56 148.842 -42.0426 4.71166 -0.192294 0.00298732
57 262.991 -74.6729 8.02024 -0.331364 0.00504873
58 113.451 -30.3471 3.30004 -0.117168 0.00153241
59 127.499 -35.2612 3.86321 -0.144532 0.00201538
60 87.7266 -23.0275 2.58374 -0.088421 0.00113395
61 244.814 -72.0061 8.01479 -0.343691 0.00545323
62 307.624 -92.0902 10.3746 -0.465598 0.00776939
63 253.392 -70.5683 7.43892 -0.301609 0.00454299
64 217.563 -69.391 8.70141 -0.437 0.00829681
65 211.093 -62.9832 7.2637 -0.320528 0.00529918
66 278.409 -81.6065 9.00405 -0.383538 0.00600916
67 243.779 -71.3172 7.97624 -0.34314 0.00546773
68 201.714 -58.1824 6.49766 -0.270818 0.00419025
69 373.645 -109.433 11.871 -0.512825 0.00816055
70 185.025 -54.4729 6.37542 -0.281009 0.00466525
71 281.991 -83.7798 9.43585 -0.415573 0.00676086
72 223.628 -65.2579 7.33242 -0.314051 0.00498835
73 227.145 -65.4616 7.1989 -0.300408 0.00465329
74 353.19 -104.405 11.4857 -0.501952 0.00808793
75 418.417 -120.724 12.7929 -0.540067 0.0083451
76 174.265 -50.0463 5.68274 -0.239495 0.00382192
77 197.284 -56.7204 6.312 -0.264445 0.00415287
78 198.588 -58.0307 6.63459 -0.289956 0.00479118
79 255.317 -76.5388 8.72739 -0.387363 0.00637987
80 230.728 -66.4904 7.33828 -0.309673 0.00485821
81 207.382 -59.2972 6.51583 -0.270899 0.00421659
82 303.116 -89.677 9.91239 -0.43278 0.00700943
83 257.413 -76.6457 8.67842 -0.381893 0.00623467
84 242.355 -70.0275 7.6904 -0.325101 0.00509544
85 225.361 -65.7477 7.33894 -0.310967 0.00487338
86 172.449 -50.0253 5.79704 -0.249706 0.00403116
87 258.093 -76.8348 8.63382 -0.374288 0.00597366
88 307.477 -91.0307 10.0238 -0.432183 0.0068559
89 244.085 -72.4512 8.16383 -0.353804 0.00567311
90 192.76 -55.7838 6.30785 -0.266195 0.00416378
91 221.616 -65.6754 7.47222 -0.326391 0.00530906
92 241.633 -74.8907 8.88011 -0.415942 0.0073048
93 247.537 -74.0305 8.37593 -0.364223 0.00583073
94 288.821 -82.6456 8.84002 -0.367848 0.00567177
95 157.554 -45.5936 5.35983 -0.231919 0.00376585
