0 90.7846 -19.6944 2.28953 -0.0854841 0.00121625
1 172.039 -49.3954 5.84981 -0.260523 0.00426632
2 221.313 -65.6352 7.56693 -0.337292 0.00551004
3 243.277 -71.1255 8.10969 -0.359076 0.00581142
4 215.005 -62.3691 7.15849 -0.315877 0.00511198
5 201.385 -58.2874 6.782 -0.302309 0.00494642
6 217.125 -63.9916 7.43616 -0.334292 0.00551256
7 229.56 -67.3013 7.70922 -0.341344 0.00551891
8 210.597 -60.3991 6.84771 -0.29565 0.00466517
9 191.1 -54.8794 6.35568 -0.278647 0.00447911
10 238.701 -69.9499 7.9284 -0.349187 0.00563289
11 227.597 -66.7124 7.62737 -0.335732 0.00538884
12 125.973 -33.1152 3.92993 -0.168735 0.00271746
13 241.886 -71.9332 8.30453 -0.373083 0.00612732
14 228.367 -66.4571 7.50911 -0.326746 0.00519046
15 197.14 -56.027 6.44116 -0.283302 0.00457503
16 117.458 -30.9774 3.6493 -0.152057 0.00237168
17 206.763 -60.337 7.03932 -0.313613 0.00509675
18 182.904 -51.102 5.83095 -0.250369 0.00393775
19 212.102 -62.0187 7.16368 -0.318303 0.00518362
20 159.424 -45.0908 5.35728 -0.239208 0.00396116
21 155.39 -41.5543 4.80515 -0.205835 0.00326034
22 200.575 -55.8169 6.31964 -0.271102 0.00424546
23 208.872 -59.5246 6.77006 -0.294452 0.00467977
24 182.372 -49.6748 5.50243 -0.225522 0.00334379
25 158.13 -43.9259 5.16194 -0.226527 0.00368399
26 227.431 -66.8252 7.69697 -0.342769 0.00557721
27 197.14 -57.3418 6.73344 -0.302245 0.00496704
28 183.696 -52.9062 6.2545 -0.281903 0.00467653
29 191.001 -51.7242 5.81962 -0.246469 0.00381913
30 206.034 -59.8454 6.99135 -0.313305 0.00514222
31 194.522 -54.209 6.12365 -0.261399 0.00406819
32 166.479 -50.8003 5.94752 -0.261204 0.00421607
33 150.045 -42.531 4.6199 -0.178344 0.00245389
34 157.112 -47.9745 5.66996 -0.250501 0.0040767
35 210.12 -61.6853 6.69529 -0.274961 0.00409356
36 176.3 -54.679 6.34628 -0.277402 0.00443219
37 203.45 -62.5227 7.20156 -0.318658 0.00516636
38 192.599 -56.2125 6.0488 -0.240715 0.00344691
39 182.826 -51.8373 5.67315 -0.231212 0.00341897
40 227.625 -71.2669 8.26812 -0.372177 0.00612122
41 192.91 -57.7858 6.42479 -0.26932 0.004114
42 159.714 -45.6414 4.96525 -0.196185 0.00280117
43 187.054 -57.9973 6.72402 -0.295985 0.00476824
44 178.09 -56.1691 6.66544 -0.301484 0.00499893
45 213.362 -64.9986 7.29681 -0.313449 0.00490324
46 115.172 -30.1397 3.01653 -0.0925827 0.000846396
47 166.5 -47.4922 5.11691 -0.200996 0.00284586
48 150.564 -46.2128 5.54134 -0.249082 0.00413775
49 127.153 -39.3343 4.75724 -0.211071 0.00347395
50 212.435 -64.7487 7.34167 -0.319237 0.00505884
51 196.915 -57.2216 6.33227 -0.265685 0.00407003
52 163.743 -51.6744 6.19477 -0.280259 0.00466131
53 194.09 -59.4782 6.80447 -0.296564 0.0047278
54 171.835 -51.0414 5.6649 -0.232794 0.00346579
55 211.287 -66.5541 7.7919 -0.352132 0.00581258
56 170.073 -52.1346 6.11942 -0.272643 0.00447386
57 186.406 -55.9565 6.25605 -0.261578 0.0039682
58 173.888 -52.9518 6.16896 -0.269478 0.00429802
59 165.544 -50.731 5.95224 -0.261961 0.0042254
60 175.748 -52.9703 6.10234 -0.264646 0.00419697
61 156.008 -47.387 5.60039 -0.248713 0.00407142
62 108.873 -26.5095 2.52613 -0.0679566 0.000426273
63 155.086 -45.4209 5.09003 -0.207349 0.00305379
64 147.43 -46.6168 5.53047 -0.243568 0.00395923
65 244.7 -77.9446 8.95159 -0.399537 0.00650195
66 66.5397 -19.592 2.46915 -0.0986172 0.00149581
67 242.126 -76.7831 8.81658 -0.394118 0.00643425
68 121.514 -39.3654 4.82061 -0.213873 0.00350273
69 233.551 -73.7456 8.45413 -0.375699 0.00610092
70 194.19 -60.3689 6.80786 -0.288571 0.00443818
71 138.363 -41.6621 4.74095 -0.193209 0.00284914
72 170.955 -53.3742 6.13123 -0.262759 0.00410722
73 155.439 -50.297 6.0473 -0.271201 0.00446406
74 233.685 -75.264 8.75926 -0.395401 0.00651737
75 228.299 -69.9133 7.74891 -0.329791 0.00511183
76 255.869 -81.5644 9.35949 -0.419763 0.00688265
77 220.25 -68.5065 7.73654 -0.335386 0.00529671
78 131.312 -36.4624 3.72878 -0.126393 0.00143333
79 236.768 -74.2203 8.38513 -0.366272 0.00583752
80 124.367 -38.6647 4.52597 -0.189039 0.00289084
81 176.304 -55.8876 6.54364 -0.289107 0.00467995
82 161.521 -49.823 5.68585 -0.240519 0.00371727
83 200.113 -63.1733 7.19822 -0.312176 0.0049374
85 159.079 -52.9401 6.46027 -0.294835 0.00492253
86 134.048 -38.5639 4.07644 -0.14726 0.00184767
87 186.553 -58.1942 6.60196 -0.280418 0.00433036
88 188.808 -60.3988 7.07727 -0.315907 0.00517256
89 151.573 -50.3385 6.06251 -0.26853 0.00433648
90 175.616 -55.5311 6.3172 -0.266531 0.00407676
91 193.237 -62.8491 7.31279 -0.321877 0.00515418
92 143.798 -47.9683 5.85955 -0.264454 0.00438523
93 125.015 -40.6718 5.06394 -0.227724 0.00374967
94 128.604 -41.6081 4.96716 -0.211346 0.00325892
95 190.223 -60.6511 7.04926 -0.3079 0.00488115
