0 116.718 -27.865 2.9121 -0.106292 0.00145138
1 117.369 -26.6575 2.63633 -0.0864943 0.000994992
2 75.3963 -15.0881 1.33342 -0.0224951 -0.00014417
3 127.684 -31.6798 3.25325 -0.117324 0.00154237
4 112.858 -24.5694 2.28201 -0.063594 0.000505373
5 125.76 -32.7345 3.55126 -0.140516 0.00210823
6 76.9919 -14.9129 1.24091 -0.014122 -0.000360238
7 98.2203 -22.4033 2.22287 -0.0688437 0.000716842
8 118.599 -29.8031 3.05064 -0.106325 0.00132372
9 99.901 -19.2872 1.58085 -0.0265907 -0.000173817
10 132.451 -32.5286 3.30996 -0.118547 0.00154667
11 79.3632 -15.1781 1.22447 -0.0127213 -0.000372773
12 88.5397 -16.7254 1.36206 -0.019362 -0.000249766
13 86.5235 -20.0217 2.13486 -0.0736631 0.000971607
14 66.0292 -9.80536 0.551931 0.0216021 -0.000988189
15 106.775 -24.8524 2.4832 -0.0805752 0.000911852
16 70.3766 -12.7355 0.991531 -0.00311555 -0.000510667
17 111.531 -27.1445 2.78918 -0.0975635 0.00125246
18 135.03 -34.5327 3.74901 -0.15066 0.0022919
19 119.938 -28.6982 3.00378 -0.110046 0.00149163
20 78.973 -14.6178 1.19749 -0.0132595 -0.000336161
21 92.9811 -18.9795 1.66024 -0.0342918 7.86974e-06
22 119.022 -29.819 3.18497 -0.121175 0.00172939
23 133.524 -32.7938 3.44953 -0.131547 0.00186833
24 112.233 -26.8848 2.70212 -0.0904689 0.00107627
25 120.554 -29.3085 2.95902 -0.101239 0.00123103
26 108.477 -25.9987 2.65043 -0.0904522 0.00110986
27 133.275 -31.9948 3.24495 -0.115426 0.0014845
28 81.8093 -14.4951 1.09766 -0.00525918 -0.000520242
29 129.41 -32.9163 3.64566 -0.149196 0.00230612
30 147.066 -37.8343 4.00527 -0.15508 0.00220319
31 115.953 -24.0777 2.18958 -0.0581174 0.000389162
32 114.394 -26.2522 2.53564 -0.0779641 0.000789493
33 102.784 -25.9145 2.71024 -0.0949232 0.00121331
34 129.626 -36.4392 3.98641 -0.158417 0.00235118
35 77.6673 -14.3377 1.0163 0.00337082 -0.000738721
36 106.206 -24.399 2.32829 -0.0680832 0.000620034
37 109.172 -26.85 2.70737 -0.09003 0.00105365
38 106.736 -23.7056 2.17134 -0.0556889 0.000325809
39 125.941 -30.8101 3.11035 -0.107876 0.00133624
40 125.828 -34.2467 3.69268 -0.144145 0.00211137
41 95.551 -21.1385 1.97129 -0.0519204 0.000357307
42 110.72 -27.5589 2.79159 -0.0945988 0.00114739
43 131.025 -32.1865 3.28301 -0.118195 0.00156261
44 133.179 -34.9454 3.72116 -0.143681 0.00207189
45 97.285 -20.9033 1.89386 -0.046826 0.000255013
46 87.9964 -17.0505 1.35039 -0.0151568 -0.000386032
47 108.241 -26.8105 2.72034 -0.0918527 0.00110476
48 91.5536 -20.0303 1.82704 -0.0436253 0.000189826
49 112.594 -29.4286 3.19787 -0.123174 0.00178293
50 105.972 -25.0928 2.51336 -0.0810553 0.000898006
51 113.817 -27.9953 2.89388 -0.103247 0.00135824
52 78.0084 -15.9243 1.35903 -0.0216991 -0.000176588
53 90.6969 -20.7839 1.93602 -0.0493016 0.000291324
54 82.732 -16.2966 1.39878 -0.0234847 -0.000153176
55 110.749 -27.6381 2.84676 -0.0985696 0.00121873
56 90.6589 -18.7288 1.58281 -0.0285548 -0.000110085
57 126.573 -32.0348 3.37223 -0.125876 0.00173609
58 124.826 -32.6076 3.52092 -0.135692 0.00193356
59 103.969 -23.8626 2.41223 -0.0789853 0.000910729
60 95.9731 -20.2736 1.80078 -0.0405411 0.000106288
61 98.3395 -21.2507 1.96063 -0.0505599 0.000315643
62 111.331 -26.7662 2.72837 -0.0923687 0.00109738
63 84.6928 -19.1372 1.90207 -0.0532038 0.000430938
64 79.776 -14.2501 0.973578 0.00424445 -0.000723327
65 76.693 -14.767 1.22578 -0.014993 -0.000295619
66 81.556 -19.1632 1.87455 -0.0504018 0.000359784
67 51.591 -8.17579 0.504357 0.0201442 -0.000921223
68 103.287 -25.7379 2.57704 -0.0828036 0.000909114
69 58.0888 -7.45665 0.162559 0.0453259 -0.00145701
70 68.8594 -14.1988 1.23142 -0.0162952 -0.000272742
71 152.701 -39.3008 4.13341 -0.160177 0.00229321
72 105.68 -26.102 2.57009 -0.080741 0.000847439
73 14.3848 5.62169 -1.08093 0.0903307 -0.00196618
74 127.5 -34.5497 3.74907 -0.148289 0.00219267
75 89.1288 -21.1881 2.18285 -0.0717976 0.000859153
76 83.5622 -16.9357 1.43163 -0.0229777 -0.000192089
77 41.971 -4.64576 0.042443 0.0434268 -0.00132808
78 89.6107 -19.9698 1.81372 -0.0418784 0.000136531
79 63.124 -12.7308 1.14338 -0.015783 -0.000228449
80 94.5876 -20.6253 1.89307 -0.0474562 0.000274386
81 90.8212 -19.7839 1.80569 -0.0433741 0.000197086
82 89.2093 -21.692 2.13065 -0.0620757 0.000560402
83 108.603 -28.072 3.0643 -0.118522 0.00173031
84 86.9057 -20.5762 1.96412 -0.0523675 0.000362414
85 85.3413 -18.8462 1.8356 -0.0492649 0.000357366
86 91.7099 -20.7832 1.89299 -0.0441972 0.000141764
87 130.102 -31.0096 3.13534 -0.109829 0.00137706
88 105.308 -26.4616 2.75918 -0.0955303 0.00117883
89 58.3264 -11.3009 1.17527 -0.0300373 0.000276929
90 80.1636 -15.9111 1.33585 -0.0182741 -0.00028374
91 112.311 -29.7994 3.2183 -0.120306 0.00164282
92 63.9626 -14.054 1.4335 -0.0362899 0.000234361
93 68.6301 -13.426 1.21399 -0.0189362 -0.000176006
94 85.2458 -16.2384 1.29202 -0.0124198 -0.000447591
95 74.7603 -17.3767 1.7331 -0.0450358 0.000271878
