0 209.359 -58.3039 6.49252 -0.284292 0.00463335
1 111.123 -26.0098 2.80703 -0.108979 0.00165515
2 175.082 -48.1122 5.36952 -0.230188 0.003673
3 196.846 -55.2039 6.10983 -0.262755 0.00418202
4 207.665 -56.9664 6.14757 -0.258353 0.00402802
5 200.797 -52.7398 5.63552 -0.234472 0.00362404
6 200.493 -54.0373 5.81205 -0.242474 0.00374898
7 169.373 -43.4335 4.51079 -0.176528 0.00255717
8 210.373 -58.3149 6.45907 -0.281534 0.00456343
9 198.308 -52.4323 5.71601 -0.24432 0.00390567
10 176.702 -45.3951 4.65298 -0.178128 0.00249511
11 160.911 -42.2385 4.72013 -0.202638 0.00327068
12 193.356 -52.9305 5.80452 -0.247033 0.0039002
13 232.922 -62.0829 6.58685 -0.274809 0.00423094
14 188.326 -48.8253 5.22229 -0.216651 0.00334794
15 184.198 -48.7625 5.23478 -0.216278 0.00332205
16 164.067 -43.2032 4.77171 -0.204108 0.00329988
17 216.116 -56.9592 6.13502 -0.259494 0.00408571
18 197.284 -52.6267 5.62272 -0.231596 0.00353012
19 175.334 -47.342 5.31563 -0.231775 0.00378529
20 186.743 -52.3374 5.85757 -0.255449 0.00414497
21 164.758 -44.9608 4.94626 -0.206642 0.00319904
22 203.535 -56.455 6.24612 -0.27022 0.00433476
23 204.25 -54.0587 5.73635 -0.2356 0.00357495
24 182.43 -48.2416 5.1518 -0.210554 0.00318968
25 173.651 -43.7927 4.61162 -0.183261 0.00268751
26 175.859 -46.4502 4.96249 -0.20064 0.00298853
27 198.077 -52.1114 5.60299 -0.233658 0.00361157
28 222.457 -60.023 6.43878 -0.270495 0.00419923
29 197.482 -53.1153 5.86611 -0.254334 0.00412199
30 204.927 -55.7676 6.10913 -0.261948 0.00416147
31 226.565 -63.1109 6.9753 -0.303521 0.00487859
32 183.253 -50.7581 5.66592 -0.245917 0.00399983
33 169.446 -44.5797 4.63434 -0.178602 0.00252163
34 226.738 -64.5316 7.02566 -0.299481 0.00471378
35 189.904 -51.528 5.48071 -0.222435 0.00332899
36 170.887 -48.2503 5.39925 -0.230799 0.00367028
37 191.38 -52.6262 5.81861 -0.249454 0.00398123
38 162.281 -44.4878 4.78485 -0.191101 0.00280702
39 155.496 -42.7086 4.72501 -0.196111 0.00302372
40 177.178 -51.1477 5.76542 -0.25057 0.0040479
41 207.304 -57.6246 6.31098 -0.268611 0.00422778
42 144.007 -40.2997 4.59572 -0.199697 0.00327579
43 175.745 -47.089 5.07151 -0.207519 0.00315207
44 103.99 -27.7524 3.23456 -0.136158 0.0022036
45 180.924 -50.668 5.57051 -0.234286 0.0036495
46 158.664 -43.5589 4.87758 -0.207776 0.00330728
47 155.644 -41.2172 4.40461 -0.175335 0.00258235
48 168.255 -47.2765 5.37495 -0.237132 0.00392239
49 158.857 -43.4719 4.78296 -0.198113 0.00304393
50 183.23 -50.5483 5.47411 -0.225229 0.00340951
51 192.296 -51.8342 5.48698 -0.222781 0.00334153
52 183.212 -48.7492 5.23351 -0.215122 0.00327406
53 185.379 -49.4342 5.25425 -0.213211 0.00319497
54 142.909 -35.9592 3.67248 -0.133342 0.00174952
55 163.807 -44.0239 4.71615 -0.18799 0.00274854
56 184.366 -50.1563 5.37483 -0.219598 0.0033118
57 159.189 -40.3099 4.18554 -0.159464 0.00222805
58 205.893 -56.7629 6.17885 -0.260391 0.00405106
59 148.489 -39.624 4.31978 -0.174421 0.00261322
60 186.21 -51.9645 5.81886 -0.253488 0.00411071
61 158.175 -44.5397 4.94442 -0.206885 0.00320948
62 178.055 -48.672 5.42976 -0.235328 0.00382001
63 156.507 -44.4473 5.14174 -0.227549 0.00375477
64 253.342 -66.6716 6.87452 -0.280766 0.00424987
65 233.406 -64.6795 6.85805 -0.284505 0.00436911
66 232.043 -62.8329 6.57398 -0.268266 0.00404559
67 220.373 -62.7289 6.81927 -0.288861 0.00452221
68 198.527 -54.6334 5.95264 -0.252415 0.00399245
69 177.619 -46.8608 4.97554 -0.20147 0.00304429
70 140.326 -33.0446 3.16017 -0.101601 0.00111219
71 133.15 -36.3646 4.14071 -0.176173 0.00284678
72 222.416 -61.9997 6.66348 -0.281677 0.00443537
73 217.33 -60.9906 6.64776 -0.28405 0.00451726
74 203.343 -56.2648 5.99982 -0.246153 0.00373512
75 170.257 -47.0529 5.22052 -0.223343 0.0035951
76 177.939 -44.3996 4.42175 -0.161691 0.00214547
77 216.071 -60.0608 6.44826 -0.271868 0.00426779
78 172.734 -46.3145 4.84215 -0.188801 0.00270316
79 161.779 -43.3913 4.58642 -0.180171 0.00261343
80 200.43 -54.1517 5.84047 -0.245194 0.00383875
81 200.589 -54.8831 5.87133 -0.242845 0.00372489
82 180.349 -50.2248 5.41729 -0.222745 0.00339286
83 211.01 -57.5307 6.1843 -0.260429 0.00408971
84 224.365 -61.5508 6.60073 -0.279904 0.00442041
85 183.408 -50.708 5.60602 -0.239348 0.00381485
86 190.578 -52.8708 5.68484 -0.232978 0.0035175
87 183.546 -50.2845 5.44943 -0.225577 0.00346159
88 221.052 -62.0723 6.79018 -0.291237 0.00463365
89 186.926 -50.1548 5.32832 -0.215858 0.00323856
90 177.382 -48.4234 5.28861 -0.219936 0.00339573
91 169.853 -47.2188 5.25939 -0.222983 0.00351694
92 197.269 -55.6727 6.14853 -0.262605 0.00415386
93 171.424 -41.6766 4.1291 -0.147783 0.00190032
94 149.983 -41.139 4.6608 -0.200323 0.00325024
95 252.966 -72.1314 7.88902 -0.340613 0.00542417
