0 53.8494 -9.71783 0.736795 0.00557995 -0.00057952
1 77.9538 -17.8497 1.67597 -0.0400253 0.000205887
2 89.4866 -21.4887 2.08639 -0.0583295 0.000500707
3 73.6916 -15.2631 1.2499 -0.0148709 -0.000296309
4 70.1028 -15.2884 1.37405 -0.024582 -8.01589e-05
5 93.5925 -22.029 2.09755 -0.0575709 0.000466272
6 87.4987 -19.5201 1.79145 -0.041881 0.000178997
7 70.6136 -12.9085 0.95607 -0.000898539 -0.0005256
8 51.7447 -8.41387 0.608313 0.0120874 -0.000725047
9 75.586 -15.7581 1.36997 -0.0217535 -0.000171506
10 73.7321 -15.8615 1.53078 -0.0368924 0.000199227
11 73.8607 -15.1136 1.33408 -0.0232782 -9.22458e-05
12 82.8825 -20.4719 2.06734 -0.0613589 0.000601541
13 104.476 -26.681 2.64058 -0.0839702 0.000919511
14 86.2298 -20.1745 1.89417 -0.0485076 0.000314663
15 71.3929 -13.7409 1.13719 -0.0128317 -0.00027718
16 76.6802 -18.3388 1.77849 -0.0450246 0.000276173
17 74.7552 -15.8938 1.3616 -0.021588 -0.000164211
18 89.3232 -22.1673 2.20602 -0.067039 0.000696906
19 62.2148 -10.3084 0.781143 0.0029354 -0.000536752
20 75.4037 -16.8241 1.51019 -0.0296977 -1.2301e-05
21 59.8536 -10.161 0.759141 0.00554513 -0.00061453
22 101.822 -25.3187 2.5114 -0.0799077 0.000881418
23 58.9753 -8.89355 0.530282 0.018068 -0.00083278
24 65.813 -13.5569 1.18027 -0.0151956 -0.000241782
25 89.1396 -21.4659 2.02166 -0.052748 0.000362618
26 96.5384 -23.1639 2.25852 -0.0664308 0.000632146
27 69.2401 -12.6964 1.0189 -0.00700847 -0.000383496
28 89.3486 -20.4402 1.91857 -0.0475316 0.000248458
29 91.6309 -21.1352 1.98964 -0.0523216 0.000370693
30 75.3959 -15.8623 1.49329 -0.0332038 0.00010875
31 71.4153 -12.9281 1.02684 -0.00651573 -0.000407069
32 75.5465 -11.334 0.78773 0.00847756 -0.000705021
33 63.0804 -10.1855 0.772084 0.00603126 -0.000635006
34 81.4532 -16.3806 1.55369 -0.0344528 0.000109471
35 71.3859 -12.2051 1.05404 -0.0118432 -0.000253028
36 51.2829 -7.24401 0.477598 0.0177257 -0.000794611
37 68.2749 -11.7511 0.98762 -0.00506468 -0.000443477
38 85.2192 -16.7055 1.56866 -0.0343649 9.09032e-05
39 59.992 -9.15416 0.666782 0.00969789 -0.000679815
40 56.7978 -7.62377 0.450687 0.020579 -0.000851532
41 65.6084 -12.2642 1.04733 -0.00827254 -0.000374162
42 67.1772 -11.1455 0.939203 -0.0052034 -0.000396339
43 76.539 -13.8857 1.23402 -0.0202295 -0.000110241
44 74.6166 -13.13 1.14224 -0.0153715 -0.000201619
45 67.7938 -12.8294 1.14827 -0.0155783 -0.000203685
46 75.1248 -16.2928 1.65519 -0.0438997 0.000333759
47 75.4162 -14.1728 1.29001 -0.0238184 -3.48919e-05
48 75.795 -13.2252 1.13523 -0.013701 -0.000243485
49 70.8047 -14.364 1.40846 -0.0317133 0.000134345
50 81.155 -16.4273 1.61389 -0.040328 0.000260495
51 72.6992 -11.5968 0.888815 -0.000519355 -0.000485208
52 54.3029 -7.66199 0.475418 0.0190331 -0.000815877
53 77.4687 -13.7602 1.19512 -0.0168362 -0.000191154
54 63.9248 -9.82327 0.72545 0.00763834 -0.000657115
55 61.7193 -10.5352 0.895979 -0.00376792 -0.000411266
56 66.1819 -9.36971 0.548973 0.0192632 -0.000867392
57 70.622 -12.5063 1.09145 -0.0121846 -0.000277949
58 74.6426 -14.5963 1.38077 -0.0282391 3.77738e-05
59 68.9909 -10.4755 0.782449 0.0041455 -0.000571568
60 65.7692 -10.4652 0.782581 0.00408972 -0.000568107
61 67.2074 -11.2776 0.94441 -0.00533757 -0.000388998
62 73.6271 -12.8543 1.11852 -0.0136649 -0.000248862
63 92.7713 -14.8964 1.15211 -0.00923501 -0.000395644
64 48.4373 -4.84272 0.0153227 0.0422269 -0.00120329
65 45.5979 -3.51627 -0.1783 0.0540324 -0.00146482
66 62.8872 -10.161 0.660087 0.0121976 -0.000732975
67 65.0535 -11.9689 0.948663 -0.00560152 -0.000366856
68 58.8 -9.37445 0.605319 0.0117355 -0.000659116
69 63.2033 -10.5156 0.759451 0.00223377 -0.000467716
70 86.4237 -19.9744 1.9171 -0.0543146 0.000519661
71 74.3802 -13.5407 1.18433 -0.021249 -1.35997e-05
72 34.0498 -0.198544 -0.546111 0.0697263 -0.00168731
73 68.2778 -9.66841 0.515891 0.0192253 -0.000827817
74 86.9328 -16.7636 1.42178 -0.0264724 -2.77966e-05
75 97.239 -20.3572 1.86126 -0.0501171 0.000431745
76 53.0919 -7.56379 0.389277 0.0221459 -0.000848597
77 73.2976 -14.2735 1.22234 -0.0215185 -3.40061e-05
78 85.7446 -18.7796 1.76308 -0.0476153 0.000407127
79 79.1828 -15.9314 1.43023 -0.0308953 0.000104134
80 68.553 -10.8245 0.726306 0.00615603 -0.000564111
81 67.776 -10.8282 0.733732 0.00639331 -0.000591819
82 69.188 -13.9862 1.23262 -0.0230317 3.29338e-06
83 52.1449 -7.45329 0.405575 0.0204739 -0.000808038
84 51.4203 -4.75425 -0.00928316 0.0419444 -0.00117966
85 72.0806 -12.5194 0.960295 -0.00532937 -0.000376798
86 61.6092 -9.57868 0.623794 0.0121163 -0.000707942
87 46.9045 -6.25534 0.342083 0.0214603 -0.000804218
88 56.0752 -7.05433 0.284223 0.0287551 -0.000976674
89 62.5486 -10.4611 0.786122 0.00159192 -0.000482454
90 67.6572 -12.7558 1.04743 -0.0114439 -0.000251869
91 55.8378 -8.48867 0.568933 0.0104532 -0.000603881
92 52.8798 -5.84057 0.116503 0.0370713 -0.00112345
93 70.0782 -12.0922 0.957027 -0.00574363 -0.000373329
94 66.4614 -11.7431 0.953759 -0.00643069 -0.000351973
95 61.3237 -7.69949 0.32657 0.0287689 -0.00101791
