0 149.184 -48.758 5.97517 -0.271455 0.00451752
1 273.774 -85.3631 9.72594 -0.434059 0.00704744
2 194.236 -62.6065 7.30849 -0.325249 0.00530084
3 181.459 -58.4059 6.90761 -0.310343 0.00511782
4 280.535 -88.3652 10.0549 -0.450466 0.00737065
5 286.837 -87.122 9.53609 -0.40735 0.0063293
6 269.576 -82.3396 9.08622 -0.388666 0.00602884
7 299.751 -93.5604 10.4607 -0.460095 0.00736541
8 268.877 -86.6832 10.0758 -0.459522 0.00763861
9 159.517 -48.7032 5.53821 -0.229658 0.00344902
10 257.101 -81.7741 9.3539 -0.417459 0.00679759
11 252.884 -79.8744 9.11214 -0.403821 0.00651481
12 259.7 -83.2671 9.67999 -0.440102 0.00729137
13 204.457 -62.8396 7.03897 -0.298941 0.00461372
14 199.595 -63.3913 7.39395 -0.328264 0.00531855
15 297.301 -91.6271 10.1781 -0.443549 0.00702265
16 256.776 -81.7397 9.4021 -0.422144 0.00691257
17 271.302 -84.5048 9.47736 -0.414626 0.0066039
18 288.915 -90.9123 10.3415 -0.463887 0.00759398
19 349.821 -108.01 11.9834 -0.529214 0.00850739
20 223.733 -72.5196 8.58467 -0.39588 0.00668558
21 226.546 -70.8274 8.0698 -0.352973 0.00560194
22 280.293 -86.9537 9.77054 -0.4303 0.00690307
23 277.121 -87.4536 9.94257 -0.443559 0.00720925
24 194.091 -62.8396 7.4229 -0.335806 0.00557146
25 406.498 -125.323 13.8838 -0.619055 0.0100567
26 343.218 -107.995 12.2162 -0.549824 0.00900156
27 275.663 -86.9596 9.93749 -0.44504 0.00725296
28 176.86 -57.1654 6.91612 -0.315878 0.00526407
29 218.947 -70.2501 8.29639 -0.376852 0.00621914
30 229.515 -71.0314 8.01374 -0.346187 0.00542099
31 259.154 -80.2469 8.99921 -0.390032 0.00612525
32 190.624 -62.0164 7.42742 -0.338716 0.00564348
33 207.81 -66.9608 7.88776 -0.354353 0.0057854
34 208.134 -66.1027 7.69652 -0.34329 0.00559387
35 234.839 -72.6191 8.12424 -0.349057 0.00544741
36 168.205 -55.889 6.81725 -0.312624 0.00523423
37 223.435 -69.4183 7.80253 -0.333858 0.00516988
38 258.438 -83.1584 9.62896 -0.436509 0.007226
39 200.414 -63.3336 7.34727 -0.323142 0.00516134
40 137.388 -46.0307 5.72721 -0.264003 0.00449635
41 242.945 -77.586 8.97857 -0.404226 0.00663167
42 196.225 -63.8975 7.598 -0.344985 0.00572159
43 260.47 -82.1122 9.32304 -0.410295 0.00654516
44 215.606 -69.6289 8.22865 -0.374623 0.00621939
45 264.894 -83.6358 9.51313 -0.420999 0.00676326
46 231.724 -73.3077 8.39827 -0.370892 0.00596278
47 231.275 -72.9531 8.37893 -0.372322 0.00602553
48 156.829 -51.2903 6.17989 -0.27949 0.0046478
49 266.655 -84.4397 9.67192 -0.432607 0.0070379
50 211.561 -68.1811 8.01377 -0.362153 0.00596516
51 176.811 -56.7501 6.7607 -0.304564 0.0050193
52 198.641 -65.7924 7.95167 -0.367303 0.00617436
53 199.273 -64.1847 7.56219 -0.340636 0.00561055
54 227.338 -74.0047 8.71062 -0.396159 0.0065687
55 225.624 -72.2998 8.39389 -0.377519 0.00620898
56 138.995 -45.2348 5.49755 -0.246713 0.00407838
57 193.97 -63.0708 7.54957 -0.344554 0.00573876
58 266.957 -85.3553 9.82223 -0.44223 0.00725516
59 235.935 -75.4707 8.74424 -0.391294 0.00636518
60 225.56 -73.9185 8.69829 -0.396494 0.00659998
61 245.512 -79.6258 9.34667 -0.426625 0.00707682
62 209.994 -66.7115 7.73902 -0.34227 0.00550311
63 116.178 -38.1858 4.83284 -0.219517 0.00366296
64 151.407 -46.5192 5.56327 -0.249539 0.00414297
65 134.222 -38.7298 4.54628 -0.195775 0.00313849
66 215.132 -66.1146 7.59194 -0.334546 0.00538092
67 202.269 -61.2279 7.00603 -0.306514 0.004908
68 271.08 -83.8375 9.53021 -0.426415 0.00697513
69 349.217 -105.551 11.6379 -0.514341 0.00830626
70 202.749 -62.9722 7.34453 -0.330607 0.00546918
71 171.814 -50.3087 5.68597 -0.238967 0.003669
72 171.017 -52.1492 6.08736 -0.26767 0.00433061
73 178.306 -54.1787 6.26767 -0.274733 0.00442409
74 221.455 -69.1036 8.02334 -0.360844 0.00594363
75 144.735 -39.8005 4.23615 -0.159021 0.00213367
76 253.743 -79.5752 9.2093 -0.418118 0.00693613
77 196.355 -60.8991 7.09793 -0.318876 0.0052644
78 197.605 -61.1526 7.10598 -0.317866 0.00523881
79 155.062 -45.8153 5.35847 -0.233134 0.00374104
80 149.981 -45.0672 5.26358 -0.228695 0.003678
81 207.436 -61.9808 6.91729 -0.294819 0.00459193
82 119.18 -35.7404 4.21769 -0.180939 0.00291514
83 200 -60.4257 6.87568 -0.297764 0.00470479
84 156.852 -47.0849 5.5726 -0.248764 0.00411215
85 165.106 -50.3258 5.98379 -0.268584 0.00444806
86 75.6756 -19.041 2.28118 -0.0874226 0.00130451
87 194.253 -58.4695 6.74404 -0.297345 0.00481381
88 122.269 -36.1995 4.31768 -0.185368 0.00295451
89 197.572 -60.0839 6.94794 -0.306723 0.00497531
90 211.426 -64.0574 7.29165 -0.317503 0.00504219
91 196.083 -61.3614 7.22347 -0.324613 0.00532619
92 139.756 -43.9737 5.37939 -0.244483 0.00410621
93 174.077 -54.1501 6.45316 -0.289986 0.00476342
94 139.338 -42.4252 5.11614 -0.226667 0.00370751
95 156.521 -46.7275 5.594 -0.251426 0.004171
