0 34.4799 -7.91463 0.81066 -0.0309034 0.000453814
1 24.7081 -6.64181 0.739072 -0.0293271 0.000445838
2 35.1684 -8.07329 0.823193 -0.031404 0.000459592
3 19.0248 -5.31964 0.617957 -0.0246911 0.000381682
4 22.5371 -6.38853 0.701206 -0.0270363 0.000400179
5 16.4638 -5.09638 0.598461 -0.0235825 0.00035749
6 27.6464 -6.9805 0.749879 -0.0290952 0.000431054
7 22.5322 -5.92295 0.660666 -0.0259094 0.000393531
8 21.4648 -6.52262 0.713393 -0.0271094 0.000395592
9 32.7671 -7.90917 0.822704 -0.0318124 0.00047127
10 18.1065 -5.59837 0.637198 -0.024675 0.000366569
11 27.2445 -6.72789 0.720216 -0.0279635 0.000417693
12 31.1054 -7.62367 0.802393 -0.031111 0.000460965
13 29.1363 -7.40366 0.787274 -0.030552 0.000452498
14 20.8835 -5.82018 0.650791 -0.0252958 0.000378981
15 31.78 -7.70619 0.803678 -0.0310086 0.00045861
16 19.9439 -5.53181 0.618659 -0.0239539 0.000359984
17 28.3422 -6.77942 0.703347 -0.0264446 0.000383951
18 22.1499 -5.95478 0.64867 -0.0246777 0.000364107
19 28.4829 -6.67766 0.699916 -0.0266356 0.000392286
20 39.1851 -9.70251 0.984777 -0.0378345 0.000548994
21 31.4395 -7.80475 0.810356 -0.0310885 0.000457718
22 30.9614 -7.6053 0.790406 -0.0301143 0.000439552
23 24.8001 -6.44312 0.697331 -0.027009 0.000404009
24 20.6447 -6.05916 0.66227 -0.0250914 0.000366863
25 31.2549 -7.49001 0.774827 -0.0294863 0.000432681
26 23.0899 -6.04947 0.658238 -0.0250841 0.000370286
27 28.0183 -7.08278 0.747608 -0.0286547 0.000422285
28 8.15229 -3.19778 0.419745 -0.0162227 0.000249978
29 21.3106 -6.1996 0.681529 -0.026149 0.00038822
30 10.8887 -3.49925 0.431705 -0.0164473 0.00024827
31 11.9384 -4.26809 0.516554 -0.0200487 0.000304147
32 53.5574 -11.2792 1.07776 -0.0403203 0.000578491
33 40.935 -9.32605 0.947243 -0.0367222 0.000545861
34 46.8967 -10.4862 1.03797 -0.0397605 0.000580262
35 51.1023 -11.2849 1.11003 -0.0427541 0.000625409
36 52.0664 -11.2966 1.10136 -0.0421534 0.000616779
37 47.8092 -10.5453 1.04258 -0.0400365 0.000587982
38 49.038 -10.8746 1.06743 -0.040771 0.000594925
39 39.8125 -9.20714 0.935459 -0.0362127 0.000534466
40 39.9695 -9.10001 0.924209 -0.0357647 0.000532368
41 49.2253 -10.973 1.07261 -0.0408366 0.000593291
42 46.2695 -10.3362 1.02632 -0.0393732 0.00057619
43 56.3735 -11.8059 1.10995 -0.041142 0.000583466
44 51.8129 -11.1128 1.05509 -0.0392132 0.00055765
45 48.6301 -10.8175 1.06074 -0.0405025 0.000592054
46 52.5271 -11.1776 1.05862 -0.0394753 0.000564143
47 57.2425 -12.298 1.17223 -0.0442989 0.000636965
48 38.8094 -8.97399 0.891498 -0.0334883 0.000483096
49 52.5231 -11.1044 1.05196 -0.0392883 0.000563565
50 51.7846 -11.1726 1.06947 -0.0399733 0.00057156
51 56.0616 -11.7717 1.11105 -0.0414461 0.00059079
52 40.6421 -9.25416 0.914331 -0.0343501 0.000493212
53 48.5715 -10.5562 1.01786 -0.0382993 0.000551879
54 51.3231 -11.1647 1.07349 -0.0404751 0.00058329
55 42.8242 -9.4172 0.929466 -0.0352364 0.000514251
56 56.3385 -12.1013 1.14027 -0.0424993 0.000606539
57 63.4487 -13.131 1.20568 -0.0441051 0.000615271
58 50.6139 -10.8731 1.04094 -0.0389396 0.000558836
59 52.6045 -11.5097 1.11028 -0.0420802 0.000609068
60 47.4949 -9.97091 0.945407 -0.0348853 0.000496626
61 57.2968 -11.7352 1.08494 -0.0396817 0.000557172
62 48.848 -10.4126 0.997617 -0.0373467 0.000540643
63 39.7654 -9.12928 0.916011 -0.034909 0.000508407
64 62.346 -12.4401 1.13451 -0.0416162 0.000585326
65 67.5805 -13.3327 1.19847 -0.0437289 0.000610129
66 58.5506 -11.6193 1.05791 -0.0384745 0.000537135
67 64.2491 -12.8246 1.17572 -0.0436574 0.000622663
68 62.9055 -12.6634 1.16194 -0.0429545 0.000609755
69 61.1722 -12.2543 1.11724 -0.0408199 0.000570585
70 59.6684 -11.8589 1.08026 -0.0393473 0.000549186
71 69.9327 -13.7781 1.24551 -0.0460225 0.000650108
72 55.3855 -11.121 1.02395 -0.0374908 0.000529253
73 65.8556 -13.0938 1.1858 -0.0433991 0.000606386
74 65.7465 -13.3184 1.22013 -0.045079 0.000635564
75 66.6283 -13.1951 1.19198 -0.0437708 0.000614468
76 69.1642 -13.3353 1.17704 -0.0422211 0.000580799
77 71.9289 -13.9253 1.23912 -0.0453039 0.000633993
78 69.1214 -13.7264 1.24183 -0.0456657 0.000640555
79 65.802 -12.9443 1.17343 -0.04319 0.000609572
80 56.1552 -11.2129 1.02744 -0.0375346 0.000528097
81 64.526 -12.7763 1.14803 -0.04167 0.000581122
82 62.052 -12.2798 1.11335 -0.0407263 0.000572289
83 65.6007 -12.7441 1.14205 -0.0417158 0.000585441
84 68.1612 -12.9612 1.14577 -0.0414889 0.000577374
85 64.9395 -12.7059 1.14482 -0.0416401 0.000581606
86 71.2194 -13.421 1.19836 -0.0441767 0.000627271
87 64.9377 -12.713 1.14407 -0.0416813 0.000582535
88 68.5714 -13.4717 1.20691 -0.0438573 0.000610379
89 54.4322 -10.8732 1.00241 -0.0366409 0.0005155
90 62.5804 -12.2358 1.10697 -0.0404236 0.000567163
91 65.6894 -13.0683 1.19015 -0.0439929 0.000622175
92 71.2654 -14.2233 1.29697 -0.0483005 0.000688373
93 55.7818 -11.0235 1.0119 -0.0371579 0.000528068
94 62.634 -12.2466 1.10718 -0.0404762 0.000569622
95 70.3832 -13.7969 1.24504 -0.0459363 0.000647169
