0 -6.61687 -0.137007 0.22999 -0.0093213 0.000160032
1 23.6499 -7.70459 1.00079 -0.0427192 0.000672623
2 34.3225 -11.4224 1.3658 -0.0573834 0.000884011
3 26.9886 -9.56102 1.1962 -0.0510413 0.000801242
4 29.2876 -9.76427 1.22694 -0.0528385 0.00083614
5 30.6982 -10.2134 1.20833 -0.0486935 0.000715038
6 30.6854 -10.3618 1.2633 -0.0531532 0.000815575
7 29.2989 -9.66101 1.19554 -0.0507044 0.000784858
8 33.4719 -11.0101 1.2918 -0.052586 0.000786647
9 27.2209 -7.82599 0.958646 -0.0388427 0.000589536
10 28.3942 -9.2137 1.12302 -0.0463508 0.000706768
11 36.1978 -12.0398 1.45391 -0.0624305 0.00097939
12 20.1559 -6.68604 0.87005 -0.036407 0.000569113
13 28.0406 -8.24115 1.01984 -0.0426248 0.000661742
14 28.4859 -9.18288 1.11452 -0.0458799 0.000697291
15 25.5697 -8.26829 1.04193 -0.0441454 0.00069148
16 18.4455 -4.68735 0.580471 -0.0211532 0.000308131
17 24.3558 -7.40436 0.936621 -0.0387305 0.0005966
18 37.3911 -12.4385 1.41812 -0.0578163 0.000869364
19 31.1341 -10.3816 1.22506 -0.0500069 0.000753679
20 17.7551 -5.18036 0.67227 -0.026273 0.000395225
21 36.0148 -11.7468 1.36232 -0.0560225 0.000845362
22 37.3552 -12.0809 1.40465 -0.0580197 0.000880977
23 23.2599 -7.35351 0.926337 -0.0381678 0.000586795
24 33.2855 -11.3117 1.30806 -0.0532262 0.000801806
25 28.4534 -9.48907 1.13975 -0.0467617 0.000710394
26 24.594 -7.86587 0.984809 -0.0406722 0.000625579
27 23.0297 -7.42377 0.958377 -0.0406973 0.000641381
28 23.6444 -7.9616 0.997442 -0.0415025 0.000637467
29 31.2933 -10.1099 1.20072 -0.0490941 0.000741371
30 22.986 -7.38525 0.93609 -0.0387662 0.000598031
31 30.3183 -9.77163 1.16735 -0.0482307 0.000737967
32 11.6145 -6.09229 0.8267 -0.0344057 0.000535378
33 17.6611 -7.79532 0.940054 -0.0372392 0.000550737
34 9.44328 -5.33835 0.723309 -0.0292778 0.00044623
35 31.1383 -10.8142 1.22088 -0.0485422 0.000713969
36 12.1802 -5.99564 0.777263 -0.0311842 0.000471039
37 73.6819 -21.678 2.22363 -0.0885057 0.00129772
38 31.3678 -11.0926 1.25039 -0.0496184 0.000731099
39 12.1683 -5.95652 0.804388 -0.0332439 0.000507931
40 149.728 -38.9385 3.61685 -0.136476 0.00189134
41 3.98004 -4.64301 0.696705 -0.0294842 0.000467961
42 15.8697 -7.24304 0.897945 -0.036061 0.000539976
43 13.7881 -6.41447 0.827047 -0.0334641 0.000507989
44 -14.8414 0.340367 0.25335 -0.0129787 0.00024488
45 26.6478 -9.4251 1.06945 -0.0419458 0.000612927
46 -1.02755 -3.54179 0.625158 -0.0273051 0.000439829
47 29.3214 -9.91027 1.0851 -0.0417007 0.000602034
48 -8.40049 -0.677046 0.313531 -0.0140777 0.000244341
49 17.484 -6.78082 0.790923 -0.0299528 0.000435194
50 33.2964 -11.0736 1.26581 -0.0511045 0.00075851
51 34.7694 -11.2778 1.27362 -0.051124 0.000756186
52 18.6541 -7.29481 0.903071 -0.036323 0.000543689
53 24.8071 -9.17795 1.06598 -0.0426119 0.000634527
54 26.3208 -9.30004 1.06835 -0.042171 0.000619474
55 37.9477 -12.3496 1.3637 -0.0543079 0.000800137
56 29.7416 -9.61383 1.05599 -0.0403382 0.000574311
57 24.2735 -9.14954 1.05713 -0.0415591 0.000607764
58 -11.6532 -0.617879 0.330729 -0.0150619 0.000258671
59 13.5355 -6.00048 0.753227 -0.0293744 0.000433517
60 25.2141 -9.18093 1.07203 -0.0427824 0.000633817
61 14.9682 -6.33989 0.784295 -0.0307382 0.000455296
62 31.6817 -10.8634 1.21178 -0.0474018 0.000686614
63 24.8439 -8.98207 1.02201 -0.0398826 0.000582876
64 52.2554 -12.7229 1.34527 -0.0536069 0.000795401
65 49.7308 -12.3673 1.32891 -0.0535606 0.000800706
66 50.9154 -11.5674 1.18146 -0.0451557 0.000642938
67 50.2001 -12.3936 1.32745 -0.0535192 0.000800857
68 35.9454 -9.44116 1.06638 -0.0432173 0.00064981
69 55.45 -12.712 1.29009 -0.0493672 0.000699967
70 51.2972 -12.3083 1.29324 -0.0512891 0.000760617
71 56.6992 -12.883 1.30956 -0.0507816 0.000735098
72 53.4157 -12.5359 1.29518 -0.0505228 0.000734128
73 50.6679 -11.9623 1.25193 -0.0490748 0.000717582
74 47.4046 -11.4946 1.22193 -0.0484661 0.000717324
75 42.5543 -10.6251 1.13756 -0.0447291 0.000657715
76 45.1051 -11.2143 1.21418 -0.0487805 0.000730694
77 42.9118 -10.5688 1.12927 -0.0444324 0.000651965
78 49.0076 -10.8625 1.08452 -0.0400923 0.000558242
79 50.0372 -11.5089 1.18077 -0.0453515 0.000650887
80 52.4345 -12.1349 1.25077 -0.0488534 0.000717894
81 38.8604 -10.0272 1.10118 -0.0439773 0.000657206
82 51.8063 -11.7558 1.19471 -0.0459946 0.000668497
83 55.4324 -12.0519 1.19026 -0.0446663 0.000632094
84 54.5988 -12.2065 1.16159 -0.0499832 -0.000353945
85 44.8166 -10.1464 1.0579 -0.0405117 0.000581428
86 49.5132 -10.8638 1.08496 -0.0404958 0.000572624
87 40.8483 -9.65976 1.0188 -0.0389036 0.000559474
88 46.6202 -11.0026 1.15715 -0.0453742 0.000667341
89 39.7886 -9.37443 1.00035 -0.0381569 0.00054442
90 44.5565 -10.7723 1.14201 -0.0447524 0.000658999
91 43.4824 -9.76369 1.00569 -0.0377954 0.000534513
92 34.3526 -8.60754 0.95932 -0.0379179 0.000566785
93 43.7403 -10.5299 1.11413 -0.0431423 0.000621887
94 48.2342 -10.5953 1.08017 -0.0408951 0.000585824
95 51.3334 -11.1542 1.12433 -0.0426638 0.000613824
