0 44.9738 -9.99509 0.988509 -0.0378164 0.000552065
1 42.1665 -9.4994 0.955367 -0.0369809 0.000545004
2 53.2282 -11.7998 1.15514 -0.0446277 0.000652713
3 34.8088 -8.42344 0.882699 -0.0346449 0.000516862
4 46.554 -10.2072 0.992534 -0.0374967 0.000541354
5 39.4866 -9.00038 0.904802 -0.0344168 0.00049987
6 45.9864 -10.5638 1.05637 -0.0409258 0.000600623
7 44.1322 -10.2215 1.02841 -0.0399713 0.000587622
8 43.8836 -9.71784 0.951072 -0.0358104 0.000515993
9 40.2681 -9.30084 0.931752 -0.0355882 0.000518755
10 47.1846 -10.3815 1.0158 -0.0388527 0.00056679
11 42.7856 -9.53949 0.955675 -0.036882 0.000541961
12 43.647 -9.70277 0.966452 -0.0375102 0.000559224
13 42.8307 -9.58104 0.948809 -0.0362008 0.000525172
14 49.6386 -10.5667 1.01459 -0.0382174 0.000549675
15 33.5324 -8.21996 0.863395 -0.0338829 0.000506768
16 32.4337 -7.98637 0.838535 -0.032697 0.000486926
17 51.5933 -11.3339 1.09235 -0.041344 0.000593778
18 53.3561 -11.3776 1.08168 -0.0407461 0.000583935
19 33.5759 -7.46259 0.758153 -0.0290683 0.000433424
20 43.8707 -9.57202 0.927493 -0.0349709 0.000504764
21 36.2476 -8.48532 0.867417 -0.0335909 0.000498585
22 47.6333 -10.3952 1.00263 -0.0376136 0.000536619
23 28.2654 -7.1507 0.759682 -0.0294741 0.000436659
24 52.8275 -11.3864 1.08106 -0.0404318 0.000575715
25 42.5082 -9.46367 0.927559 -0.0349566 0.000503426
26 44.5631 -10.0944 1.00372 -0.0386849 0.000565278
27 43.2519 -10.1215 1.0071 -0.0386889 0.000563142
28 47.4716 -10.8177 1.0705 -0.0413599 0.000605355
29 39.1992 -9.35958 0.964334 -0.037984 0.000567493
30 52.992 -11.847 1.16015 -0.0448998 0.000656872
31 23.4298 -6.14912 0.680149 -0.0268515 0.00040663
32 84.519 -16.8431 1.52401 -0.0568309 0.000802455
33 70.06 -14.2034 1.29673 -0.0479051 0.000676292
34 70.633 -14.3833 1.31636 -0.0488836 0.000691607
35 68.5475 -13.415 1.2295 -0.0460263 0.000660118
36 81.4344 -16.0716 1.46092 -0.0547266 0.000779408
37 74.3034 -13.9087 1.24068 -0.045657 0.000645363
38 80.3634 -15.9795 1.44959 -0.054002 0.000763444
39 72.6501 -14.718 1.35209 -0.0506523 0.000721268
40 75.832 -14.7385 1.32975 -0.049248 0.000697427
41 75.7335 -14.1009 1.24744 -0.0457306 0.000644882
42 79.5732 -15.7094 1.38645 -0.0500676 0.000689626
43 76.3957 -15.0925 1.36614 -0.0509136 0.000722205
44 74.5486 -15.0591 1.36796 -0.0507501 0.000719401
45 74.0416 -14.7161 1.30614 -0.0469692 0.000644676
46 76.1361 -15.2975 1.37739 -0.0507628 0.000711554
47 73.0944 -14.5208 1.3055 -0.0479101 0.000670124
48 75.2113 -14.9433 1.31939 -0.0475044 0.000654433
49 78.4856 -15.1957 1.35981 -0.0503696 0.000715566
50 63.7393 -12.8494 1.16944 -0.0429021 0.000606668
51 80.9744 -16.3626 1.46527 -0.0537887 0.000747656
52 84.3893 -17.5307 1.6 -0.0598927 0.00084702
53 65.9758 -13.1311 1.25485 -0.0492902 0.000740291
54 64.1698 -13.4021 1.25576 -0.0474843 0.000685852
55 82.3887 -16.973 1.54257 -0.0574592 0.000810422
56 72.1735 -13.6111 1.20637 -0.0439895 0.000619115
57 88.0051 -17.8095 1.60964 -0.0601403 0.000851807
58 84.1288 -16.9638 1.54508 -0.0581653 0.000832725
59 78.9947 -15.8589 1.44676 -0.0543668 0.000775242
60 73.9844 -14.5262 1.30908 -0.0483403 0.00068168
61 82.8196 -16.5105 1.46758 -0.053571 0.000743406
62 69.4941 -14.0957 1.28175 -0.0474358 0.00066937
63 77.2157 -15.2322 1.37949 -0.0515813 0.00073112
64 44.0677 -10.282 1.03376 -0.0401038 0.00058947
65 38.6429 -9.25599 0.946977 -0.0366944 0.000538717
66 30.4764 -7.77764 0.831977 -0.0327999 0.000491088
67 33.26 -8.23251 0.860623 -0.0333829 0.000490483
68 32.7539 -8.14362 0.85782 -0.0335939 0.000501125
69 37.7592 -8.83961 0.899538 -0.0347597 0.000511434
70 23.3879 -6.782 0.755881 -0.029729 0.000441449
71 46.2084 -10.174 1.0029 -0.0385157 0.000562845
72 24.2694 -6.99778 0.765135 -0.0296415 0.000436209
73 45.1267 -9.89069 0.969614 -0.0370034 0.000541687
74 31.5659 -7.66281 0.791018 -0.0299891 0.00043441
75 30.0945 -7.63648 0.800647 -0.0307922 0.000450996
76 32.3674 -7.7933 0.818176 -0.0318585 0.000473988
77 31.3968 -7.88406 0.822768 -0.0317184 0.000465104
78 29.995 -7.62332 0.816209 -0.0321873 0.000484581
79 34.4397 -8.48396 0.896054 -0.0355077 0.000533253
80 49.0083 -10.9042 1.06222 -0.0404767 0.000585714
81 33.0959 -7.92768 0.805774 -0.0303529 0.00043706
82 31.3681 -7.77747 0.80921 -0.0311144 0.000457012
83 44.2246 -9.52937 0.918269 -0.0342276 0.000487847
84 53.9324 -11.6258 1.0971 -0.0407542 0.00057425
85 25.5805 -6.49468 0.69781 -0.0268623 0.000398216
86 33.8307 -7.83344 0.800522 -0.030536 0.000447414
87 20.4029 -5.27764 0.592188 -0.0229693 0.000346748
88 31.6404 -7.66397 0.794877 -0.0303328 0.000442818
89 22.7168 -6.60678 0.73663 -0.0288679 0.000429804
90 24.6045 -6.4524 0.702331 -0.027417 0.000411562
91 33.0103 -8.13451 0.84832 -0.032935 0.000485144
92 22.8746 -6.70569 0.74736 -0.0293772 0.00043648
93 33.1657 -7.73746 0.80371 -0.0309841 0.000457027
94 23.4538 -5.98617 0.657809 -0.0256562 0.00038576
95 38.1714 -9.27775 0.970583 -0.0385055 0.000574144
