0 48.224 -10.6368 1.05605 -0.0408685 0.000606162
1 48.0468 -10.5358 1.04332 -0.0403044 0.000593788
2 55.2275 -11.5132 1.09332 -0.0411761 0.000592437
3 50.6611 -10.9162 1.0621 -0.0404938 0.00059174
4 41.322 -9.38159 0.93757 -0.0358406 0.000526804
5 49.7957 -10.7417 1.03912 -0.039377 0.00057349
6 40.0638 -9.48086 0.969088 -0.037558 0.000555024
7 40.9256 -9.18461 0.913581 -0.0348937 0.000511463
8 48.8746 -10.5222 1.01967 -0.0386848 0.000562523
9 41.7478 -9.42554 0.940727 -0.0360805 0.000531994
10 43.955 -9.76538 0.96413 -0.0367421 0.000538197
11 47.7806 -10.5754 1.04404 -0.040139 0.000586769
12 45.3869 -9.76122 0.937304 -0.0349117 0.000500038
13 44.442 -9.78394 0.961548 -0.0367181 0.000538789
14 55.6238 -11.6587 1.09638 -0.0409541 0.000587902
15 40.9392 -9.06024 0.892849 -0.0334768 0.000481985
16 46.9537 -10.1724 0.978445 -0.0365031 0.000524186
17 48.0344 -10.316 0.991278 -0.0371197 0.00053252
18 57.7944 -11.6882 1.06889 -0.0388204 0.000540898
19 38.5054 -8.43512 0.833609 -0.0313259 0.000455086
20 44.0225 -9.64091 0.936911 -0.0350938 0.000503651
21 45.238 -9.95843 0.973496 -0.0368231 0.000536531
22 49.9689 -10.5106 0.995372 -0.0370048 0.000530036
23 44.4053 -9.7738 0.957164 -0.0361898 0.000524759
24 38.6073 -8.68333 0.860971 -0.0323951 0.000473036
25 44.2575 -9.39649 0.902718 -0.0336114 0.000484228
26 45.9807 -10.1521 0.999168 -0.0382537 0.000564953
27 49.1439 -10.623 1.02506 -0.0387957 0.000562268
28 33.3167 -7.73734 0.795415 -0.0306052 0.000459307
29 43.7984 -9.27266 0.89753 -0.0336791 0.000490165
30 43.8771 -9.39915 0.915007 -0.034396 0.000502013
31 45.3514 -10.0012 0.98079 -0.03734 0.000546632
32 58.7675 -11.9204 1.11515 -0.041921 0.000605633
33 49.3305 -9.96824 0.94199 -0.0353162 0.000514974
34 44.5828 -9.59802 0.956913 -0.0374098 0.000561944
35 59.0116 -12.1569 1.14135 -0.0429549 0.000616195
36 44.0099 -9.63873 0.961928 -0.037444 0.000558743
37 52.0719 -10.0035 0.900927 -0.032031 0.00044625
38 67.3484 -13.3807 1.22311 -0.0454751 0.000647339
39 60.2998 -12.1766 1.12762 -0.0419402 0.000595638
40 60.5903 -12.2813 1.13556 -0.0421752 0.000601609
41 49.6257 -10.1376 0.961189 -0.0361183 0.000524961
42 50.2271 -10.489 1.00318 -0.0380232 0.000554737
43 52.8709 -10.9941 1.04862 -0.0399093 0.000582638
44 60.3975 -12.1922 1.12705 -0.0418968 0.000598713
45 57.7893 -11.8179 1.09544 -0.0407579 0.000583894
46 59.2007 -12.406 1.16862 -0.0442177 0.000639504
47 50.0407 -10.332 0.980887 -0.0368609 0.000535197
48 56.1002 -11.3653 1.05464 -0.0392749 0.000564971
49 67.9251 -13.3191 1.19367 -0.0435599 0.000610756
50 46.7451 -9.71989 0.929273 -0.0349386 0.000508445
51 63.3167 -12.7673 1.16671 -0.0432044 0.0006124
52 61.7716 -12.3724 1.12744 -0.0413753 0.000584519
53 54.694 -10.884 0.997859 -0.0367089 0.000521466
54 59.9228 -9.8621 0.745858 -0.0205959 0.000208657
55 56.3853 -11.5185 1.07738 -0.040311 0.000578289
56 63.9758 -12.76 1.14995 -0.0419125 0.000586809
57 51.7826 -10.5162 0.979654 -0.0361909 0.000517251
58 45.4255 -9.66632 0.938787 -0.0355786 0.000518744
59 49.1503 -10.6778 1.03899 -0.0398745 0.000585599
60 49.1658 -10.2554 0.97467 -0.0367014 0.000533702
61 48.3753 -10.0906 0.964167 -0.0364789 0.000531901
62 54.2931 -11.016 1.02902 -0.0384092 0.000555027
63 61.6574 -13.0035 1.22843 -0.0468984 0.000681256
64 20.1367 -5.72619 0.644117 -0.0249242 0.000375259
65 20.3877 -4.47277 0.477026 -0.0173509 0.000259928
66 21.2302 -6.15866 0.70623 -0.0281793 0.000431038
67 21.8175 -6.35036 0.724906 -0.0291785 0.000449133
68 25.6723 -6.79346 0.749801 -0.0295663 0.000448858
69 22.4541 -6.50171 0.728832 -0.0287825 0.000434224
70 25.0393 -6.50533 0.714254 -0.0279803 0.000422333
71 11.6297 -4.16921 0.526035 -0.0210603 0.000328104
72 28.8073 -7.2346 0.758904 -0.0288071 0.000420976
73 20.0288 -5.52359 0.627518 -0.0244927 0.000372123
74 29.4246 -7.21881 0.7649 -0.0295604 0.000443318
75 12.823 -4.3521 0.533749 -0.0211695 0.000327436
76 20.3629 -5.73354 0.647351 -0.0250678 0.000375125
77 21.4478 -5.8609 0.646407 -0.0249048 0.000370932
78 22.3323 -6.15655 0.675642 -0.0258759 0.000382114
79 30.6618 -7.3222 0.751952 -0.0281891 0.000407624
80 27.3489 -6.93672 0.733365 -0.0279113 0.00041047
81 31.8946 -7.5715 0.772532 -0.0290086 0.00042063
82 31.5259 -7.67919 0.795296 -0.0305157 0.000452196
83 26.636 -6.67089 0.7124 -0.0273939 0.000408936
84 31.5853 -7.50524 0.766221 -0.0287752 0.00041758
85 15.5737 -5.05052 0.580839 -0.022062 0.000325351
86 23.9072 -6.01354 0.651443 -0.0250243 0.000376882
87 26.4557 -6.58158 0.705553 -0.0271137 0.000403516
88 20.1437 -5.04325 0.54924 -0.0203053 0.00030042
89 23.4759 -6.06808 0.663588 -0.0253754 0.000377145
90 27.7009 -6.85587 0.726036 -0.0276443 0.000407073
91 19.106 -5.31331 0.606508 -0.0235558 0.000354433
92 18.5335 -5.19881 0.594186 -0.0230398 0.000348709
93 28.1548 -6.86785 0.724132 -0.0275692 0.000405823
94 31.5309 -7.38343 0.758311 -0.0287276 0.00042042
95 13.1019 -3.92015 0.478415 -0.018572 0.000286435
