0 30.0865 -8.44548 0.845728 -0.0305407 0.000423724
1 29.9435 -8.44924 0.857269 -0.0313839 0.000438622
2 31.9009 -9.01307 0.909645 -0.033314 0.000463357
3 54.2613 -14.0261 1.27853 -0.0447936 0.000591179
4 54.8452 -14.0477 1.26166 -0.0436145 0.000570073
5 27.5956 -7.838 0.796619 -0.0287966 0.000398421
6 30.2221 -8.55527 0.871457 -0.0319847 0.00044468
7 49.7092 -12.8063 1.16585 -0.0405067 0.000533114
8 23.6527 -6.58004 0.712204 -0.0267426 0.000387267
9 22.7281 -6.33882 0.677188 -0.0250269 0.000356129
10 63.1627 -16.149 1.45174 -0.0507459 0.000667727
11 46.2869 -12.2843 1.15382 -0.0409744 0.000549134
12 38.0629 -10.3206 0.990707 -0.0352562 0.000477251
13 23.9643 -6.72913 0.706621 -0.0259235 0.000366224
14 26.1477 -7.32326 0.752972 -0.0273806 0.000380538
15 64.2374 -16.1489 1.43189 -0.0497651 0.00065202
16 36.648 -9.95903 0.961927 -0.0342575 0.000463131
17 36.8237 -10.0783 0.988857 -0.0360204 0.000496938
18 37.6557 -10.2715 0.99796 -0.035982 0.00049228
19 22.6978 -6.34405 0.673542 -0.0247058 0.0003495
20 30.3696 -8.44002 0.845733 -0.0305895 0.000422485
21 36.5742 -9.92278 0.966109 -0.0347754 0.000475187
22 51.3065 -13.4309 1.24475 -0.044167 0.000589638
23 28.0332 -7.66223 0.772058 -0.0278288 0.000382946
24 42.3743 -11.299 1.06667 -0.0377854 0.000507845
25 42.379 -11.1396 1.03636 -0.0361902 0.000478731
26 54.6756 -14.1977 1.29908 -0.0456821 0.000604793
27 22.3623 -6.11452 0.643235 -0.0233864 0.000328611
28 37.4305 -10.1808 0.985308 -0.0353518 0.000482067
29 50.2996 -13.1462 1.21309 -0.0427456 0.000568318
30 22.0364 -5.99035 0.643236 -0.0237676 0.000341159
31 58.3878 -14.9093 1.34173 -0.0467232 0.000610999
32 32.6326 -9.23398 0.94727 -0.0356388 0.000507875
33 25.4113 -7.2373 0.778482 -0.0296727 0.000429494
34 45.812 -12.4245 1.19704 -0.044006 0.000609518
35 27.9417 -7.9703 0.824043 -0.0307793 0.00043812
36 39.8542 -10.9394 1.0756 -0.0397407 0.000552611
37 38.284 -10.5725 1.04529 -0.0386368 0.000538564
38 29.3123 -8.29272 0.855378 -0.0320064 0.000455075
39 41.0809 -11.1606 1.08611 -0.0398065 0.000547512
40 33.5459 -9.31192 0.93738 -0.0348751 0.000490251
41 36.5312 -10.0124 0.986848 -0.0362525 0.000502608
42 21.1218 -5.7516 0.623128 -0.0234255 0.000340988
43 32.0585 -8.87344 0.890623 -0.0327954 0.000455911
44 24.6035 -6.52701 0.703105 -0.0268313 0.000392481
45 28.9063 -8.14909 0.838598 -0.0313523 0.000445574
46 35.0502 -9.72431 0.975932 -0.0363461 0.00050958
47 35.6283 -9.80008 0.976926 -0.0361928 0.000505938
48 31.0277 -8.58506 0.868189 -0.0321476 0.0004507
49 27.0075 -7.51751 0.774882 -0.028649 0.000403979
50 62.0776 -15.7709 1.42185 -0.0503069 0.000668364
51 21.2094 -5.79729 0.615741 -0.0226908 0.00032406
52 27.013 -7.51092 0.774482 -0.0286376 0.000405389
53 20.6384 -5.51908 0.593632 -0.0220229 0.000318781
54 22.3794 -6.12936 0.650099 -0.0241992 0.000348564
55 40.3556 -10.922 1.06233 -0.0388092 0.000534397
56 21.0764 -5.45989 0.573117 -0.0208441 0.000299272
57 44.3319 -11.989 1.1586 -0.0424777 0.000584994
58 44.6913 -11.7774 1.10881 -0.0395765 0.000530958
59 40.7563 -10.8375 1.0315 -0.0369613 0.000501074
60 28.8488 -7.92672 0.799805 -0.02926 0.000409814
61 33.6402 -9.22683 0.917589 -0.0336893 0.000466786
62 21.7699 -5.86388 0.631859 -0.0237339 0.000346831
63 24.8292 -6.93615 0.729799 -0.0273283 0.000391355
64 29.1531 -6.7559 0.673293 -0.0244633 0.000349413
65 34.6488 -7.64779 0.743291 -0.027039 0.000384773
66 39.8618 -8.88017 0.866201 -0.0321577 0.000462392
67 29.5164 -7.1224 0.729711 -0.0273908 0.000396334
68 39.4098 -8.89718 0.864797 -0.0318219 0.00044989
69 43.8926 -9.17828 0.86212 -0.0312544 0.000438203
70 42.1859 -9.0673 0.864928 -0.0315889 0.000442992
71 30.2119 -6.56668 0.648941 -0.0234718 0.000334109
72 27.9382 -6.66943 0.676243 -0.0248938 0.000357647
73 35.4859 -7.71326 0.740201 -0.0266284 0.00037239
74 43.3401 -9.35794 0.892047 -0.0327262 0.000460113
75 35.4721 -8.06563 0.801865 -0.0299614 0.000430346
76 33.4303 -7.91694 0.793589 -0.0295268 0.000421964
77 33.8941 -7.5269 0.730171 -0.0264287 0.000371025
78 33.5725 -7.52658 0.738488 -0.0269107 0.000380577
79 43.9346 -9.49622 0.907921 -0.0334468 0.000471266
80 36.6863 -8.21601 0.792539 -0.0287036 0.000400843
81 44.5651 -10.0753 0.96621 -0.0354857 0.000494957
82 34.3737 -7.59064 0.731698 -0.0262891 0.000366803
83 42.7099 -8.77732 0.81709 -0.0293278 0.000408319
84 39.6362 -8.21296 0.759909 -0.0267585 0.000368669
85 28.7667 -6.43082 0.633796 -0.0226309 0.000318328
86 42.5983 -8.741 0.811245 -0.029002 0.000405049
87 32.4459 -6.9789 0.680631 -0.0246309 0.000349304
88 38.3605 -8.60331 0.825317 -0.0296753 0.000409851
89 39.5287 -8.58636 0.821022 -0.029732 0.000417333
90 35.1232 -7.83175 0.763153 -0.0278664 0.000393576
91 37.8345 -7.9109 0.751285 -0.0270291 0.00038057
92 37.5297 -8.04485 0.763221 -0.0272003 0.000376685
93 42.0972 -8.83344 0.832649 -0.0299398 0.000418637
94 37.0935 -8.05945 0.77125 -0.0277805 0.000389762
95 22.9902 -6.16034 0.66053 -0.0249887 0.000364763
