0 27.2239 -8.26606 0.916121 -0.0362808 0.000545878
1 21.4116 -6.83736 0.782363 -0.0309306 0.000465581
2 22.2081 -6.8425 0.78572 -0.0313508 0.000476084
3 51.2232 -14.4477 1.45517 -0.056441 0.000819354
4 16.6412 -5.05325 0.602557 -0.0238442 0.000368016
5 24.5203 -7.17113 0.81232 -0.0324118 0.000491296
6 24.1779 -7.28905 0.845373 -0.0346292 0.000535839
7 40.5945 -11.679 1.18611 -0.0453431 0.000651972
8 23.3893 -6.86473 0.767884 -0.0299406 0.000447733
9 24.8514 -7.39032 0.832651 -0.0332331 0.000503839
10 27.8068 -7.25324 0.785975 -0.0303647 0.000450097
11 24.3634 -7.32478 0.833851 -0.0336675 0.000515562
12 31.0485 -9.37321 1.03315 -0.0415424 0.000627536
13 22.4404 -6.49411 0.73353 -0.0288671 0.00043452
14 21.9855 -6.85288 0.782383 -0.031213 0.000475389
15 30.6248 -9.1455 0.979796 -0.0381259 0.000558918
16 33.4368 -9.81521 1.03133 -0.0395893 0.000574773
17 24.7424 -7.30968 0.815279 -0.0322461 0.000485634
18 31.0259 -9.28423 0.999313 -0.0392566 0.000581404
19 18.2344 -5.55126 0.649858 -0.0256172 0.00038773
20 18.0185 -6.13752 0.706881 -0.0275738 0.000412241
21 38.9586 -11.1336 1.1332 -0.0428753 0.000605567
22 21.6103 -6.68984 0.748044 -0.0289647 0.000428135
23 21.2499 -6.89082 0.775004 -0.0302061 0.00044885
24 32.9997 -9.79882 1.01214 -0.0382005 0.00054487
25 35.0501 -10.1927 1.04355 -0.0392387 0.00055479
26 23.4308 -6.81129 0.781768 -0.031496 0.00048451
27 29.6997 -8.86533 0.966793 -0.0383327 0.00057223
28 24.7844 -7.37149 0.832216 -0.0332139 0.000499298
29 27.0573 -8.193 0.897223 -0.0351023 0.000519379
30 17.3473 -6.01949 0.699585 -0.02743 0.00041044
31 25.0071 -7.55364 0.845729 -0.0336049 0.000504737
32 24.6663 -7.27283 0.81093 -0.0320338 0.000479644
33 16.2887 -5.58753 0.66775 -0.0269751 0.000414832
34 23.7009 -6.93599 0.772511 -0.0302382 0.000449219
35 23.8512 -7.16951 0.79913 -0.0316503 0.000476305
36 23.028 -6.13457 0.669365 -0.0254761 0.000374935
37 32.35 -9.44494 0.995558 -0.0385505 0.000558976
38 32.4577 -7.92574 0.842639 -0.0330831 0.000495784
39 21.142 -6.17914 0.705977 -0.0281801 0.000429667
40 20.4961 -5.6518 0.653155 -0.0261977 0.000405799
41 7.59509 -2.4891 0.316282 -0.0110705 0.000165993
42 26.0215 -7.77896 0.865839 -0.0346209 0.000521706
43 19.7559 -5.9393 0.67756 -0.0266559 0.000400437
44 12.9282 -4.65466 0.573279 -0.0228003 0.000350494
45 22.7735 -6.94889 0.774265 -0.0304818 0.000456893
46 17.334 -5.6653 0.666317 -0.0267527 0.000411216
47 21.9872 -5.87349 0.665731 -0.0264686 0.000404448
48 24.926 -7.2587 0.792232 -0.0307906 0.000455396
49 25.1481 -6.72807 0.745229 -0.0293972 0.00044505
50 31.0525 -8.94126 0.919264 -0.0345224 0.000489233
51 20.1444 -5.99411 0.685128 -0.0271367 0.000410738
52 20.6543 -5.73711 0.640964 -0.0246007 0.000361736
53 16.7617 -5.57859 0.642198 -0.024917 0.000372225
54 13.126 -4.33575 0.531259 -0.0210096 0.000324055
55 12.8858 -4.55758 0.548169 -0.0213573 0.000324737
56 31.6569 -9.08434 0.948855 -0.0363178 0.000524086
57 22.2132 -6.12172 0.685573 -0.0267293 0.00040012
58 19.2721 -5.61114 0.652185 -0.0260162 0.000399473
59 16.284 -5.33888 0.615485 -0.0237187 0.000351681
60 20.2935 -5.71443 0.649415 -0.0255565 0.000387111
61 25.489 -6.73705 0.738421 -0.0288554 0.000430786
62 24.3258 -7.25059 0.798315 -0.0312172 0.000461892
63 17.2196 -5.23729 0.618468 -0.0246541 0.000377059
64 30.9552 -7.64861 0.79178 -0.0303052 0.000447167
65 38.9371 -9.16627 0.919338 -0.034998 0.000508083
66 41.8686 -9.79827 0.991116 -0.0387152 0.000576893
67 35.0904 -8.44105 0.873178 -0.0341829 0.000512024
68 42.7513 -9.84336 0.972682 -0.0368258 0.000530851
69 46.8047 -10.3379 1.00373 -0.0382246 0.000554928
70 31.0106 -7.69591 0.816868 -0.0322113 0.000485951
71 44.2449 -9.91633 0.985675 -0.0380988 0.000562645
72 42.4026 -9.98714 0.99047 -0.0376754 0.000545299
73 30.8278 -7.32506 0.747827 -0.0281211 0.000407625
74 35.0573 -8.14188 0.803591 -0.0296501 0.000423083
75 41.0506 -9.21089 0.901113 -0.033789 0.000486609
76 41.1431 -9.28944 0.926244 -0.0355844 0.000523932
77 32.6129 -7.85267 0.803646 -0.0307732 0.000452958
78 51.0468 -10.9604 1.04758 -0.0395185 0.000570039
79 37.0979 -8.58515 0.863373 -0.0329126 0.000479713
80 46.9888 -10.5439 1.0153 -0.0380268 0.000543106
81 39.4235 -8.66515 0.82237 -0.0294552 0.000408021
82 53.7059 -11.7245 1.12552 -0.0429364 0.000623132
83 44.587 -9.97351 0.97598 -0.0370416 0.000538583
84 33.6971 -7.86406 0.7891 -0.029561 0.00042702
85 31.4149 -7.43918 0.762125 -0.0287252 0.000417423
86 31.6075 -7.73916 0.802882 -0.0307773 0.000452697
87 53.2622 -11.5488 1.10819 -0.0421257 0.000609779
88 37.4295 -8.56677 0.852145 -0.0319769 0.000460529
89 37.938 -9.30301 0.953888 -0.036969 0.000543199
90 42.5982 -10.0792 1.01697 -0.0396256 0.000587328
91 40.3847 -9.4677 0.959706 -0.0372251 0.000548246
92 32.7841 -8.01283 0.832557 -0.0323373 0.000480853
93 43.3348 -10.0889 1.00761 -0.0387524 0.000566206
94 33.2257 -7.71623 0.794901 -0.030629 0.000455212
95 39.2703 -9.0766 0.929582 -0.0367649 0.000556921
