0 30.4017 -9.44854 1.15321 -0.0489949 0.000813459
1 50.2468 -12.3722 1.2858 -0.0475172 0.000665915
2 62.0002 -13.8976 1.35564 -0.0483338 0.000658209
3 44.1627 -11.4655 1.23982 -0.0480432 0.000723339
4 61.5512 -14.6853 1.50019 -0.0578159 0.000864305
5 66.4322 -15.4892 1.55957 -0.0592728 0.000863985
6 45.5127 -10.6358 1.03771 -0.0329789 0.000363546
7 60.628 -14.1806 1.42591 -0.0529725 0.000747084
8 51.835 -12.6826 1.31641 -0.0493432 0.000709007
9 45.2295 -11.1208 1.15061 -0.0418273 0.000583902
10 49.1268 -11.7349 1.18747 -0.0419353 0.000559901
11 64.2286 -15.0029 1.52129 -0.0579978 0.000845727
12 63.5937 -15.0081 1.50795 -0.0565121 0.00080786
13 55.6613 -13.1629 1.31739 -0.048118 0.000676768
14 44.7234 -11.7744 1.27706 -0.0502126 0.000767142
15 43.9754 -11.5418 1.23512 -0.0475355 0.000709514
16 43.9759 -10.5038 1.06813 -0.0381445 0.000536512
17 59.3336 -13.3812 1.29079 -0.0454898 0.000617475
18 42.4174 -10.5285 1.07191 -0.0380854 0.000522577
19 52.8027 -13.1712 1.37572 -0.0528985 0.000785103
20 60.3873 -14.3383 1.43037 -0.0532366 0.00076769
21 56.6236 -13.061 1.27814 -0.044985 0.000596984
22 52.8955 -13.2289 1.39251 -0.0545237 0.000831027
23 55.5275 -13.8539 1.43059 -0.0546204 0.000801569
24 70.0774 -15.5252 1.50054 -0.0547824 0.0007607
25 64.1135 -15.3869 1.55335 -0.0593525 0.000870222
26 51.8147 -12.6344 1.31823 -0.0508621 0.000766808
27 54.2351 -12.8564 1.29044 -0.0473604 0.000667587
28 66.3211 -15.4158 1.56173 -0.0612508 0.000935281
29 42.4385 -10.3041 1.07683 -0.0405511 0.000615975
30 56.4196 -12.9478 1.29087 -0.0476342 0.000689694
31 54.4278 -13.5478 1.44086 -0.0583378 0.000917158
32 34.5768 -10.9698 1.21586 -0.0458879 0.000645897
33 33.6344 -10.8089 1.23925 -0.0485868 0.000718457
34 32.5579 -10.4521 1.20275 -0.0471559 0.000692668
35 35.8578 -10.2005 1.13233 -0.0432243 0.000625424
36 31.4012 -9.95124 1.13966 -0.0446918 0.000665677
37 38.8287 -11.1607 1.23203 -0.0476106 0.000687401
38 27.8651 -8.35661 0.95423 -0.0355071 0.000507889
39 31.1543 -9.10666 1.00845 -0.0370161 0.000515999
40 35.8077 -10.3024 1.14752 -0.0446055 0.000662796
41 36.6826 -10.6389 1.20777 -0.0488757 0.000759119
42 30.9786 -9.98039 1.17195 -0.0475741 0.000738
43 44.1991 -14.7947 1.77323 -0.079384 0.00133589
44 39.2509 -10.1729 1.03062 -0.03417 0.00040442
45 32.196 -9.57216 1.06424 -0.0400983 0.000573074
46 34.9517 -10.8397 1.18643 -0.044412 0.000619108
47 39.6541 -13.0264 1.53041 -0.0652404 0.00103516
48 43.628 -13.7854 1.57343 -0.0672434 0.00110322
49 27.5208 -8.34239 0.917099 -0.0330344 0.000454758
50 35.4601 -10.2172 1.14044 -0.0444944 0.000665729
51 43.2008 -11.1524 1.15484 -0.0417406 0.000572646
52 52.8435 -14.8129 1.47699 -0.0531609 0.0007113
53 33.6978 -9.33161 1.01266 -0.0372108 0.000520137
54 33.1887 -9.04882 0.970115 -0.0350235 0.000486358
55 29.5595 -9.08143 1.05455 -0.0417337 0.000627395
56 25.847 -7.32134 0.758669 -0.0248449 0.000320698
57 32.9516 -10.4352 1.19997 -0.0479995 0.000730816
58 31.6651 -9.29917 1.02754 -0.0381231 0.000531806
59 41.1338 -13.1336 1.48559 -0.0605586 0.000927986
60 34.328 -10.5751 1.22484 -0.0505018 0.000797669
61 32.8792 -9.57922 1.05291 -0.0390725 0.00055036
62 47.8512 -14.2596 1.70284 -0.0794005 0.00142779
63 36.7682 -11.6306 1.31469 -0.0528622 0.000801147
64 35.9435 -11.7148 1.37216 -0.0575237 0.000920628
65 32.6948 -10.635 1.25198 -0.0521782 0.000848797
66 58.6089 -18.8345 2.14682 -0.0936128 0.00152806
67 34.2078 -10.8549 1.22802 -0.048692 0.000741842
68 35.5249 -9.18712 0.966495 -0.0341993 0.000474012
69 33.3984 -9.35792 1.00703 -0.0361394 0.000488257
70 37.119 -12.2132 1.44344 -0.0615484 0.000994271
71 38.3684 -10.8808 1.22696 -0.049254 0.00077424
72 79.6796 -24.4332 2.6522 -0.113136 0.00180763
73 30.6527 -9.6693 1.09738 -0.0425479 0.000635285
74 68.0737 -20.5272 2.17556 -0.0876447 0.00131644
75 26.2361 -7.69349 0.851266 -0.030373 0.000424419
76 41.4734 -13.598 1.59925 -0.0697144 0.0011611
77 30.2274 -7.56033 0.748983 -0.0226879 0.000260108
78 39.7238 -10.2624 1.06548 -0.0386784 0.000559838
79 37.1161 -11.8113 1.33657 -0.0541784 0.000843084
80 30.9466 -8.5322 0.947538 -0.0366606 0.000577218
81 26.3243 -7.2229 0.745299 -0.0233254 0.000271445
82 50.357 -15.6712 1.71863 -0.0698714 0.00107084
83 38.3541 -10.0321 1.05289 -0.0388983 0.000570872
84 24.7871 -7.19461 0.788328 -0.0279136 0.00039427
85 37.2208 -11.4566 1.2625 -0.0493292 0.000740031
86 31.4214 -8.62759 0.90913 -0.0309224 0.000399376
87 28.9972 -8.98049 1.04754 -0.0421266 0.000666951
88 23.3673 -6.53775 0.666847 -0.0187778 0.000192304
89 27.4306 -8.56258 1.01156 -0.0411587 0.000669826
90 24.1627 -6.79109 0.679511 -0.0184709 0.00016377
91 49.679 -15.9102 1.80036 -0.0756839 0.0011934
92 29.4837 -9.30169 1.05997 -0.0407794 0.00060808
93 55.8868 -16.8098 1.78817 -0.0711768 0.00106784
94 24.6004 -7.27192 0.819555 -0.0296854 0.000429606
95 47.8083 -15.7961 1.86037 -0.0822939 0.00137365
