0 26.7627 -6.74209 0.733949 -0.0287899 0.000435262
1 29.7329 -7.82301 0.85412 -0.0340398 0.000515371
2 24.6364 -7.41963 0.843359 -0.0344281 0.000530147
3 23.137 -6.83266 0.775775 -0.0313287 0.000478541
4 25.3967 -7.62994 0.850361 -0.0340154 0.000510932
5 37.8117 -9.00648 0.930837 -0.0363343 0.000539222
6 22.5244 -6.58756 0.76009 -0.0309094 0.000477145
7 24.365 -6.80926 0.765147 -0.0307537 0.000472522
8 24.2907 -6.9086 0.774372 -0.0309901 0.000472695
9 39.5768 -9.34499 0.958483 -0.0374418 0.000555518
10 31.6139 -7.99003 0.85219 -0.0335758 0.000503518
11 31.7655 -7.97032 0.852686 -0.0338992 0.000511148
12 28.9491 -7.51104 0.802792 -0.0314095 0.000469358
13 23.4204 -6.48206 0.719143 -0.0282607 0.00042521
14 41.6874 -9.5303 0.954929 -0.0366228 0.000535737
15 21.6591 -6.17449 0.697266 -0.0277195 0.000422912
16 28.7773 -7.47311 0.795914 -0.0309259 0.000458301
17 32.8529 -8.14875 0.854073 -0.0332905 0.000494921
18 39.8844 -9.41343 0.949491 -0.0364811 0.000532266
19 37.7484 -9.15748 0.955289 -0.0377378 0.000568075
20 25.1577 -7.0809 0.774015 -0.0304114 0.00045544
21 28.6324 -7.27149 0.780929 -0.0306938 0.000462408
22 40.359 -9.56097 0.982864 -0.038718 0.000579189
23 19.6655 -5.5057 0.626764 -0.0247835 0.000379484
24 36.2594 -8.83449 0.903601 -0.0347547 0.000511021
25 25.9311 -6.7768 0.731024 -0.028332 0.000420379
26 36.219 -9.43098 0.998726 -0.039716 0.000595163
27 34.9851 -8.52961 0.891815 -0.0349292 0.000519283
28 34.5804 -8.66409 0.910357 -0.0358219 0.000534577
29 32.9485 -8.38358 0.886627 -0.0349075 0.000520939
30 32.8149 -8.22093 0.86529 -0.0338514 0.000503048
31 30.4214 -7.94643 0.865455 -0.0347973 0.000529089
32 44.7317 -10.2221 1.02008 -0.0394147 0.000581219
33 53.0167 -11.6842 1.13243 -0.0432803 0.000627619
34 39.2326 -9.51212 0.9866 -0.0390661 0.000586091
35 41.9494 -9.56136 0.975858 -0.0388192 0.000590913
36 32.9914 -7.83576 0.809656 -0.0312443 0.00046485
37 36.9534 -8.66419 0.893897 -0.0349893 0.000523562
38 40.381 -9.29882 0.940488 -0.0364091 0.000537444
39 41.8932 -9.54936 0.951221 -0.0365314 0.000536694
40 44.4577 -9.84474 0.964126 -0.0366809 0.000535813
41 44.5812 -9.73081 0.950912 -0.0361218 0.000527756
42 43.8227 -9.78455 0.962282 -0.0367142 0.000536484
43 42.8931 -9.63317 0.967264 -0.0377836 0.00056498
44 50.4822 -10.9719 1.06426 -0.040688 0.000595533
45 41.4277 -9.44611 0.944263 -0.03639 0.000535524
46 48.2354 -10.7042 1.04934 -0.0403944 0.000592047
47 47.7209 -10.8255 1.07609 -0.0420731 0.000625826
48 48.0246 -10.3219 0.991518 -0.0373858 0.000541963
49 50.4302 -11.0539 1.06644 -0.0404218 0.000584664
50 44.4509 -10.0622 0.999548 -0.038526 0.000566584
51 51.6255 -10.986 1.05291 -0.040074 0.000583564
52 51.7027 -11.5252 1.12746 -0.0435913 0.000640062
53 41.0101 -9.03015 0.894827 -0.0344206 0.00051053
54 45.4816 -10.226 1.00726 -0.0386673 0.00056546
55 38.7297 -8.68445 0.87701 -0.0340518 0.000508368
56 41.7531 -9.36905 0.919966 -0.0348237 0.000505797
57 37.9256 -8.80554 0.895184 -0.0346372 0.000513383
58 56.6207 -12.1476 1.15516 -0.0437635 0.000631948
59 45.1407 -10.2406 1.01926 -0.039465 0.000581147
60 38.0798 -8.51763 0.845007 -0.0321023 0.000472872
61 48.4971 -10.5495 1.02918 -0.0394636 0.000577167
62 44.2748 -10.0813 1.00618 -0.0389619 0.000574145
63 48.5369 -11.1007 1.10843 -0.0435862 0.000648682
64 35.7621 -8.6611 0.886707 -0.0341093 0.000501463
65 28.3343 -7.32486 0.778693 -0.0302037 0.000448881
66 50.6806 -11.1116 1.08071 -0.0413177 0.000602437
67 43.2197 -9.54598 0.944391 -0.03638 0.000537303
68 36.4198 -8.44848 0.861442 -0.0331222 0.000489835
69 38.6782 -8.91322 0.899896 -0.034749 0.000516558
70 30.1824 -7.53449 0.793781 -0.0307786 0.000456283
71 40.8443 -9.24214 0.921811 -0.0351111 0.000513285
72 50.5353 -11.0942 1.06737 -0.0402398 0.000576731
73 31.3119 -7.82683 0.823719 -0.0322965 0.000486286
74 47.9609 -10.673 1.05116 -0.0405272 0.00059507
75 44.9551 -10.0766 0.999231 -0.0385906 0.000567608
76 36.9319 -8.51219 0.855097 -0.0324556 0.000471491
77 29.621 -7.64612 0.809949 -0.031744 0.000475996
78 43.8631 -9.68721 0.949786 -0.0362111 0.000528208
79 42.3998 -9.45134 0.940462 -0.0362356 0.000535628
80 43.7304 -10.0329 0.993918 -0.038097 0.000558044
81 44.1528 -9.9205 0.980068 -0.0376951 0.000554951
82 46.3346 -10.3906 1.01593 -0.0387477 0.000563368
83 42.6857 -9.50817 0.943027 -0.0362536 0.000532916
84 43.8017 -10.098 1.00317 -0.0384779 0.000561097
85 28.6701 -7.00238 0.741614 -0.0286971 0.000427595
86 44.4871 -9.79445 0.962211 -0.0365101 0.000529021
87 28.2989 -7.19403 0.773153 -0.0304941 0.000458775
88 38.4956 -8.81156 0.884144 -0.0338214 0.000496765
89 39.5949 -9.39653 0.963246 -0.0377064 0.00056116
90 39.2421 -8.86633 0.886788 -0.0339219 0.000498989
91 43.5633 -9.69285 0.966106 -0.0373595 0.000550825
92 44.8771 -9.79672 0.962617 -0.0369947 0.000545583
93 36.5931 -8.30524 0.840005 -0.0321942 0.000473486
94 44.4898 -9.49484 0.925634 -0.0351971 0.000514314
95 44.5048 -10.5753 1.08173 -0.0431539 0.000649857
