0 32.7539 -8.44882 0.95953 -0.0380317 0.000567572
1 25.8969 -8.19458 1.00331 -0.0416961 0.000642759
2 31.2379 -8.99913 1.06517 -0.0441625 0.000681656
3 30.4703 -8.84491 1.05096 -0.0433585 0.000662464
4 37.5318 -9.64268 1.06091 -0.0416012 0.000611278
5 32.4391 -8.70097 0.978692 -0.0383917 0.000567298
6 26.9051 -8.58275 1.03719 -0.0430587 0.00066119
7 39.617 -9.68437 1.04781 -0.0407927 0.000596878
8 29.6972 -8.36351 0.971919 -0.0390036 0.000585715
9 39.5917 -10.0123 1.09788 -0.0434334 0.000643195
10 27.6895 -7.61286 0.880903 -0.0346769 0.000516615
11 29.1015 -7.89877 0.910099 -0.0357391 0.00052653
12 32.06 -8.99674 1.04211 -0.0424791 0.000647097
13 23.7959 -7.19772 0.860259 -0.0342756 0.000516509
14 23.5814 -6.95322 0.818669 -0.0317361 0.000465996
15 26.342 -7.50651 0.891848 -0.0362297 0.000552762
16 36.8183 -9.47147 1.04901 -0.04158 0.000618993
17 35.7087 -9.22988 1.01842 -0.0399251 0.000589874
18 30.1292 -8.01748 0.90803 -0.035574 0.00052723
19 42.1564 -10.1866 1.08021 -0.041592 0.000603492
20 24.7374 -7.42335 0.888319 -0.0358276 0.000543475
21 41.5186 -10.0557 1.08041 -0.0422526 0.000621514
22 26.282 -7.14992 0.824779 -0.032088 0.000473683
23 26.4096 -7.19226 0.832849 -0.0324494 0.000477073
24 28.7935 -7.43629 0.825747 -0.0310248 0.000445373
25 33.4977 -8.46491 0.932449 -0.035842 0.000519282
26 31.8461 -8.24771 0.923638 -0.0361425 0.000533638
27 36.7103 -8.75424 0.935086 -0.0356015 0.000515242
28 43.578 -10.11 1.04529 -0.0394276 0.000562929
29 31.8091 -8.77165 1.00336 -0.0402727 0.000606083
30 35.258 -8.60082 0.943864 -0.0366382 0.000539937
31 35.869 -9.05716 1.00837 -0.040125 0.000598416
32 83.625 -17.6676 1.69186 -0.0645849 0.000923822
33 62.8265 -13.8019 1.36846 -0.0522463 0.000749369
34 64.5122 -14.1442 1.39413 -0.0530904 0.000761436
35 66.2265 -14.548 1.43291 -0.0547574 0.00078689
36 82.8381 -17.5255 1.65353 -0.0616549 0.000859627
37 85.5077 -17.7989 1.67589 -0.0629958 0.000889518
38 62.554 -13.5902 1.33701 -0.0505161 0.000717664
39 61.5366 -13.604 1.36159 -0.052705 0.00076398
40 67.7669 -14.3599 1.37541 -0.0511374 0.000718751
41 74.4145 -16.3052 1.59597 -0.0615559 0.000888798
42 65.5388 -14.1563 1.37939 -0.0523851 0.000749012
43 67.5174 -14.2476 1.36686 -0.0509275 0.000713644
44 72.5601 -15.0574 1.41605 -0.052053 0.000721166
45 66.4677 -14.1134 1.35187 -0.0501524 0.000702338
46 72.4622 -15.2144 1.44559 -0.0541036 0.00076393
47 65.0718 -14.0218 1.3674 -0.0518725 0.000739387
48 72.8678 -15.2163 1.44591 -0.0540053 0.000759455
49 75.4012 -15.4003 1.42412 -0.0516446 0.000706207
50 66.3746 -14.2277 1.38404 -0.0523655 0.000749451
51 68.4252 -14.5139 1.391 -0.0520621 0.000733045
52 67.7916 -14.2801 1.3633 -0.0508268 0.000717521
53 60.4507 -12.5884 1.19757 -0.043777 0.000607425
54 68.0864 -14.3186 1.36773 -0.0509142 0.000716776
55 61.4599 -13.2781 1.31012 -0.0500207 0.000719423
56 69.081 -13.6065 1.21293 -0.0414557 0.000538318
57 71.462 -15.0782 1.44325 -0.0541367 0.000764476
58 65.5488 -13.9049 1.33836 -0.0498824 0.000700936
59 72.6168 -15.295 1.46525 -0.0550939 0.000780157
60 64.0673 -13.9308 1.34811 -0.0504061 0.000711712
61 65.7621 -13.8061 1.31092 -0.048118 0.000667113
62 77.3263 -16.2537 1.54579 -0.0581252 0.000824175
63 61.6704 -13.2113 1.28683 -0.0481578 0.00068162
64 45.7951 -11.033 1.1679 -0.0456235 0.000669702
65 37.93 -9.99883 1.11981 -0.0450257 0.000676339
66 29.8161 -8.26348 0.959683 -0.038369 0.00057619
67 46.2748 -11.2313 1.19803 -0.0473223 0.000699759
68 28.3078 -7.9994 0.928683 -0.036675 0.00053813
69 34.4989 -9.34433 1.0634 -0.043063 0.000654102
70 33.9667 -8.8619 0.986802 -0.0386762 0.000568713
71 39.6217 -9.92935 1.09938 -0.0440895 0.000661004
72 36.7661 -9.63843 1.07444 -0.042856 0.000640702
73 28.1234 -7.98782 0.929137 -0.0370912 0.000557856
74 54.8402 -12.6823 1.30829 -0.0511976 0.000754315
75 24.97 -7.54194 0.898789 -0.0362307 0.000548747
76 32.8488 -8.45898 0.937562 -0.0361328 0.000522626
77 38.8427 -9.81701 1.06588 -0.0419406 0.000619039
78 37.1283 -9.12325 0.990239 -0.0385072 0.000567184
79 23.673 -7.39187 0.901521 -0.0368523 0.000563582
80 37.2421 -9.18986 0.998656 -0.0385884 0.000562302
81 33.3505 -8.46683 0.920564 -0.0349719 0.000505107
82 36.1366 -8.79039 0.944963 -0.0361749 0.000525565
83 32.0987 -8.01374 0.892239 -0.0347866 0.000515505
84 44.1351 -10.2068 1.05526 -0.0397743 0.000566848
85 50.9222 -11.4641 1.17522 -0.0448939 0.000647988
86 28.1657 -7.49037 0.861622 -0.033664 0.000499741
87 27.8293 -7.43957 0.862435 -0.0340861 0.000510675
88 37.5093 -9.17368 0.980598 -0.0372863 0.000535616
89 44.6356 -10.331 1.07969 -0.0412609 0.000597548
90 43.7651 -10.2478 1.0791 -0.0415059 0.000602839
91 38.4262 -9.2226 0.999779 -0.0389244 0.000573107
92 28.3519 -7.3052 0.829753 -0.0321642 0.000476931
93 33.964 -8.47351 0.946083 -0.0370348 0.000548005
94 47.3349 -10.4724 1.07964 -0.0410099 0.000592338
95 50.3586 -11.2064 1.15133 -0.0443602 0.000647864
