0 96.0673 -23.0733 1.96524 -0.0679223 0.000884923
1 56.109 -14.6304 1.34315 -0.048406 0.000662304
2 35.7066 -9.98772 0.956513 -0.0344549 0.000479261
3 72.6731 -17.9824 1.57382 -0.0551233 0.000733554
4 54.1697 -13.7001 1.21698 -0.042208 0.000559481
5 58.3984 -14.5984 1.28612 -0.0446115 0.000592549
6 63.5983 -15.7969 1.37939 -0.0475681 0.000625776
7 11.2688 -4.73202 0.543714 -0.0202704 0.000295976
8 76.8958 -18.4768 1.57461 -0.0538329 0.000700119
9 44.2958 -11.8965 1.11034 -0.0398357 0.000546385
10 23.681 -7.3755 0.756837 -0.0277136 0.000393259
11 69.8504 -17.3928 1.53906 -0.0543025 0.000724801
12 74.5972 -18.3007 1.59944 -0.0560145 0.000743447
13 70.7186 -17.2783 1.49594 -0.0517681 0.000681522
14 61.9841 -15.5616 1.37439 -0.0480395 0.000641017
15 9.37957 -4.31221 0.519256 -0.0196485 0.000290144
16 87.8031 -21.0744 1.79915 -0.0620846 0.000809126
17 106.897 -24.9488 2.08045 -0.0710282 0.000912034
18 102.853 -24.376 2.05382 -0.0705914 0.000914688
19 95.0113 -23.0047 1.98647 -0.069471 0.000910456
20 72.028 -17.902 1.58685 -0.0562323 0.000752571
21 124.941 -28.3267 2.27993 -0.0754696 0.000939191
22 74.8313 -18.1093 1.55429 -0.053325 0.000692386
23 97.9811 -23.2692 1.96879 -0.0678218 0.000881462
24 84.4955 -20.6245 1.79303 -0.0628104 0.000826736
25 72.1942 -17.544 1.5161 -0.0524491 0.000690642
26 32.1839 -9.40484 0.9345 -0.0344171 0.000482303
27 53.9658 -13.8451 1.24292 -0.0435175 0.000578677
28 79.3735 -19.5187 1.70188 -0.0594982 0.000783512
29 26.6214 -7.7032 0.75407 -0.0265764 0.000366032
30 114.71 -27.6955 2.40072 -0.0852536 0.00113066
31 64.7921 -15.8002 1.36024 -0.0464389 0.000605773
32 34.9232 -8.09414 0.8498 -0.0333681 0.00050286
33 37.9973 -8.60654 0.892066 -0.0349213 0.00052401
34 21.9161 -5.77114 0.664533 -0.0267642 0.00041857
35 26.3113 -6.49382 0.718094 -0.0285821 0.000437732
36 36.1141 -8.26055 0.8532 -0.0331017 0.000495723
37 29.1925 -7.12435 0.775311 -0.0307927 0.000470799
38 42.5116 -8.82167 0.868179 -0.0329251 0.00048331
39 29.8716 -6.99904 0.748285 -0.0292023 0.000439426
40 35.7561 -8.13175 0.835848 -0.0322772 0.000480961
41 35.5965 -8.08032 0.821273 -0.0311318 0.000454234
42 41.0339 -8.86958 0.881615 -0.0336359 0.000496057
43 36.6073 -8.08071 0.819933 -0.0313993 0.000462365
44 42.4331 -9.62195 0.967621 -0.0372387 0.00054826
45 33.3243 -7.56479 0.786224 -0.0303989 0.000456131
46 37.0627 -8.11413 0.810309 -0.030666 0.000448536
47 30.9678 -7.12308 0.733025 -0.0275951 0.000400898
48 37.9435 -8.262 0.825049 -0.0313003 0.000459942
49 33.2733 -7.5813 0.779629 -0.0297506 0.000441726
50 36.5088 -8.12452 0.828013 -0.0318394 0.000477091
51 44.0023 -9.70675 0.971368 -0.0378143 0.000565891
52 28.0293 -6.482 0.68197 -0.0257931 0.000380642
53 37.3645 -8.28763 0.837232 -0.0319736 0.000469752
54 39.4457 -8.45458 0.833744 -0.0312671 0.000453271
55 42.5514 -9.02035 0.885216 -0.0334357 0.000488663
56 31.5486 -7.26104 0.749657 -0.0285472 0.000423959
57 27.4982 -6.51667 0.696813 -0.0268718 0.000404377
58 31.8393 -7.37525 0.765364 -0.0291783 0.000430183
59 21.1526 -5.45144 0.610248 -0.0235719 0.000353636
60 23.9784 -5.59105 0.597819 -0.0226307 0.000338476
61 30.7649 -6.87474 0.699193 -0.0260757 0.000380268
62 32.827 -7.26504 0.739896 -0.0280205 0.000412899
63 41.1529 -9.10409 0.909222 -0.0347947 0.000508491
64 25.9398 -6.45693 0.701724 -0.0272481 0.000410055
65 27.2091 -6.56818 0.705978 -0.0272253 0.000405325
66 24.1745 -5.99906 0.657816 -0.0253936 0.000380025
67 24.5392 -6.29267 0.704074 -0.0279919 0.0004298
68 39.4094 -8.66636 0.869583 -0.0331254 0.000489973
69 23.69 -6.14571 0.682304 -0.026576 0.000401656
70 19.4903 -5.42484 0.625084 -0.0245411 0.000373497
71 34.3171 -7.92512 0.824253 -0.03158 0.000465812
72 22.2046 -6.47929 0.7224 -0.0281341 0.000421939
73 25.4376 -6.32133 0.686538 -0.0265653 0.000400878
74 25.0747 -6.12518 0.658956 -0.0251502 0.000372578
75 27.0664 -6.66984 0.724798 -0.0283104 0.000429812
76 39.688 -8.82603 0.892067 -0.0342255 0.000507209
77 25.9831 -6.72486 0.726883 -0.028164 0.000421916
78 24.6102 -5.95672 0.636578 -0.0241406 0.000358202
79 17.8944 -5.0826 0.588298 -0.0229128 0.000348604
80 31.9514 -7.49548 0.770485 -0.0293342 0.000432474
81 23.5451 -6.20286 0.680166 -0.0260745 0.000388468
82 34.4118 -7.87618 0.796371 -0.029988 0.000439503
83 28.3035 -6.77897 0.709043 -0.026807 0.000395016
84 19.7029 -4.76498 0.522395 -0.0195036 0.000290553
85 31.6097 -7.1215 0.730054 -0.027429 0.000401014
86 35.2682 -7.83444 0.797329 -0.0303794 0.00045248
87 18.0795 -5.13488 0.596897 -0.0232333 0.000351425
88 32.3494 -7.57198 0.783781 -0.0296536 0.000435429
89 28.2839 -6.96824 0.742504 -0.0281856 0.000413348
90 23.942 -5.89803 0.642011 -0.0245245 0.00036693
91 23.9495 -6.02809 0.66156 -0.0255414 0.000381972
92 15.3546 -3.88569 0.453568 -0.0169767 0.000261497
93 24.7025 -5.77052 0.618785 -0.0233375 0.000346248
94 18.1137 -4.24561 0.474919 -0.0174735 0.00026217
95 22.8973 -5.75595 0.641436 -0.0249406 0.000377602
