0 44.5195 -10.0072 0.987614 -0.0372136 0.000535875
1 38.7361 -9.2969 0.956646 -0.0371182 0.000545406
2 35.8963 -8.59706 0.885883 -0.0342594 0.000504983
3 47.542 -10.7397 1.06679 -0.041184 0.000602373
4 42.2707 -9.63867 0.942574 -0.0350515 0.000497294
5 38.849 -9.04427 0.915254 -0.0350659 0.000512987
6 34.9262 -8.50959 0.880485 -0.0339173 0.000497563
7 47.1597 -10.357 1.01103 -0.0383944 0.000554894
8 43.2311 -9.61752 0.94362 -0.0355932 0.000513916
9 38.0853 -8.81063 0.889361 -0.0338671 0.000494087
10 42.8268 -9.77262 0.967573 -0.036764 0.000532597
11 29.1482 -7.27158 0.765527 -0.0293312 0.000430881
12 29.4801 -7.30188 0.765328 -0.0292258 0.000427266
13 41.6481 -9.54447 0.950938 -0.0363292 0.000528037
14 31.2792 -7.71909 0.797521 -0.0302151 0.000437352
15 33.8991 -8.07007 0.827298 -0.0316234 0.000463543
16 48.6253 -10.6738 1.03692 -0.0394152 0.000572889
17 52.8964 -11.3329 1.07769 -0.0404706 0.000579248
18 38.3412 -9.27246 0.943451 -0.0362781 0.000528593
19 24.7793 -6.52877 0.707775 -0.027198 0.000399437
20 28.7735 -7.31289 0.778051 -0.0302062 0.0004496
21 36.6621 -8.50374 0.861827 -0.0329055 0.000480837
22 56.1546 -11.8222 1.10438 -0.0408249 0.000575206
23 42.342 -9.69872 0.967215 -0.0369675 0.000539383
24 40.8866 -9.2325 0.905209 -0.033816 0.000484599
25 48.1337 -10.5614 1.0065 -0.0371451 0.000521112
26 43.7568 -10.0019 0.98393 -0.0370616 0.000529422
27 40.1869 -9.41475 0.947025 -0.0363029 0.000528373
28 34.2985 -8.46105 0.873555 -0.0335429 0.000488937
29 47.8949 -10.9791 1.08736 -0.0417595 0.000604374
30 41.0492 -9.37853 0.929966 -0.0352032 0.00050472
31 39.4953 -9.3271 0.959076 -0.0377549 0.000562292
32 36.7539 -8.50562 0.875439 -0.0339283 0.000504255
33 48.2513 -10.8058 1.07084 -0.0413427 0.000608692
34 41.8211 -9.60894 0.973161 -0.0377209 0.0005558
35 48.5328 -10.8912 1.08087 -0.0419379 0.000618261
36 42.9767 -9.79741 0.991639 -0.038681 0.000575774
37 36.9068 -8.72397 0.900922 -0.0350699 0.00052193
38 40.8366 -9.4064 0.963562 -0.0377055 0.000561078
39 30.7874 -7.58395 0.800095 -0.0310975 0.000461572
40 48.9371 -10.4818 1.01268 -0.0381824 0.00055253
41 45.8416 -10.2377 1.01147 -0.0387434 0.000566737
42 40.8022 -9.04822 0.900644 -0.0342716 0.00050197
43 43.3725 -9.76268 0.978348 -0.0378121 0.000559532
44 52.4343 -11.0469 1.05946 -0.0401829 0.000584684
45 33.1376 -7.92601 0.82322 -0.0317653 0.000470211
46 38.209 -8.71145 0.874777 -0.0332849 0.000484654
47 32.4029 -7.78976 0.809599 -0.0313108 0.000464955
48 42.2072 -9.34658 0.919575 -0.0347362 0.000503753
49 41.6065 -8.95407 0.875206 -0.0330319 0.0004834
50 43.654 -9.58442 0.945624 -0.0361617 0.000529922
51 42.7142 -9.26257 0.89698 -0.0333881 0.000477984
52 38.739 -9.19409 0.938698 -0.0363985 0.000537436
53 38.8267 -9.14023 0.92856 -0.035774 0.00052552
54 36.1755 -8.34588 0.845407 -0.0321781 0.000469086
55 34.4874 -7.99546 0.823086 -0.0316702 0.000467837
56 53.3187 -10.9581 1.01547 -0.0370584 0.000519405
57 32.1419 -8.11757 0.851068 -0.0328238 0.000482289
58 40.4258 -9.66815 0.983615 -0.0380561 0.000560647
59 49.8925 -11.171 1.08857 -0.0412806 0.000592813
60 47.6136 -11.0863 1.10251 -0.0426106 0.000621476
61 41.9658 -9.74038 0.9774 -0.0375041 0.000547568
62 38.4902 -9.08166 0.924557 -0.0356816 0.00052374
63 47.073 -10.6364 1.06519 -0.041736 0.000620644
64 56.9561 -11.8622 1.11227 -0.0416663 0.000600145
65 46.9503 -10.3549 1.00829 -0.038326 0.000561319
66 63.6794 -13.3158 1.23917 -0.0464207 0.000661183
67 48.2449 -10.6126 1.02966 -0.0390145 0.000563722
68 62.5047 -12.8972 1.20031 -0.0449755 0.000643356
69 69.377 -13.8935 1.25459 -0.0460534 0.000645982
70 29.4019 -7.57401 0.810169 -0.031776 0.000475997
71 50.61 -10.6992 1.02221 -0.0384532 0.000554944
72 68.1864 -13.9201 1.27018 -0.0468587 0.000659268
73 57.4895 -12.065 1.13195 -0.0424625 0.000611422
74 49.972 -10.8598 1.05412 -0.0402169 0.000588004
75 55.1538 -11.6736 1.10628 -0.0418054 0.000604451
76 52.0945 -11.0339 1.05539 -0.0399545 0.00058017
77 47.8857 -10.4187 1.00081 -0.037605 0.000540858
78 47.5799 -10.4571 1.01863 -0.0388412 0.000567311
79 49.1302 -10.5824 1.01902 -0.0385009 0.000556633
80 52.0132 -11.2399 1.07719 -0.0407723 0.00059098
81 53.3874 -11.258 1.06122 -0.0396665 0.000567305
82 48.2676 -10.5702 1.01414 -0.0380723 0.000547757
83 60.0159 -12.2895 1.13338 -0.0419663 0.000594392
84 61.2477 -13.0598 1.22512 -0.0461717 0.00065996
85 40.15 -9.21011 0.930917 -0.0361285 0.000537371
86 50.0902 -10.7502 1.03122 -0.0389628 0.000564542
87 57.3418 -12.024 1.13594 -0.0428744 0.000619515
88 44.1428 -9.97617 0.99 -0.0379849 0.000557226
89 66.0428 -13.7269 1.26855 -0.047047 0.000663298
90 41.8045 -9.51869 0.94902 -0.0362229 0.000528609
91 47.1962 -10.4606 1.02867 -0.0394162 0.000575193
92 52.8056 -11.2366 1.07526 -0.0407611 0.000592227
93 48.4186 -11.0836 1.10174 -0.0427968 0.000630352
94 44.1882 -9.70042 0.953125 -0.0363909 0.000533897
95 50.8036 -10.7152 1.0283 -0.0389738 0.000565866
