0 26.6945 -8.67642 1.09221 -0.0469795 0.000745581
1 34.2177 -9.62394 1.12095 -0.0459742 0.000695437
2 33.299 -11.0585 1.29869 -0.0537518 0.000811652
3 31.5081 -10.4427 1.26246 -0.0536981 0.000834069
4 30.949 -9.23038 1.09852 -0.0453678 0.000691569
5 32.6701 -10.4574 1.22837 -0.0505732 0.000764169
6 46.8125 -14.9024 1.67699 -0.069316 0.00104474
7 35.2256 -9.79345 1.11855 -0.0453107 0.000681913
8 28.3309 -8.68245 1.05033 -0.0435595 0.000665384
9 29.1154 -8.91653 1.07955 -0.0449534 0.000694332
10 37.6928 -12.0889 1.38439 -0.0570017 0.000858839
11 27.1197 -8.56747 1.01265 -0.0402394 0.000588617
12 29.1286 -9.84296 1.17727 -0.048837 0.000742723
13 41.3458 -12.9059 1.41994 -0.0566706 0.000827245
14 29.912 -8.81842 1.0453 -0.0428839 0.00065393
15 32.3716 -10.4415 1.22948 -0.0508753 0.000772222
16 33.6658 -10.7085 1.2245 -0.0491314 0.000726037
17 37.1233 -11.846 1.33933 -0.0540754 0.000802101
18 28.6215 -9.21693 1.10956 -0.0461751 0.000709439
19 28.846 -9.28827 1.11263 -0.0459775 0.000700293
20 27.1058 -8.76625 1.07357 -0.0450844 0.000693647
21 35.1024 -11.275 1.31654 -0.0548052 0.00083587
22 33.1193 -10.4264 1.17544 -0.0464612 0.00067699
23 24.9665 -7.74546 0.935541 -0.0378569 0.000568166
24 25.551 -8.62275 1.04126 -0.0428158 0.000652671
25 33.2555 -10.606 1.20416 -0.0480527 0.000705564
26 34.4922 -11.0888 1.29414 -0.0535391 0.000813553
27 32.9762 -8.89721 1.02239 -0.0412324 0.000621681
28 15.6363 -5.93922 0.75887 -0.0304893 0.000463509
29 26.4467 -7.91826 0.963295 -0.0396217 0.000603539
30 28.2358 -9.06051 1.09322 -0.0454421 0.000697702
31 39.9849 -12.5661 1.40838 -0.0571662 0.000852422
32 31.2767 -10.3611 1.2459 -0.0521592 0.00079579
33 37.7026 -12.5015 1.42704 -0.0584111 0.000874269
34 36.7566 -11.9454 1.37553 -0.0564499 0.00084446
35 7.89645 -5.71207 0.831822 -0.0359991 0.000569769
36 14.2277 -6.13248 0.847201 -0.0363831 0.000576342
37 41.3758 -13.5682 1.51519 -0.0617214 0.000920262
38 28.7353 -9.38673 1.14784 -0.0485187 0.000751559
39 26.1538 -9.42397 1.14132 -0.0472698 0.000719552
40 13.9022 -5.55982 0.768195 -0.0329886 0.0005376
41 30.9692 -10.5289 1.23108 -0.0506682 0.000765227
42 -12.7754 0.103396 0.288274 -0.0148869 0.000280639
43 42.4239 -13.5454 1.52322 -0.0624038 0.000936173
44 2.22751 -3.43452 0.592351 -0.0260429 0.000425842
45 39.7488 -12.8066 1.47199 -0.0612869 0.000932562
46 19.9725 -8.27261 1.03527 -0.0434179 0.000674313
47 27.1269 -9.35492 1.09526 -0.0443383 0.000663161
48 21.2238 -7.2283 0.91187 -0.0380613 0.000592354
49 37.3123 -11.9987 1.38459 -0.0570968 0.000861472
50 31.4119 -10.209 1.19043 -0.0486972 0.000730633
51 -5.17907 -1.4038 0.374609 -0.0163361 0.000271727
52 30.4887 -10.2643 1.19282 -0.0486382 0.0007316
53 54.9369 -16.4014 1.73645 -0.0692093 0.0010113
54 35.0854 -11.5452 1.35457 -0.0569775 0.000882643
55 26.666 -8.88846 1.05842 -0.0433462 0.000657049
56 -16.8096 2.08829 0.023536 -0.00170338 5.74587e-05
57 27.6128 -9.40654 1.08191 -0.0429245 0.000634813
58 2.71245 -3.42271 0.564532 -0.0238062 0.000377596
59 29.8475 -9.79126 1.15881 -0.0478438 0.000729152
60 24.4738 -8.29096 1.00265 -0.0411091 0.000627925
61 14.1941 -6.25314 0.796874 -0.0319097 0.000477324
62 31.076 -9.93983 1.17081 -0.0482748 0.000734841
63 21.1215 -6.79004 0.869479 -0.0365267 0.00057055
64 41.4235 -10.8766 1.21925 -0.0497384 0.000752196
65 40.8308 -10.4586 1.15614 -0.0464043 0.000690494
66 53.4443 -12.5543 1.30303 -0.0503628 0.00072217
67 59.7966 -14.0992 1.45767 -0.0575647 0.00084447
68 52.4974 -12.464 1.30603 -0.0516038 0.000761221
69 52.0538 -12.4881 1.30641 -0.0514142 0.000754641
70 46.2068 -11.7856 1.28288 -0.051677 0.000774358
71 63.3999 -14.8502 1.53683 -0.061389 0.000914125
72 36.9638 -9.86957 1.10594 -0.0443731 0.000666778
73 56.9857 -13.3337 1.37621 -0.0542682 0.000802252
74 39.9152 -9.86905 1.05886 -0.0406813 0.000585408
75 46.8067 -11.3123 1.19156 -0.0466911 0.000687538
76 53.9926 -12.9205 1.36707 -0.054918 0.000821909
77 60.5739 -14.1565 1.44755 -0.0571426 0.000840258
78 45.1022 -11.0192 1.18321 -0.0470802 0.0007022
79 43.4066 -11.1975 1.23725 -0.0502152 0.00076224
80 51.7845 -11.7714 1.19758 -0.045808 0.000662423
81 58.8977 -13.1436 1.31591 -0.0504956 0.000730618
82 56.5254 -12.6458 1.27338 -0.0491537 0.000719225
83 50.2201 -11.3902 1.16748 -0.0447576 0.000647438
84 47.416 -11.1869 1.17183 -0.0458967 0.000678976
85 36.492 -8.94832 0.9911 -0.0394349 0.000597191
86 35.7691 -5.46333 0.409022 -0.006704 1.9786e-06
87 42.3155 -9.68146 1.01366 -0.0385207 0.00055212
88 39.5455 -9.46503 1.00809 -0.0384032 0.000552503
89 48.4783 -11.2963 1.18514 -0.0463042 0.000682334
90 44.8827 -10.9875 1.18014 -0.0469319 0.000701281
91 46.0829 -10.761 1.126 -0.0434903 0.000630745
92 38.3511 -9.27215 1.01646 -0.0405893 0.000614924
93 52.6146 -11.8432 1.2147 -0.047004 0.000684402
94 53.7633 -12.1846 1.2472 -0.0480508 0.000698217
95 47.3526 -10.9866 1.16194 -0.0459053 0.000684099
