0 30.2602 -10.1363 1.24373 -0.0534362 0.0008406
1 31.0335 -9.1705 1.09997 -0.04607 0.000711387
2 30.9426 -8.7216 1.04142 -0.043406 0.000670977
3 28.9283 -9.51852 1.14373 -0.0475965 0.000722259
4 28.3599 -9.14755 1.10438 -0.0459495 0.000701119
5 31.1154 -10.3796 1.23675 -0.0517866 0.00079447
6 27.7749 -8.87259 1.06452 -0.0436916 0.000662473
7 32.549 -9.18138 1.07383 -0.0443564 0.000682237
8 34.6585 -9.19231 1.03651 -0.0412403 0.000612227
9 32.4113 -9.2688 1.081 -0.044356 0.000674473
10 27.0062 -8.30424 1.01393 -0.0425017 0.000659324
11 23.8681 -6.95276 0.842159 -0.0338743 0.000505573
12 30.1038 -9.29004 1.10638 -0.0458482 0.000705547
13 25.7109 -8.35475 1.00176 -0.0408615 0.000614852
14 27.856 -8.80714 1.03616 -0.0417653 0.000621809
15 27.0633 -8.57369 1.03636 -0.0431744 0.000666059
16 26.2585 -7.85058 0.937604 -0.0379515 0.000574413
17 28.5427 -9.67912 1.15978 -0.0484495 0.000748003
18 23.0856 -6.9468 0.840975 -0.0337902 0.000510109
19 24.097 -6.87234 0.832703 -0.033483 0.000503076
20 30.6705 -8.48831 0.987113 -0.0401969 0.000616301
21 24.3795 -7.37756 0.898084 -0.036974 0.000569214
22 26.2196 -8.41965 1.01867 -0.0421928 0.00064903
23 24.1128 -7.03948 0.850113 -0.0343414 0.000521539
24 30.9843 -8.88438 1.03413 -0.0422039 0.000643412
25 21.5126 -6.69109 0.825022 -0.0332131 0.00050188
26 26.8534 -7.06345 0.829059 -0.0331047 0.000502133
27 24.5533 -8.08318 0.997683 -0.0418842 0.000650441
28 30.1466 -8.49167 0.988217 -0.0399525 0.000602541
29 20.5872 -7.34074 0.906809 -0.0370973 0.000564796
30 36.1389 -9.51366 1.07603 -0.0433791 0.000651614
31 10.6247 -4.71415 0.660227 -0.027704 0.000439842
32 34.3964 -9.42337 1.07546 -0.0431389 0.000646726
33 41.2889 -10.1681 1.08407 -0.0416182 0.000602697
34 32.9897 -9.24154 1.05299 -0.0420708 0.000628502
35 39.4163 -10.3195 1.13388 -0.0448337 0.000661628
36 38.2899 -10.5855 1.20151 -0.0490707 0.000745936
37 32.0437 -9.3517 1.09314 -0.0447892 0.000683238
38 30.5679 -8.89353 1.03878 -0.0419505 0.000630043
39 30.9732 -8.86051 1.03404 -0.0420678 0.000637491
40 36.5557 -9.35354 1.01228 -0.0387845 0.000560661
41 27.6876 -7.9618 0.926145 -0.0367958 0.000549565
42 38.8353 -10.1058 1.11222 -0.0441005 0.000654781
43 25.7023 -7.92601 0.953462 -0.0388832 0.000591005
44 28.1159 -8.49049 1.01992 -0.0425632 0.000664266
45 38.258 -9.72823 1.05407 -0.0410611 0.000602607
46 36.9625 -10.0398 1.1293 -0.0456616 0.000690279
47 29.829 -8.73731 1.02964 -0.0426503 0.000660522
48 37.1923 -9.51564 1.043 -0.0408205 0.000603222
49 44.5934 -10.9612 1.16905 -0.045572 0.000669984
50 36.6798 -9.45762 1.04361 -0.0411384 0.000612812
51 27.4529 -8.00171 0.932115 -0.0371553 0.00055736
52 28.9047 -8.62543 1.01788 -0.0415943 0.00063776
53 27.1753 -7.55782 0.878156 -0.0346771 0.000515611
54 34.0011 -9.10283 1.04222 -0.0425223 0.000651918
55 28.9383 -7.88952 0.908994 -0.036185 0.000548053
56 26.4754 -7.28262 0.8298 -0.0318568 0.000462657
57 25.0386 -7.96225 0.961439 -0.0392377 0.000595867
58 29.7084 -8.47207 0.988969 -0.0402344 0.000618466
59 35.0989 -9.0143 1.00403 -0.039861 0.000596833
60 39.3139 -9.8604 1.06313 -0.0415877 0.000612531
61 27.4068 -7.6475 0.889794 -0.0353284 0.000530389
62 27.5698 -7.72208 0.901166 -0.0358036 0.000536365
63 24.3034 -7.71011 0.938344 -0.0385081 0.00059005
64 54.353 -12.3461 1.26608 -0.049326 0.000725523
65 49.9149 -11.7508 1.23085 -0.0482222 0.000709763
66 56.2283 -13.0295 1.35369 -0.0536153 0.000795309
67 62.4939 -13.9928 1.41799 -0.055498 0.000810669
68 75.7288 -16.2957 1.5836 -0.0604411 0.000864032
69 51.5431 -12.0048 1.24093 -0.0479422 0.000696735
70 52.6322 -12.232 1.27355 -0.0497891 0.000727371
71 56.0055 -12.9989 1.36997 -0.0548825 0.000820683
72 56.992 -13.2219 1.35093 -0.0525133 0.000764697
73 53.2205 -12.3955 1.28669 -0.0504026 0.000741509
74 47.7798 -11.1093 1.16264 -0.0451549 0.000662393
75 49.3571 -11.4002 1.1762 -0.0452516 0.000654874
76 58.4201 -13.2626 1.35365 -0.0526948 0.000769843
77 42.3895 -10.3591 1.1116 -0.0438586 0.000652046
78 44.5739 -10.4314 1.10188 -0.0427401 0.000624595
79 47.0324 -11.0799 1.17227 -0.046399 0.000692404
80 50.1247 -11.7475 1.22221 -0.0476568 0.000704218
81 52.0235 -11.3042 1.11879 -0.0414384 0.000585692
82 51.7706 -11.5506 1.171 -0.0447326 0.000644918
83 56.4479 -12.4891 1.26618 -0.0490596 0.000716793
84 62.1581 -13.6119 1.34131 -0.0507727 0.000722848
85 47.839 -10.5708 1.09199 -0.041757 0.000603285
86 54.7562 -11.7366 1.17273 -0.0445872 0.000645249
87 46.1854 -10.5192 1.09834 -0.0425899 0.000624503
88 34.1904 -8.19462 0.90355 -0.0351592 0.00052523
89 54.7507 -11.5453 1.12632 -0.0410587 0.000565294
90 57.8339 -12.7465 1.2943 -0.0505191 0.00074405
91 55.3118 -12.1619 1.23338 -0.047722 0.000699003
92 51.887 -11.3307 1.14897 -0.0439714 0.00063753
93 49.0021 -10.4893 1.05062 -0.0388871 0.000546222
94 58.4374 -12.4952 1.25309 -0.0481066 0.000699752
95 44.7877 -9.41511 0.960061 -0.0356834 0.000505914
