0 49.1728 -11.1944 1.14766 -0.0464819 0.000715399
1 41.1673 -9.23709 0.953499 -0.0383716 0.000591517
2 33.6883 -8.19019 0.880129 -0.0356306 0.000547594
3 46.4648 -10.3306 1.03459 -0.0404925 0.00060065
4 52.5448 -11.4296 1.1236 -0.0439122 0.000655033
5 48.9288 -10.7734 1.06721 -0.0417909 0.000622294
6 44.022 -9.98886 1.01168 -0.0398432 0.000596352
7 42.812 -9.4132 0.930429 -0.0357447 0.00052486
8 42.5065 -9.76666 1.00196 -0.040129 0.000614472
9 44.0082 -9.94282 1.00073 -0.0392923 0.000586556
10 36.6639 -9.20206 0.96446 -0.0383315 0.000577554
11 43.7357 -9.82595 0.990645 -0.0389784 0.000584507
12 45.4086 -10.2025 1.01702 -0.0396141 0.000588201
13 58.2323 -12.1634 1.15115 -0.0437281 0.000632428
14 40.8252 -9.05346 0.90355 -0.0349678 0.000518175
15 46.6198 -10.2596 1.00913 -0.038965 0.000574598
16 56.451 -11.6758 1.1001 -0.0417702 0.000609769
17 54.4774 -11.7888 1.14321 -0.0441889 0.000652217
18 45.339 -10.0362 0.991541 -0.0381694 0.000563356
19 55.6311 -11.3923 1.06854 -0.0399923 0.000573765
20 46.2604 -10.1919 1.0083 -0.0392781 0.00058569
21 66.5236 -13.8121 1.28128 -0.0482291 0.000690635
22 48.3877 -10.4518 1.01821 -0.0391314 0.000577441
23 52.4061 -11.0919 1.06053 -0.0401676 0.000580498
24 43.4034 -9.70284 0.953755 -0.0363417 0.000531154
25 48.7143 -10.31 0.992724 -0.0375701 0.000545094
26 34.3522 -7.95485 0.815654 -0.0314456 0.000465104
27 39.9082 -8.89441 0.887049 -0.0340112 0.000498943
28 46.8506 -10.513 1.03676 -0.0400847 0.00059159
29 41.9717 -9.69827 0.985874 -0.0389071 0.000586551
30 39.2965 -9.00246 0.908815 -0.0351188 0.000518236
31 61.2278 -12.6502 1.18064 -0.0444551 0.000638986
32 -9.73458 1.59104 -0.0133926 0.000396647 2.37891e-05
33 19.788 -5.6244 0.656695 -0.026215 0.000403142
34 23.8245 -6.18096 0.692917 -0.0274892 0.000419985
35 4.61338 -2.67268 0.402503 -0.016459 0.000264973
36 18.2834 -5.58813 0.670602 -0.0275122 0.00043629
37 18.727 -5.54837 0.666224 -0.0273028 0.000431026
38 21.6711 -6.1943 0.722654 -0.029366 0.000458052
39 19.1354 -5.58866 0.65917 -0.0266165 0.000413999
40 4.37483 -2.76591 0.408542 -0.0165618 0.000267785
41 21.4497 -5.99239 0.693906 -0.0280436 0.000437965
42 3.47148 -2.3541 0.34354 -0.0132317 0.000209208
43 20.3497 -5.8969 0.679924 -0.0271372 0.000417912
44 6.15969 -2.59294 0.347617 -0.0129754 0.000204213
45 12.7559 -4.31018 0.540758 -0.0217948 0.000342298
46 14.4952 -4.55725 0.555697 -0.022102 0.000344522
47 19.6303 -5.55471 0.647657 -0.0260054 0.000401548
48 7.69646 -2.5606 0.346334 -0.0132092 0.000211004
49 24.5289 -5.97072 0.649066 -0.0250328 0.000376776
50 25.2426 -6.085 0.658226 -0.0253295 0.000380386
51 18.2345 -5.36546 0.615152 -0.0239297 0.000361284
52 18.8297 -4.98456 0.573522 -0.0224272 0.000342369
53 17.0106 -5.2744 0.614252 -0.0241225 0.000366488
54 24.455 -5.97995 0.649346 -0.0248148 0.00037105
55 19.9002 -5.90643 0.686045 -0.0273467 0.000416918
56 21.504 -6.3159 0.719895 -0.0287486 0.000441395
57 19.229 -5.72712 0.655081 -0.0255558 0.000385553
58 16.4954 -4.85244 0.57313 -0.0224817 0.000342567
59 19.3367 -4.74957 0.536002 -0.0203961 0.000307339
60 21.932 -5.34535 0.581901 -0.0222111 0.000335371
61 9.60497 -3.83995 0.490488 -0.019357 0.000301031
62 15.3742 -3.78548 0.444622 -0.0168678 0.000260092
63 13.8429 -3.84224 0.467579 -0.0182172 0.000281464
64 58.1167 -11.956 1.11091 -0.0413197 0.00058801
65 57.8281 -11.921 1.10407 -0.0407267 0.000577938
66 47.2061 -10.546 1.03472 -0.0395625 0.000577822
67 52.347 -11.1077 1.06137 -0.0400179 0.000577432
68 63.7197 -13.1615 1.23196 -0.0464959 0.000668444
69 49.6509 -10.6166 1.02191 -0.0386151 0.000559342
70 61.7355 -12.6596 1.16216 -0.0424589 0.000593063
71 57.29 -11.9039 1.12698 -0.0425614 0.000617354
72 51.6053 -10.9862 1.05024 -0.0397757 0.00058034
73 55.6155 -11.75 1.11923 -0.042426 0.000616112
74 68.9572 -14.1244 1.29768 -0.0481925 0.000681559
75 52.4546 -11.0517 1.05586 -0.0399626 0.000582151
76 59.9003 -12.3916 1.1437 -0.0419689 0.000588523
77 57.7758 -12.2959 1.15683 -0.0435504 0.000627034
78 51.0552 -10.7385 1.01235 -0.037471 0.000531745
79 56.5134 -12.0324 1.13457 -0.0423752 0.000604056
80 58.7173 -11.9898 1.10522 -0.0408277 0.000580338
81 65.6207 -13.1156 1.18198 -0.0430734 0.000603299
82 53.2914 -11.2386 1.05602 -0.0392071 0.000558348
83 43.2805 -9.55598 0.934954 -0.0353894 0.00051702
84 42.247 -9.3234 0.909524 -0.0342927 0.000496543
85 64.9688 -13.2809 1.22474 -0.0454861 0.00064282
86 50.8309 -10.9022 1.04016 -0.0389405 0.000558004
87 54.7025 -11.1864 1.04268 -0.0385671 0.000548546
88 43.0621 -9.61915 0.947809 -0.0360836 0.000527718
89 53.3965 -11.2458 1.06576 -0.0399399 0.000574989
90 47.0554 -10.2228 0.992769 -0.0375819 0.000545723
91 50.1156 -10.5612 1.00694 -0.0375979 0.000540637
92 47.595 -10.3693 1.00041 -0.0375486 0.000540935
93 50.4096 -10.8665 1.03389 -0.0384232 0.000547791
94 52.4413 -10.6024 0.984275 -0.0360979 0.000514718
95 58.3896 -11.7975 1.0907 -0.0402951 0.000572737
