0 33.2872 -9.46382 1.01583 -0.0361053 0.00047261
1 29.2766 -8.81727 0.942213 -0.0317275 0.000374094
2 35.921 -10.5318 1.1665 -0.0448467 0.000654612
3 30.5083 -9.51224 1.06952 -0.0400647 0.000557002
4 33.2605 -10.31 1.11162 -0.0401406 0.000526089
5 40.7655 -12.9966 1.46268 -0.0589874 0.000880576
6 42.8011 -13.6621 1.53741 -0.0622694 0.000929038
7 30.0529 -8.51262 0.890478 -0.0294595 0.00035142
8 39.1888 -10.3801 1.08339 -0.0386722 0.000513529
9 30.2198 -8.34958 0.86087 -0.0275808 0.000311378
10 28.994 -8.71883 0.982964 -0.0369846 0.00052519
11 36.8845 -10.1533 1.08453 -0.0396012 0.00053751
12 38.0235 -9.73967 0.988993 -0.034134 0.000434456
13 34.9326 -9.19838 0.948644 -0.0327738 0.00041833
14 33.8884 -10.8335 1.25616 -0.0518641 0.000805842
15 32.4966 -9.99989 1.14097 -0.0455184 0.000685995
16 36.1246 -9.84477 1.05592 -0.0395051 0.000562209
17 32.3032 -9.89693 1.1208 -0.0441104 0.000655722
18 30.9224 -9.40064 1.0348 -0.0386611 0.000545772
19 29.6082 -8.88607 0.992153 -0.037125 0.00052871
20 34.0799 -10.6077 1.18697 -0.0468001 0.000697185
21 41.5917 -10.6062 1.08492 -0.0389859 0.000525245
22 31.386 -9.41677 1.00605 -0.0361434 0.000488574
23 29.4328 -8.51368 0.903718 -0.031099 0.000396722
24 32.5233 -9.65845 1.00742 -0.0353393 0.000464523
25 38.175 -10.589 1.14786 -0.0445315 0.000667472
26 29.1955 -8.68033 0.958038 -0.0353758 0.000494835
27 30.0159 -8.82226 0.94853 -0.0341129 0.000462805
28 28.6923 -8.19237 0.86099 -0.029013 0.000361849
29 28.5263 -8.60068 0.93749 -0.033235 0.000432004
30 51.1439 -14.0418 1.37201 -0.0482082 0.000625634
31 32.6428 -9.14799 0.961283 -0.0332421 0.000420561
32 51.2077 -12.7638 1.31212 -0.0483981 0.000662643
33 40.5898 -10.8578 1.15964 -0.0429133 0.000589404
34 36.1436 -10.1219 1.12143 -0.0431332 0.000625024
35 39.3769 -10.8377 1.1566 -0.0427984 0.00058745
36 30.5941 -8.97264 1.00082 -0.0375717 0.000529181
37 37.7205 -9.92758 1.05869 -0.0389114 0.000536824
38 44.0805 -12.0611 1.29998 -0.0505503 0.000737473
39 34.3813 -10.684 1.23341 -0.0499721 0.000748379
40 48.8084 -12.1326 1.24451 -0.0462305 0.000646571
41 43.8077 -12.0543 1.34375 -0.0561019 0.000900662
42 41.1769 -10.3015 1.04018 -0.0356571 0.000443748
43 35.9921 -9.68039 1.01444 -0.0355376 0.00045344
44 17.6802 -5.5547 0.628996 -0.0205555 0.000253256
45 44.4767 -11.3765 1.15583 -0.0411765 0.000534254
46 33.2304 -9.43917 1.03939 -0.0395509 0.000570352
47 41.7946 -11.244 1.1975 -0.0457213 0.000651258
48 28.6358 -8.68044 0.946481 -0.0340738 0.000459088
49 42.7724 -10.7476 1.10372 -0.0406528 0.000569701
50 30.569 -9.16886 1.04823 -0.0417567 0.00063455
51 41.5832 -11.004 1.16534 -0.0444127 0.000642932
52 33.4194 -9.47451 1.04591 -0.0407018 0.000605463
53 38.7883 -10.8327 1.18726 -0.0468305 0.000704834
54 41.4658 -10.5484 1.10135 -0.041551 0.000599168
55 35.5733 -9.53221 1.02322 -0.0381832 0.000537154
56 39.684 -10.8526 1.16086 -0.0444648 0.000634705
57 35.3095 -9.69045 1.03026 -0.0376349 0.000513234
58 33.946 -9.73547 1.07514 -0.0415181 0.000601939
59 36.1828 -9.50686 1.00222 -0.0362125 0.000482862
60 30.569 -8.57602 0.962318 -0.0374842 0.000558643
61 29.0441 -8.99787 1.01284 -0.038912 0.000560635
62 32.5717 -9.57376 1.0528 -0.0400603 0.000573639
63 35.0027 -10.1199 1.12726 -0.0443082 0.000652263
64 105.608 -30.6341 3.19811 -0.136543 0.00220088
65 34.2759 -10.9351 1.24426 -0.0488272 0.000703915
66 21.1035 -7.1458 0.855617 -0.0323846 0.000471141
67 27.2618 -8.44958 0.913486 -0.0319147 0.00041479
68 16.7809 -5.49167 0.640346 -0.0209594 0.000258271
69 35.1357 -10.7859 1.16188 -0.0436278 0.000624471
70 33.8222 -10.6782 1.20456 -0.0464115 0.000656267
71 21.8919 -7.1407 0.830113 -0.0305058 0.000430476
72 36.6174 -11.4098 1.24192 -0.0468658 0.000652255
73 26.2755 -8.09552 0.875291 -0.0306007 0.000408167
74 19.1805 -6.11075 0.669296 -0.0206284 0.000223881
75 26.7995 -7.84466 0.817036 -0.0258836 0.00028958
76 87.3598 -23.8581 2.31611 -0.0877915 0.00124772
77 20.9814 -6.63269 0.75167 -0.0268322 0.000376021
78 37.932 -11.3515 1.22429 -0.0472298 0.000696836
79 64.4324 -18.1887 1.81291 -0.0680924 0.000956369
80 50.1557 -14.4403 1.45926 -0.0538056 0.000741529
81 25.2664 -7.3552 0.750414 -0.0233875 0.000268767
82 54.1262 -16.0024 1.66643 -0.0649179 0.000949735
83 34.2028 -9.72661 0.975555 -0.0324793 0.000402942
84 88.5319 -23.5054 2.20785 -0.0805854 0.00109481
85 41.8006 -12.9648 1.41096 -0.0549283 0.000794793
86 40.4468 -12.2299 1.29862 -0.0485762 0.000673612
87 29.6919 -9.15796 0.993125 -0.0359157 0.000491466
88 50.5621 -14.0845 1.36726 -0.0473091 0.000603526
89 29.7988 -8.17098 0.842579 -0.027158 0.000317713
90 26.6479 -7.66537 0.802435 -0.026264 0.000328592
91 95.2524 -26.2325 2.55461 -0.0978844 0.00139768
92 96.1783 -27.3269 2.78326 -0.114854 0.00180929
93 48.8164 -15.062 1.63096 -0.0645426 0.000944769
94 74.2838 -20.7821 2.04111 -0.0757491 0.0010307
95 49.0706 -15.1227 1.66759 -0.0694457 0.00109559
