0 40.5327 -8.16263 0.786563 -0.0295744 0.000455078
1 37.1332 -8.69322 0.891593 -0.0343928 0.000509272
2 44.0446 -9.94132 0.994684 -0.0383144 0.000566679
3 47.5067 -10.5757 1.05369 -0.0409985 0.00061252
4 38.9749 -9.42576 0.969794 -0.0377298 0.000559283
5 42.1304 -9.81744 0.999299 -0.0389765 0.000580519
6 64.8477 -13.5918 1.27947 -0.0484163 0.00069733
7 55.155 -12.0488 1.16989 -0.0451451 0.0006641
8 48.1616 -10.5571 1.02932 -0.0389947 0.000563973
9 49.179 -10.9156 1.07306 -0.0411995 0.000603902
10 52.7898 -11.5367 1.12099 -0.0428986 0.000627022
11 47.7387 -10.6172 1.05528 -0.0409528 0.000606919
12 45.7038 -10.0047 0.970691 -0.0363378 0.000521323
13 40.4727 -9.52093 0.977454 -0.0384754 0.000578012
14 54.0611 -11.6088 1.11506 -0.0423977 0.000615492
15 43.3838 -9.7042 0.969422 -0.0374759 0.000555093
16 41.2051 -9.20852 0.918435 -0.0352015 0.000519395
17 36.0584 -8.76048 0.912055 -0.0357207 0.000535216
18 40.0205 -9.51233 0.983998 -0.0389856 0.000588585
19 61.467 -12.662 1.19123 -0.0450237 0.000651572
20 49.1496 -10.803 1.05348 -0.0400839 0.00058364
21 50.0717 -10.9815 1.06524 -0.0402542 0.000578003
22 39.1798 -9.32476 0.961791 -0.037679 0.000563336
23 49.0271 -11.0362 1.09977 -0.0429744 0.000638378
24 44.8613 -9.96444 0.981856 -0.0374502 0.000547422
25 42.6326 -9.69863 0.971179 -0.037565 0.000557679
26 38.3215 -9.39357 0.977848 -0.0385121 0.00057532
27 50.4566 -11.2345 1.10448 -0.0426086 0.000625186
28 44.8541 -10.4484 1.0588 -0.0415665 0.000620958
29 48.094 -11.0262 1.09578 -0.0424422 0.000625319
30 44.9248 -10.6577 1.09038 -0.043143 0.000646065
31 52.7448 -11.4702 1.11348 -0.0425465 0.000618364
32 24.619 -7.81363 0.847115 -0.0323974 0.00047155
33 36.4455 -10.4437 1.06426 -0.0400142 0.000565388
34 17.485 -5.7395 0.668845 -0.0261913 0.00039499
35 25.6373 -7.8215 0.879186 -0.0353328 0.000535862
36 23.6062 -7.25012 0.80363 -0.0311632 0.000457923
37 6.36056 -3.46988 0.474568 -0.0188283 0.000293589
38 10.4984 -3.85895 0.494948 -0.0194457 0.000300821
39 26.1969 -7.78825 0.856855 -0.0335768 0.00049802
40 5.3956 -2.32096 0.334254 -0.01256 0.000196849
41 26.9604 -8.05313 0.874529 -0.0339837 0.000498378
42 23.2657 -7.10463 0.797469 -0.0314813 0.000472021
43 22.0288 -6.7457 0.757142 -0.029647 0.000443717
44 23.4232 -6.67117 0.745965 -0.0291238 0.000434599
45 24.3073 -7.08817 0.780887 -0.0301601 0.00044227
46 21.5009 -6.14394 0.703652 -0.0280247 0.000428125
47 19.6525 -6.16215 0.698456 -0.0271033 0.000403714
48 18.3331 -5.70328 0.649319 -0.024987 0.000372152
49 24.4135 -7.48527 0.820863 -0.0315894 0.00046115
50 25.1813 -7.38321 0.809487 -0.0314065 0.000463889
51 14.3768 -4.99523 0.588721 -0.022663 0.000338661
52 16.1337 -5.4613 0.628639 -0.0241604 0.000358885
53 32.176 -8.09151 0.849837 -0.0328857 0.000485678
54 24.4045 -7.26232 0.810158 -0.0319952 0.000479849
55 14.078 -4.91297 0.563907 -0.0211316 0.000311186
56 31.1682 -9.04518 0.947308 -0.0361071 0.000517988
57 28.608 -7.39855 0.774381 -0.0288863 0.000411711
58 23.5284 -7.1162 0.803636 -0.0319809 0.000481273
59 25.2932 -7.62299 0.835014 -0.0323455 0.000474106
60 30.1609 -8.05127 0.862212 -0.0336442 0.000498543
61 24.318 -6.97964 0.752235 -0.0283985 0.000409327
62 24.9366 -7.63352 0.841388 -0.0328305 0.000486468
63 25.7187 -7.73717 0.850187 -0.0332861 0.000491601
64 39.8645 -9.33296 0.958095 -0.0375864 0.000564401
65 40.3755 -9.82783 1.0223 -0.0401864 0.000599977
66 54.6697 -12.0188 1.18871 -0.0466339 0.000698045
67 31.4138 -7.74352 0.836745 -0.0335669 0.000519334
68 52.3151 -11.6144 1.13715 -0.0434207 0.000631868
69 44.5286 -10.0476 0.996722 -0.0381096 0.000555271
70 47.4909 -10.6774 1.0595 -0.0408254 0.000598094
71 39.2441 -9.30013 0.961544 -0.0376391 0.000561269
72 40.9259 -9.62121 0.986638 -0.0385543 0.0005803
73 36.5407 -8.669 0.887156 -0.0337767 0.000494269
74 44.5499 -10.0621 1.01234 -0.0391752 0.000582318
75 36.0903 -8.66582 0.906289 -0.0356228 0.000535063
76 43.2295 -9.85886 0.994533 -0.038565 0.000571468
77 34.3738 -8.45143 0.875319 -0.033683 0.00049696
78 35.7211 -8.7057 0.90609 -0.0353822 0.000526545
79 47.6093 -10.9476 1.11034 -0.0438224 0.000657571
80 49.2982 -11.0088 1.07665 -0.0409419 0.000594328
81 31.9265 -6.85294 0.679133 -0.02523 0.000380183
82 30.3278 -7.0025 0.669296 -0.0249469 0.000668612
83 54.8428 -11.717 1.12668 -0.0427948 0.00062296
84 34.9015 -8.11723 0.830244 -0.0316811 0.000465252
85 33.6085 -8.59543 0.92471 -0.0369698 0.000563667
86 36.874 -8.87153 0.929834 -0.0366525 0.000550547
87 35.9839 -8.28144 0.859139 -0.033481 0.000503814
88 44.7813 -10.1051 1.00644 -0.038489 0.000562736
89 48.0054 -10.3767 1.00904 -0.0379325 0.00054774
90 47.4748 -10.7685 1.07996 -0.0420864 0.000624259
91 33.8431 -7.86316 0.828974 -0.0325897 0.000492356
92 30.5106 -7.73398 0.840595 -0.0336321 0.000517906
93 40.2064 -9.40029 0.966552 -0.0378144 0.000563092
94 36.7907 -8.80068 0.920682 -0.0361235 0.000541163
95 36.5573 -8.74806 0.925924 -0.0370165 0.00056543
