0 22.5456 -6.57121 0.713612 -0.0270168 0.000392797
1 20.7797 -5.57426 0.623224 -0.0239336 0.000355538
2 23.0049 -6.62027 0.735073 -0.0284435 0.000419214
3 23.1299 -6.6716 0.725531 -0.0276025 0.000399762
4 24.5991 -6.63982 0.720927 -0.0276834 0.000407083
5 23.3377 -6.67058 0.730657 -0.0280107 0.000410424
6 24.7193 -7.17036 0.788099 -0.0306395 0.000452958
7 20.191 -5.1046 0.558202 -0.0208038 0.000302824
8 25.3741 -7.3138 0.779773 -0.0295348 0.000425442
9 22.9851 -6.61008 0.72016 -0.0273527 0.00039491
10 25.9888 -7.44379 0.788654 -0.0297216 0.000426151
11 25.6838 -6.00362 0.626433 -0.0233096 0.000338587
12 23.137 -6.27274 0.687676 -0.0263427 0.0003883
13 23.3651 -6.62069 0.711171 -0.0267665 0.00038433
14 21.9818 -6.13322 0.659594 -0.024651 0.000354439
15 24.576 -6.96468 0.73829 -0.0277913 0.000400431
16 23.8196 -6.85111 0.73877 -0.0279678 0.000402703
17 31.7518 -7.21708 0.72352 -0.026619 0.000378628
18 25.9472 -7.38021 0.772084 -0.0287718 0.000409042
19 21.1917 -5.28606 0.570237 -0.021229 0.000311039
20 23.7362 -6.71016 0.70977 -0.026453 0.000377646
21 24.809 -5.99717 0.632969 -0.023549 0.000340214
22 31.6877 -8.81054 0.890314 -0.0328726 0.000459468
23 20.6085 -5.65436 0.617218 -0.0231685 0.000336059
24 25.3832 -7.11718 0.76355 -0.0291064 0.000424144
25 25.9951 -6.25111 0.657697 -0.0246273 0.000359169
26 22.9384 -6.42612 0.696231 -0.0264065 0.000385527
27 26.4128 -7.44885 0.780604 -0.0291986 0.000415744
28 28.0712 -7.96892 0.836704 -0.0316179 0.000454097
29 26.694 -6.66462 0.701199 -0.0262804 0.000378986
30 21.689 -6.03993 0.654547 -0.0246111 0.000355068
31 26.244 -7.36662 0.76854 -0.028743 0.000408805
32 47.8656 -9.45222 0.874966 -0.0312498 0.00044179
33 52.1814 -9.89991 0.885417 -0.0308803 0.0004252
34 47.632 -9.73248 0.918176 -0.0333242 0.000470878
35 58.2327 -10.8346 0.942424 -0.0323742 0.00043867
36 52.7445 -10.1468 0.907596 -0.0317498 0.00043457
37 56.3016 -10.2057 0.869609 -0.0288672 0.000380528
38 49.5857 -9.50161 0.857087 -0.0298953 0.000414451
39 56.8942 -10.4732 0.90451 -0.0307665 0.000412371
40 53.4758 -10.4224 0.930219 -0.0324795 0.000444172
41 54.5059 -10.1664 0.886233 -0.0300718 0.000401267
42 55.2261 -10.2011 0.881639 -0.0298674 0.000400667
43 48.3264 -9.2602 0.837333 -0.029284 0.00040425
44 49.3494 -10.0769 0.939676 -0.0339735 0.000475999
45 50.8432 -9.93249 0.899362 -0.0316444 0.000437602
46 67.9667 -12.2423 1.02181 -0.0340036 0.000444418
47 50.0689 -9.93396 0.90942 -0.0323503 0.000447683
48 64.3087 -12.2355 1.06385 -0.0368816 0.000504066
49 49.0561 -9.45754 0.853476 -0.029909 0.000416425
50 50.7892 -9.87886 0.89527 -0.0314846 0.000437796
51 50.9509 -9.51143 0.835865 -0.0286118 0.0003902
52 52.2365 -10.5805 0.966525 -0.0344254 0.000479035
53 53.3886 -9.60954 0.812863 -0.0265759 0.000347388
54 43.8996 -8.91716 0.83707 -0.0300522 0.000421629
55 46.8402 -9.43218 0.878613 -0.0315474 0.000441249
56 61.6694 -11.5993 0.993708 -0.0337954 0.000453499
57 57.6596 -10.7344 0.928201 -0.0316426 0.000426583
58 43.0302 -8.92799 0.852445 -0.030941 0.00043879
59 54.0227 -10.0181 0.866148 -0.0292656 0.000391294
60 45.8591 -9.64277 0.916465 -0.0335216 0.000473061
61 44.2663 -9.77869 0.950618 -0.0352649 0.000500496
62 58.172 -11.0992 0.971142 -0.0333342 0.00044688
63 51.9007 -10.2199 0.927367 -0.0329596 0.000455916
64 22.3026 -6.35601 0.690765 -0.0262583 0.000387355
65 20.9102 -5.80942 0.625181 -0.0232419 0.000338581
66 19.8612 -5.35071 0.586809 -0.0218475 0.000318621
67 29.7407 -6.81643 0.699784 -0.0262479 0.000383584
68 30.7988 -7.3691 0.74814 -0.027621 0.000395508
69 19.8179 -4.91825 0.528141 -0.0194049 0.000282645
70 22.765 -6.35212 0.677632 -0.0251642 0.000361572
71 19.6858 -5.3289 0.599796 -0.022916 0.000339879
72 24.294 -6.32187 0.671099 -0.0252122 0.000367179
73 23.1678 -5.96115 0.633904 -0.0235961 0.000342865
74 25.1268 -6.29689 0.667018 -0.0250222 0.000363002
75 24.3339 -6.10261 0.651027 -0.0246735 0.000364887
76 31.187 -6.9908 0.694893 -0.0252206 0.0003565
77 26.9333 -6.17978 0.620742 -0.0224401 0.000318571
78 29.8346 -6.87681 0.694587 -0.025568 0.000364885
79 21.9684 -5.62528 0.612702 -0.0232293 0.000342436
80 38.2153 -10.3675 1.01105 -0.0368709 0.000509088
81 25.3909 -5.91793 0.600725 -0.021616 0.000306409
82 23.5617 -5.76324 0.597863 -0.0217501 0.000310985
83 21.1968 -5.87677 0.633574 -0.0236607 0.000342003
84 25.0575 -6.89112 0.706678 -0.0257984 0.000363771
85 22.9418 -5.51275 0.576796 -0.0209823 0.000300726
86 20.3221 -5.56904 0.604617 -0.0224819 0.000324457
87 22.2235 -5.09839 0.537322 -0.0196073 0.000284113
88 24.3438 -6.7726 0.717353 -0.0268529 0.000385448
89 20.4088 -5.50598 0.596994 -0.0222422 0.000322857
90 21.0258 -5.55178 0.597779 -0.0222095 0.000320374
91 21.1616 -5.77034 0.620864 -0.0231709 0.000335916
92 22.8417 -5.77063 0.600057 -0.0218364 0.000310432
93 26.303 -6.35949 0.661444 -0.0244703 0.000353259
94 23.5188 -6.08438 0.652667 -0.0246068 0.000362297
95 29.6877 -7.43375 0.766132 -0.0287277 0.000411471
