0 51.1243 -14.3801 1.46556 -0.0579052 0.000848912
1 8.82135 -4.03549 0.527014 -0.0212452 0.000332248
2 30.5156 -9.0323 0.970354 -0.0382916 0.000567216
3 23.9352 -7.48155 0.807435 -0.031185 0.000459493
4 23.1814 -7.32485 0.816483 -0.0321938 0.000481779
5 13.8659 -4.55547 0.550436 -0.0217968 0.000335994
6 16.2628 -5.86184 0.692657 -0.0277644 0.000421204
7 24.2046 -7.28815 0.788608 -0.0304948 0.000447519
8 17.0349 -5.32187 0.62934 -0.0250668 0.000383505
9 26.7453 -7.95339 0.868778 -0.0342806 0.000509479
10 20.8307 -6.4891 0.722062 -0.0281193 0.000419788
11 26.0032 -7.75991 0.867285 -0.0349249 0.00052858
12 21.731 -7.04243 0.770081 -0.0297033 0.000436061
13 117.834 -30.3845 2.82824 -0.107737 0.00150995
14 22.6693 -6.52965 0.731522 -0.028727 0.00042758
15 21.6171 -6.76003 0.733489 -0.0280753 0.000411844
16 20.4943 -6.56394 0.713211 -0.0269915 0.000394429
17 22.2053 -6.87645 0.758691 -0.0295612 0.000441666
18 19.0767 -6.16767 0.675371 -0.025636 0.000377058
19 27.1849 -8.60598 0.929428 -0.0365913 0.000544349
20 25.0543 -7.48865 0.805251 -0.0309493 0.000453368
21 42.6886 -12.0146 1.16247 -0.0428754 0.000598383
22 13.2942 -4.295 0.52837 -0.021067 0.000326596
23 21.5103 -6.58828 0.73629 -0.0290012 0.000435737
24 14.4187 -4.77186 0.562965 -0.0218082 0.000326246
25 21.9096 -6.14473 0.700348 -0.0280023 0.000428229
26 63.1005 -16.6517 1.55891 -0.0575475 0.000795781
27 14.7422 -5.09171 0.60355 -0.0238552 0.00036144
28 25.1435 -7.52425 0.829552 -0.0326746 0.000485933
29 11.4588 -4.37904 0.526421 -0.0203182 0.000305868
30 18.6079 -5.90147 0.680792 -0.0270119 0.000408995
31 16.288 -5.38203 0.641423 -0.0257359 0.000392488
32 22.9773 -6.67492 0.764101 -0.030781 0.000471481
33 28.9081 -7.57382 0.83125 -0.0333487 0.000507835
34 22.3435 -6.87015 0.792953 -0.0324568 0.000504556
35 24.929 -7.12998 0.805835 -0.0324463 0.000494623
36 38.9277 -9.06735 0.925684 -0.0359002 0.000531473
37 26.0129 -7.94155 0.888423 -0.0360318 0.000553531
38 26.3184 -7.01974 0.781265 -0.0312124 0.000476685
39 24.9235 -6.8399 0.762329 -0.0304271 0.000461677
40 27.8074 -7.18464 0.779363 -0.0308081 0.000469557
41 28.7788 -7.39295 0.794558 -0.0311558 0.000466612
42 32.2963 -8.06491 0.861499 -0.0343231 0.000524629
43 33.6428 -8.28754 0.881165 -0.0350699 0.000533557
44 35.4494 -8.46178 0.879446 -0.0345062 0.000519131
45 24.6094 -7.50382 0.833004 -0.0331396 0.000499382
46 22.5438 -6.47281 0.731654 -0.0291778 0.000442436
47 24.3676 -7.24853 0.807875 -0.0322284 0.000488427
48 27.4658 -7.21468 0.783473 -0.030934 0.00046838
49 24.4079 -6.45334 0.713058 -0.0282339 0.000431813
50 29.5233 -7.58065 0.818801 -0.0324957 0.000491385
51 28.4697 -7.19966 0.778696 -0.0308589 0.000470121
52 30.9197 -7.82368 0.827615 -0.0322564 0.00047971
53 28.1313 -7.02714 0.750521 -0.0291655 0.000436245
54 37.9074 -9.16597 0.941444 -0.0365978 0.000541146
55 22.8634 -6.86042 0.779782 -0.0314315 0.000479896
56 26.9523 -6.81684 0.722837 -0.0277192 0.000411082
57 20.5159 -6.389 0.725629 -0.028749 0.000436132
58 24.8397 -7.51594 0.858184 -0.0351421 0.000541343
59 26.8974 -7.51246 0.846369 -0.0346641 0.000536673
60 35.8993 -9.3779 0.993055 -0.0394553 0.000588181
61 21.3728 -6.11044 0.691253 -0.0274428 0.000418364
62 22.5064 -6.69087 0.768468 -0.0311583 0.000476844
63 28.3943 -7.89542 0.874281 -0.0354587 0.0005418
64 23.6206 -6.83482 0.749291 -0.0292128 0.000434589
65 38.6543 -8.93362 0.906032 -0.0350112 0.000517068
66 43.0933 -10.0107 1.01716 -0.0399257 0.00059271
67 43.1972 -9.92812 0.994658 -0.0384337 0.000564212
68 28.1805 -7.22928 0.774039 -0.0302443 0.000451499
69 27.9491 -7.34479 0.783219 -0.030237 0.000443621
70 24.2241 -6.38058 0.703846 -0.0276657 0.000418622
71 21.0169 -5.9434 0.685491 -0.0277087 0.000427616
72 34.7091 -8.22905 0.843385 -0.0325204 0.000478494
73 15.137 -2.89629 0.271744 -0.00701584 8.15954e-05
74 32.1197 -7.63838 0.793508 -0.0308319 0.000460139
75 31.1382 -7.59074 0.797967 -0.0312721 0.000469467
76 30.4659 -7.40329 0.772134 -0.0296342 0.00043523
77 36.792 -8.53034 0.855256 -0.0324736 0.000472314
78 20.9918 -5.894 0.652984 -0.0252842 0.000375361
79 34.5596 -8.36851 0.87158 -0.0342172 0.000509711
80 30.8742 -7.35157 0.755931 -0.0286897 0.000418301
81 31.7621 -7.77386 0.805708 -0.0310345 0.000456571
82 23.8307 -6.24419 0.679845 -0.0264555 0.000396312
83 27.4141 -6.74829 0.721852 -0.0283254 0.000426286
84 33.544 -8.20781 0.848089 -0.0327383 0.000479408
85 32.3486 -7.83183 0.823491 -0.0321701 0.000478131
86 39.4415 -8.89228 0.889991 -0.0340647 0.000497548
87 26.715 -6.67588 0.722971 -0.0284251 0.000428659
88 31.615 -7.63161 0.793993 -0.0306127 0.000452885
89 31.5401 -6.38892 0.624181 -0.0226171 0.000330572
90 32.4345 -7.60813 0.789781 -0.030555 0.000452251
91 28.8975 -7.45608 0.815104 -0.0327262 0.000496964
92 26.6453 -6.75356 0.728744 -0.0285675 0.000428009
93 24.4588 -6.36368 0.703639 -0.0277058 0.000417782
94 21.5663 -6.03577 0.681313 -0.026801 0.000399924
95 36.6209 -8.63256 0.898097 -0.0355265 0.000532851
