0 42.3228 -8.96085 0.832042 -0.0304221 0.000420227
1 35.9493 -7.9475 0.757575 -0.0279913 0.000389921
2 32.7367 -7.20086 0.687096 -0.0252131 0.000350374
3 43.9085 -9.09731 0.831659 -0.0301702 0.000412373
4 37.6799 -7.83653 0.710361 -0.025016 0.000334547
5 36.1301 -7.78049 0.729878 -0.026611 0.000367541
6 32.2828 -7.24711 0.695586 -0.0255608 0.000355355
7 43.5235 -8.78478 0.790635 -0.028265 0.000382359
8 40.1306 -8.27433 0.755386 -0.0271403 0.000369515
9 35.0916 -7.49204 0.703667 -0.0256193 0.000354739
10 40.1248 -8.50585 0.784071 -0.0284345 0.000390049
11 26.3328 -6.01433 0.585889 -0.0212732 0.000293704
12 26.6489 -6.07044 0.59139 -0.0215097 0.000296499
13 39.995 -8.58374 0.796957 -0.0291038 0.000399823
14 28.3185 -6.44962 0.621198 -0.0224687 0.000307318
15 31.5161 -6.94165 0.660921 -0.0240708 0.000332499
16 45.7262 -9.31186 0.838573 -0.0301679 0.000410926
17 50.5658 -10.1936 0.908827 -0.0327182 0.000443529
18 36.0914 -8.0769 0.761806 -0.0278199 0.000381685
19 22.4246 -5.46338 0.552788 -0.0203825 0.000284134
20 27.0124 -6.34639 0.623515 -0.0229166 0.000318539
21 34.5214 -7.44287 0.698647 -0.025325 0.000347198
22 53.667 -10.6427 0.932064 -0.0329729 0.000439266
23 39.7637 -8.45658 0.782239 -0.0283559 0.00038833
24 38.0495 -7.97153 0.724594 -0.0256007 0.000342331
25 45.9804 -9.49512 0.849252 -0.0301864 0.000403631
26 40.7062 -8.61709 0.786868 -0.0281323 0.000378538
27 38.3895 -8.39025 0.783231 -0.0285255 0.000389755
28 31.4083 -7.15604 0.684724 -0.0249067 0.000340761
29 45.1321 -9.60146 0.880849 -0.0320378 0.000436166
30 38.9975 -8.31589 0.764735 -0.0275019 0.000370787
31 38.325 -8.43436 0.799482 -0.0297032 0.000413247
32 34.2635 -7.36826 0.70143 -0.0258158 0.000360793
33 45.6237 -9.5735 0.883057 -0.0324862 0.000450867
34 38.791 -8.26311 0.77578 -0.028586 0.000397308
35 44.4929 -9.18053 0.839868 -0.0306556 0.000423318
36 39.3867 -8.22905 0.764866 -0.0279771 0.000388047
37 34.2605 -7.51556 0.722076 -0.026877 0.000378971
38 38.1285 -8.14062 0.771025 -0.0285911 0.000399892
39 27.4191 -6.189 0.60383 -0.022188 0.000309079
40 44.8409 -8.89107 0.798851 -0.0286121 0.000389601
41 42.3242 -8.71234 0.795083 -0.0287676 0.000394893
42 38.248 -7.91941 0.73396 -0.0266791 0.00036863
43 41.4303 -8.76018 0.818074 -0.0301529 0.00041933
44 49.9473 -9.92677 0.893931 -0.0326471 0.000452208
45 30.8064 -6.82613 0.657319 -0.0241322 0.000336011
46 36.0576 -7.68856 0.719623 -0.0262331 0.000361836
47 30.0227 -6.67546 0.642606 -0.0235979 0.000329051
48 40.1333 -8.34233 0.765576 -0.0276312 0.000377244
49 40.9107 -8.41951 0.773628 -0.0282224 0.000391218
50 41.4362 -8.49656 0.776657 -0.0281315 0.000385632
51 40.7856 -8.336 0.754962 -0.0269605 0.000364854
52 36.6651 -8.07102 0.76055 -0.0278459 0.000384099
53 36.6643 -8.02534 0.753952 -0.0274705 0.00037697
54 34.4489 -7.43057 0.697524 -0.0252385 0.000345059
55 32.9335 -7.16715 0.684373 -0.0250774 0.000347215
56 52.9194 -10.5486 0.931997 -0.0332989 0.000447982
57 30.4871 -7.20799 0.706544 -0.0262624 0.000367069
58 39.2547 -8.81397 0.833351 -0.0307003 0.000424464
59 47.5111 -9.96183 0.902698 -0.0325225 0.000439097
60 44.4403 -9.54459 0.873992 -0.0316769 0.000430348
61 40.1182 -8.7271 0.814272 -0.0297732 0.000409303
62 37.4943 -8.36703 0.792975 -0.0292322 0.00040369
63 46.1411 -9.86305 0.918174 -0.0341407 0.000474985
64 54.3044 -10.713 0.947349 -0.0342126 0.000468564
65 43.3063 -8.86312 0.804867 -0.0291884 0.000404161
66 59.8932 -11.7357 1.0244 -0.0367596 0.00049758
67 44.523 -9.06046 0.814962 -0.0292166 0.000396337
68 59.4247 -11.5781 1.01861 -0.0370012 0.00050918
69 65.0919 -12.2913 1.05232 -0.03747 0.000505275
70 26.5434 -6.27152 0.621194 -0.023082 0.000324949
71 47.2569 -9.31608 0.829386 -0.029707 0.000404056
72 63.7378 -12.1587 1.04353 -0.037009 0.000496734
73 54.3289 -10.702 0.94164 -0.0338082 0.000460306
74 47.0941 -9.59953 0.871689 -0.0318019 0.000439227
75 51.9171 -10.2621 0.90894 -0.0327833 0.000447968
76 49.6669 -9.87305 0.881458 -0.0318356 0.000435649
77 45.6963 -9.33259 0.838741 -0.0302143 0.000412176
78 45.3895 -9.35291 0.850322 -0.0309483 0.000426346
79 46.62 -9.39109 0.843881 -0.0304651 0.000416599
80 49.3332 -9.92314 0.881425 -0.0315197 0.00042711
81 51.1413 -10.1156 0.889923 -0.0317534 0.000429273
82 46.7326 -9.6668 0.870545 -0.0314471 0.000429728
83 57.3098 -11.1284 0.96903 -0.0345841 0.000465965
84 58.5063 -11.6777 1.02113 -0.0365488 0.000491897
85 38.9924 -8.35793 0.779966 -0.0286154 0.00039685
86 48.2461 -9.75368 0.874086 -0.0315422 0.000430596
87 56.2945 -11.3156 1.01068 -0.0368226 0.000505121
88 43.1418 -9.24016 0.856094 -0.0313987 0.000433343
89 65.2555 -13.1146 1.16147 -0.0422807 0.00057647
90 41.0841 -8.86453 0.827782 -0.030434 0.000421103
91 46.1109 -9.68476 0.889975 -0.032656 0.000450646
92 52.0059 -10.5994 0.956359 -0.0349575 0.000481616
93 46.8603 -10.0283 0.921735 -0.0337859 0.000464675
94 44.0891 -9.30923 0.862141 -0.0318641 0.000443836
95 50.0912 -10.1248 0.91464 -0.0333847 0.000458841
