0 18.781 -5.40426 0.562461 -0.021072 0.000299806
1 28.6606 -7.77437 0.748634 -0.0271892 0.000372155
2 25.2523 -6.9002 0.687757 -0.0254333 0.000352276
3 31.5628 -8.23737 0.76715 -0.027222 0.000364246
4 28.1137 -7.79774 0.777217 -0.0290767 0.000406294
5 14.1985 -4.141 0.448828 -0.0167293 0.000238827
6 28.6542 -7.73721 0.743383 -0.0268596 0.000362639
7 22.3051 -6.16518 0.61585 -0.0226078 0.000312934
8 23.206 -6.39536 0.661017 -0.0250495 0.000354365
9 24.9142 -6.67864 0.664937 -0.0244934 0.000337717
10 28.7517 -7.66544 0.742002 -0.0270843 0.000371267
11 23.2362 -6.28694 0.640745 -0.0239127 0.00033361
12 44.5526 -11.2246 1.01092 -0.0356508 0.000468403
13 16.4329 -4.89075 0.498986 -0.0180197 0.000250822
14 20.2925 -5.37744 0.557664 -0.0207096 0.000288376
15 141.989 -33.8634 2.91126 -0.104169 0.00136608
16 40.4427 -10.4107 0.955404 -0.0340545 0.000454117
17 18.9725 -5.503 0.569063 -0.0210841 0.000295903
18 46.4659 -11.7433 1.06575 -0.038184 0.000510929
19 26.2277 -7.33071 0.712411 -0.0258894 0.000354253
20 29.2598 -7.90203 0.769658 -0.0281933 0.00038574
21 52.2717 -12.9652 1.13258 -0.0393604 0.000512339
22 14.9675 -4.50533 0.502858 -0.0194447 0.000282054
23 21.3754 -6.07462 0.626817 -0.0235487 0.00033078
24 17.2031 -5.13646 0.546157 -0.0205069 0.000288458
25 21.6905 -5.63481 0.587831 -0.0222603 0.000316435
26 49.6504 -12.2425 1.07476 -0.037363 0.000486207
27 21.8764 -6.21981 0.628134 -0.0231843 0.000320554
28 28.9355 -7.92797 0.793517 -0.0297425 0.000412407
29 22.4328 -6.48661 0.647468 -0.0237632 0.000327472
30 27.0984 -7.46002 0.751413 -0.0283711 0.000398459
31 21.9463 -6.18701 0.636023 -0.0238098 0.000332339
32 19.9779 -5.33622 0.566249 -0.0215327 0.000309083
33 26.8451 -6.50267 0.660003 -0.0251813 0.000361642
34 17.3965 -4.97365 0.540188 -0.020827 0.000303943
35 22.6091 -5.9401 0.620788 -0.0236777 0.000339012
36 35.9157 -7.73044 0.730921 -0.0268853 0.000374421
37 23.9859 -6.70468 0.690783 -0.0263342 0.000376638
38 23.2037 -5.70262 0.590159 -0.0223561 0.000320507
39 23.1056 -5.79808 0.592689 -0.0222515 0.000314518
40 26.3266 -6.31385 0.632409 -0.0237134 0.000337819
41 25.9152 -6.11635 0.610406 -0.0227425 0.000320741
42 28.7296 -6.55098 0.645855 -0.0241196 0.000342388
43 30.4214 -6.86145 0.673125 -0.0252304 0.00035849
44 33.2925 -7.3671 0.70808 -0.026295 0.000369763
45 23.1401 -6.45725 0.660016 -0.0247668 0.000347934
46 18.8663 -4.95494 0.520577 -0.0194983 0.00027602
47 23.7409 -6.50792 0.667067 -0.0251722 0.000355414
48 26.6144 -6.53078 0.657616 -0.0247832 0.000351886
49 23.6385 -5.82302 0.595002 -0.0224726 0.000321466
50 28.3377 -6.80092 0.682374 -0.0258853 0.000368642
51 27.5565 -6.49243 0.645633 -0.0241776 0.000342482
52 29.1539 -6.84999 0.669416 -0.0246774 0.00034237
53 25.778 -5.98766 0.595081 -0.0220463 0.000310092
54 35.3855 -7.9157 0.751784 -0.0276059 0.000381647
55 22.433 -6.22908 0.651547 -0.0249442 0.00035653
56 25.8107 -6.18543 0.615646 -0.0228491 0.00032054
57 19.0342 -5.62013 0.600129 -0.0229686 0.000329675
58 24.3154 -6.78396 0.712403 -0.0276123 0.000397186
59 25.349 -6.5063 0.672311 -0.025835 0.000371224
60 33.1309 -7.8955 0.762641 -0.0280946 0.000385776
61 19.846 -5.2999 0.555399 -0.0209378 0.000297362
62 23.5682 -6.52347 0.685336 -0.0263966 0.000376137
63 26.4103 -6.782 0.69142 -0.026318 0.000373378
64 23.4356 -6.30026 0.63862 -0.0237822 0.000331875
65 35.6023 -7.59789 0.712891 -0.0260238 0.000359733
66 39.2901 -8.41787 0.789991 -0.0291496 0.000404298
67 39.9076 -8.4957 0.788573 -0.0287574 0.000394755
68 24.6455 -5.75425 0.56882 -0.0208553 0.000290554
69 24.9543 -6.01314 0.593421 -0.0216281 0.000297123
70 22.7705 -5.54198 0.563344 -0.0209773 0.00029632
71 19.3656 -4.99393 0.52514 -0.0197849 0.000281498
72 32.8545 -7.25612 0.688876 -0.0251927 0.000347329
73 16.1566 -3.20245 0.293627 -0.00885083 0.000108773
74 30.0526 -6.62585 0.636432 -0.0233457 0.000324324
75 29.162 -6.59419 0.642008 -0.0238304 0.000334424
76 27.9767 -6.29709 0.611283 -0.0224111 0.000311471
77 34.3474 -7.4004 0.689922 -0.0249188 0.000340979
78 20.0452 -5.24012 0.538653 -0.0199472 0.000277768
79 32.4742 -7.2407 0.691325 -0.0254043 0.000351182
80 28.9577 -6.42605 0.61411 -0.022206 0.000304151
81 30.0408 -6.82391 0.654459 -0.0239067 0.000329607
82 22.2249 -5.3777 0.539951 -0.019818 0.000275433
83 25.627 -5.86392 0.580101 -0.0215457 0.000302413
84 32.5887 -7.46627 0.716143 -0.0263575 0.000363244
85 31.3236 -7.13222 0.695158 -0.0258622 0.000360796
86 38.7095 -8.29358 0.774039 -0.0283385 0.000389699
87 26.3079 -6.23437 0.627326 -0.0236442 0.000334679
88 31.5186 -7.30402 0.714796 -0.026797 0.000377442
89 32.9648 -6.64759 0.614925 -0.0219285 0.00029942
90 30.6936 -6.69516 0.638749 -0.0231905 0.000317453
91 28.1287 -6.75951 0.677146 -0.0255289 0.000358673
92 25.6048 -6.04385 0.6 -0.0222124 0.000309223
93 24.9494 -6.1227 0.622185 -0.0233863 0.000329619
94 20.7139 -5.41237 0.564365 -0.021187 0.000297077
95 36.5809 -8.15619 0.781851 -0.0291714 0.000405269
