0 108.374 -23.3407 1.79992 -0.057533 0.000689544
1 85.2509 -18.8557 1.50342 -0.0492723 0.000606553
2 90.4552 -20.1386 1.61682 -0.053584 0.000667158
3 102.146 -22.0091 1.70868 -0.0550236 0.000666149
4 78.2494 -16.6621 1.28407 -0.0405395 0.000485168
5 77.7992 -16.6353 1.2833 -0.0406081 0.000488428
6 101.214 -21.3697 1.62938 -0.0514911 0.000613891
7 95.7181 -20.8881 1.65272 -0.0540631 0.000662373
8 176.103 -35.6716 2.63563 -0.0824977 0.000966384
9 76.479 -16.5806 1.30508 -0.0421117 0.000514202
10 49.3371 -11.7839 1.00133 -0.033683 0.000427632
11 63.3468 -14.4533 1.17682 -0.0387182 0.000480772
12 95.8088 -20.6238 1.60974 -0.0520571 0.000634157
13 98.2241 -20.0348 1.48907 -0.0459859 0.000538781
14 94.4583 -19.6927 1.48997 -0.0466727 0.000553518
15 43.5934 -10.3807 0.884372 -0.0295633 0.000374599
16 107.578 -23.3774 1.83099 -0.0596381 0.000728368
17 102.387 -21.5326 1.63745 -0.0518086 0.000617618
18 115.002 -23.9279 1.80078 -0.05658 0.000670377
19 89.04 -18.9265 1.45683 -0.0461124 0.000549746
20 116.541 -24.7434 1.91652 -0.0619809 0.000750329
21 111.404 -23.1319 1.71368 -0.0527129 0.00060941
22 113.795 -23.4333 1.75924 -0.0551643 0.00065151
23 97.0625 -21.1175 1.64783 -0.053153 0.000644175
24 84.5147 -18.2271 1.42641 -0.0459288 0.000556775
25 95.0924 -20.0202 1.53071 -0.0484957 0.000580235
26 84.627 -19.5591 1.626 -0.0553217 0.00069921
27 79.437 -17.3627 1.36938 -0.0442332 0.000537074
28 94.0974 -20.9345 1.67561 -0.0553617 0.000684395
29 87.9628 -19.8874 1.6293 -0.0549824 0.000694845
30 91.9852 -20.707 1.68013 -0.0561821 0.000702565
31 87.6029 -18.6348 1.43338 -0.0455489 0.000547605
32 33.883 -7.39896 0.714542 -0.0265571 0.000373281
33 35.4841 -7.42723 0.703949 -0.0257935 0.000359066
34 21.2554 -5.21429 0.547253 -0.02083 0.000302533
35 24.1234 -5.44985 0.549465 -0.0204656 0.000290949
36 33.4937 -7.07846 0.673336 -0.0246894 0.00034608
37 27.6201 -6.23781 0.620816 -0.023192 0.000329287
38 41.1287 -8.08956 0.740483 -0.0269591 0.000375285
39 28.5296 -6.20148 0.603207 -0.0220401 0.000306554
40 34.8095 -7.44502 0.70372 -0.0256411 0.000353977
41 33.5301 -7.09756 0.668268 -0.0241564 0.000332111
42 38.1058 -7.62423 0.698544 -0.0251211 0.000345456
43 34.7268 -7.09383 0.656521 -0.0234813 0.00031895
44 40.2273 -8.51247 0.793045 -0.0289563 0.000399823
45 32.2892 -6.88789 0.660746 -0.0242979 0.000340698
46 35.166 -7.1955 0.664288 -0.023853 0.000326444
47 30.2333 -6.56015 0.623702 -0.0224138 0.00030525
48 38.6186 -8.14157 0.761931 -0.0279798 0.000388478
49 33.6526 -7.3645 0.706143 -0.0260196 0.000363734
50 37.6435 -8.11225 0.771854 -0.0286494 0.000403251
51 42.2314 -8.68987 0.79747 -0.0289869 0.000399305
52 27.8705 -6.20644 0.610234 -0.0224518 0.000313719
53 36.8306 -7.75144 0.724475 -0.0263252 0.000361531
54 40.3694 -8.3968 0.775392 -0.0281441 0.000385841
55 42.3773 -8.6724 0.799902 -0.0292153 0.000403852
56 33.2787 -7.44854 0.715668 -0.0263604 0.000367559
57 28.3611 -6.47742 0.640963 -0.0237845 0.000334227
58 31.5067 -6.92578 0.664928 -0.0242137 0.000333622
59 21.6089 -5.25978 0.538092 -0.0198296 0.00027628
60 25.5788 -5.81339 0.575442 -0.0212207 0.000297886
61 30.7453 -6.59574 0.625606 -0.0226245 0.000311989
62 33.2724 -7.09749 0.67165 -0.0244736 0.000338107
63 40.683 -8.55818 0.792378 -0.0288413 0.000394566
64 24.4142 -5.61699 0.560275 -0.0205599 0.000287839
65 25.9905 -5.77346 0.565462 -0.0205554 0.000285291
66 23.601 -5.40712 0.538939 -0.019619 0.000272429
67 23.711 -5.53181 0.558375 -0.0206715 0.000292352
68 38.1567 -7.88758 0.733911 -0.0266932 0.000370952
69 22.5755 -5.33618 0.539928 -0.0198431 0.000279694
70 17.8045 -4.51704 0.477163 -0.0176685 0.000250486
71 33.9288 -7.36365 0.706038 -0.0258809 0.000360235
72 20.0162 -5.34827 0.549409 -0.0201479 0.000281372
73 24.5025 -5.57066 0.550184 -0.0200114 0.000280314
74 23.5658 -5.28195 0.519765 -0.0187125 0.000258247
75 26.2967 -5.98066 0.59025 -0.0215593 0.000301031
76 39.9326 -8.43661 0.789726 -0.028932 0.000401605
77 25.3829 -6.05201 0.598633 -0.0219294 0.000305758
78 24.8424 -5.6725 0.559497 -0.0204092 0.000283802
79 18.7093 -4.95137 0.522773 -0.0195229 0.000276692
80 32.1629 -7.0945 0.669859 -0.0241622 0.000330813
81 23.7965 -5.87762 0.596826 -0.0221132 0.000310539
82 34.2458 -7.4018 0.69639 -0.0252143 0.000347723
83 28.5649 -6.46623 0.627403 -0.0229223 0.000319176
84 21.6078 -5.062 0.508494 -0.0184957 0.000257231
85 32.9645 -7.21157 0.6909 -0.0253037 0.000350305
86 37.3273 -8.0137 0.753479 -0.0274426 0.000379189
87 19.8853 -5.21868 0.545642 -0.020259 0.000284261
88 33.3351 -7.47483 0.719012 -0.0263036 0.000364269
89 28.5412 -6.63564 0.652762 -0.0238157 0.000328746
90 26.6226 -6.3405 0.634847 -0.0235905 0.000331147
91 25.3017 -6.04785 0.607206 -0.0224299 0.000312021
92 18.2403 -4.53521 0.479705 -0.0178751 0.000257448
93 27.1381 -6.1696 0.609382 -0.0224141 0.000312578
94 22.7099 -5.39498 0.550762 -0.0204352 0.000289266
95 24.6593 -5.93345 0.604218 -0.0225673 0.000318595
