0 25.4674 -5.92203 0.59513 -0.0222906 0.000317505
1 27.6176 -6.6611 0.672942 -0.0255334 0.000364435
2 22.5398 -6.16432 0.642722 -0.0246115 0.000353097
3 20.1191 -5.43127 0.573108 -0.0219044 0.000314652
4 25.0905 -6.8694 0.699045 -0.026315 0.000368206
5 35.7947 -7.88777 0.753609 -0.0279263 0.000389681
6 19.0293 -5.04917 0.541695 -0.0208094 0.000302479
7 22.2291 -5.58005 0.572371 -0.0214562 0.000305112
8 23.1937 -6.03656 0.624752 -0.0238169 0.000341642
9 37.9966 -8.279 0.781665 -0.0288428 0.000400282
10 30.1569 -6.98983 0.686291 -0.0256468 0.000361494
11 29.9911 -6.82213 0.663739 -0.0245922 0.000343208
12 27.5344 -6.5435 0.645253 -0.0239682 0.00033617
13 22.3224 -5.64929 0.577065 -0.0215534 0.000304377
14 39.9462 -8.50801 0.792967 -0.0290559 0.000401155
15 19.7857 -5.17884 0.544575 -0.0207158 0.00029891
16 27.9355 -6.69059 0.657623 -0.0242993 0.000337192
17 32.0021 -7.36102 0.713044 -0.0264663 0.000369919
18 38.442 -8.39047 0.78105 -0.0283893 0.000387655
19 35.8732 -8.02382 0.772201 -0.0288258 0.000405349
20 23.1272 -5.90302 0.592793 -0.0218777 0.000304716
21 29.0391 -6.89782 0.684023 -0.0257202 0.000363666
22 38.4207 -8.38024 0.790629 -0.0291816 0.000404882
23 19.3279 -5.01006 0.526051 -0.0199021 0.00028525
24 34.2709 -7.69794 0.729505 -0.0266554 0.000368082
25 25.209 -6.09432 0.606921 -0.0224248 0.000311876
26 33.6963 -7.98407 0.773705 -0.028701 0.00039815
27 34.1248 -7.72607 0.743591 -0.027551 0.000382527
28 34.1308 -7.95366 0.769918 -0.0286886 0.000400312
29 30.7581 -7.12939 0.688947 -0.0253023 0.000349297
30 31.4488 -7.27184 0.705339 -0.0261216 0.000363181
31 29.7306 -7.16467 0.714517 -0.0270045 0.000380903
32 42.9344 -9.21579 0.856225 -0.0315583 0.000438605
33 49.4841 -10.1355 0.911816 -0.0330083 0.000449642
34 35.4383 -7.81639 0.74036 -0.0272082 0.000376779
35 39.6448 -8.38225 0.788271 -0.0295221 0.000419052
36 30.1559 -6.61968 0.635329 -0.02338 0.000328365
37 33.3344 -7.1528 0.678176 -0.0248626 0.000346035
38 36.6212 -7.71334 0.716765 -0.0259999 0.000357415
39 39.5044 -8.37909 0.773028 -0.0280956 0.000385945
40 41.52 -8.54366 0.776898 -0.02808 0.000385958
41 42.1678 -8.63483 0.787277 -0.0285311 0.000392081
42 39.4928 -8.04977 0.727822 -0.0259652 0.00035257
43 40.9984 -8.62536 0.803721 -0.0297875 0.000417294
44 48.2601 -9.8742 0.894354 -0.0325988 0.000448826
45 38.5796 -8.11684 0.747203 -0.0270517 0.000370555
46 46.2531 -9.62136 0.876377 -0.0319831 0.000438768
47 44.6615 -9.29678 0.844732 -0.0306704 0.000420264
48 46.3223 -9.41915 0.847238 -0.0305984 0.000418293
49 47.7606 -9.77143 0.876069 -0.031471 0.00042642
50 42.8108 -9.09981 0.840851 -0.0308668 0.000427038
51 49.9853 -10.0442 0.896423 -0.0323549 0.000439896
52 50.3415 -10.6034 0.967754 -0.0355879 0.000490408
53 40.0411 -8.35015 0.770319 -0.0282489 0.000392777
54 43.0956 -9.03192 0.823267 -0.0298161 0.000406849
55 39.2342 -8.44185 0.793077 -0.0294129 0.000410616
56 41.1189 -8.78852 0.810268 -0.0295713 0.000406947
57 36.3898 -7.89927 0.741292 -0.0270729 0.000373211
58 54.958 -11.1951 1.00028 -0.0363353 0.000496161
59 44.0168 -9.4242 0.872857 -0.0321753 0.00044522
60 38.5988 -8.32616 0.776491 -0.028568 0.000398087
61 47.3737 -9.808 0.893755 -0.0327122 0.000449868
62 42.3258 -9.01361 0.830945 -0.0302962 0.000414924
63 45.9362 -9.77452 0.900306 -0.0331478 0.000456789
64 32.8866 -7.3389 0.694668 -0.0251919 0.00034551
65 24.6226 -5.79171 0.570189 -0.0208047 0.000288953
66 46.6865 -9.4197 0.844968 -0.0303191 0.000411795
67 40.1001 -8.18389 0.750906 -0.0274423 0.000381953
68 35.3205 -7.71709 0.733564 -0.0270795 0.000378841
69 35.7985 -7.57895 0.704345 -0.0255103 0.000352095
70 27.1185 -6.18968 0.602872 -0.0220707 0.000306752
71 38.5282 -8.13799 0.755247 -0.0273981 0.000376507
72 47.9333 -9.82491 0.880539 -0.0315924 0.000426448
73 27.8632 -6.35212 0.617996 -0.0227332 0.000317993
74 44.9137 -9.25645 0.843551 -0.0306722 0.000420644
75 42.8503 -9.00556 0.834985 -0.030908 0.000431451
76 34.2018 -7.25193 0.67272 -0.0240971 0.000327337
77 28.0557 -6.65589 0.648707 -0.0239162 0.000333113
78 41.2416 -8.43142 0.764735 -0.0275186 0.000374962
79 39.4177 -8.09477 0.742775 -0.0268979 0.000370027
80 41.5463 -8.88129 0.817559 -0.0296944 0.000406638
81 42.6326 -8.9727 0.822667 -0.0299325 0.000410575
82 45.1208 -9.53628 0.869653 -0.0315648 0.000429895
83 41.8594 -8.78154 0.809111 -0.0295804 0.000407807
84 41.5347 -8.87929 0.814257 -0.0293754 0.000398472
85 26.9809 -6.1371 0.601773 -0.0221082 0.000307589
86 42.3995 -8.77571 0.804246 -0.0291265 0.00039748
87 27.3876 -6.47371 0.639538 -0.0237625 0.000331351
88 37.638 -8.12678 0.759247 -0.0277161 0.000381843
89 37.6672 -8.31476 0.789521 -0.0292273 0.000406129
90 39.2754 -8.44301 0.787639 -0.028822 0.000397118
91 42.8386 -9.02599 0.838543 -0.030946 0.000428711
92 43.4356 -8.95148 0.817973 -0.0297839 0.000409039
93 36.3762 -7.889 0.747801 -0.0276857 0.000385793
94 44.5127 -9.15968 0.840782 -0.0308579 0.000425987
95 43.3483 -9.59479 0.903124 -0.0336832 0.000468289
