0 33.2827 -7.10773 0.668071 -0.0240577 0.000329086
1 23.0734 -5.61656 0.568717 -0.0211024 0.000297598
2 33.1227 -6.95167 0.644673 -0.0229339 0.000310307
3 19.5881 -4.96597 0.515369 -0.0191853 0.000271546
4 20.2027 -5.2549 0.53647 -0.0197439 0.000276385
5 14.3157 -4.08155 0.444291 -0.0165606 0.000234899
6 26.4373 -6.11033 0.599661 -0.0219331 0.000303384
7 21.9839 -5.27245 0.534774 -0.0197401 0.000277643
8 16.8182 -4.9409 0.518434 -0.0190426 0.00026548
9 30.9896 -6.83533 0.648241 -0.0234167 0.000320877
10 14.9556 -4.27526 0.456307 -0.0167684 0.000234374
11 26.7757 -6.08365 0.592521 -0.0215841 0.000297941
12 30.4415 -6.90483 0.665288 -0.024306 0.0003346
13 28.3308 -6.63974 0.647724 -0.0237314 0.00032713
14 18.9128 -4.78929 0.49164 -0.0179571 0.000249937
15 31.0912 -6.98277 0.669406 -0.0244576 0.000337885
16 20.7825 -5.27138 0.534436 -0.0195837 0.000272203
17 27.9122 -6.20178 0.591596 -0.0211922 0.000288219
18 21.8734 -5.44556 0.547053 -0.0199253 0.000275639
19 28.1898 -6.2112 0.601238 -0.0218888 0.000302009
20 36.1566 -8.12195 0.752239 -0.0268618 0.000360483
21 31.3935 -7.25043 0.69172 -0.0250998 0.000343271
22 31.0116 -7.12337 0.682945 -0.0247861 0.000338256
23 24.6833 -5.97964 0.597178 -0.0220942 0.000308737
24 20.3687 -5.57169 0.567335 -0.0207974 0.000287577
25 32.0484 -7.26379 0.695492 -0.0253812 0.000349078
26 24.026 -5.96687 0.604265 -0.02246 0.000314147
27 27.8612 -6.57444 0.641569 -0.0234873 0.000324075
28 9.66949 -3.34891 0.39515 -0.0150635 0.000219029
29 23.5893 -6.46334 0.656739 -0.0244642 0.000341237
30 19.4214 -5.25539 0.538154 -0.01979 0.00027397
31 8.62448 -3.2151 0.385803 -0.014819 0.000216466
32 49.45 -9.63142 0.856522 -0.0305849 0.000416095
33 40.3045 -8.5856 0.804535 -0.0296421 0.000413423
34 45.2401 -9.43188 0.864303 -0.0314471 0.000431517
35 48.3663 -9.87365 0.896477 -0.0326114 0.000447374
36 50.2109 -10.2051 0.927689 -0.0339832 0.000470904
37 45.4756 -9.32293 0.856899 -0.0314363 0.000437634
38 46.4818 -9.57726 0.874412 -0.0318826 0.000440513
39 37.9548 -8.09575 0.756843 -0.0276609 0.000382233
40 38.5679 -8.12769 0.758035 -0.0276562 0.000383723
41 47.0733 -9.74765 0.883246 -0.0319367 0.000436428
42 44.4398 -9.25632 0.852361 -0.0311036 0.000428294
43 53.2546 -10.4274 0.919664 -0.0328173 0.000443841
44 49.6535 -9.93876 0.87797 -0.0311231 0.000417888
45 46.8509 -9.72694 0.887261 -0.0323134 0.000445416
46 50.115 -9.95372 0.879887 -0.0313275 0.00042244
47 54.8554 -11.0195 0.981126 -0.0354218 0.0004818
48 37.8623 -8.14149 0.748338 -0.0267324 0.000361563
49 50.347 -9.96163 0.880643 -0.0313924 0.000424221
50 50.0815 -10.1887 0.915908 -0.0329927 0.000448547
51 54.3346 -10.7824 0.95597 -0.034332 0.000465221
52 39.1258 -8.30388 0.76315 -0.0274306 0.000372329
53 47.2568 -9.65093 0.86491 -0.030947 0.000418203
54 49.1305 -9.9547 0.8881 -0.031785 0.000430321
55 42.4523 -8.84913 0.815685 -0.029741 0.000410377
56 54.2781 -10.9109 0.956868 -0.0338504 0.000452634
57 61.324 -12.0238 1.04346 -0.0369315 0.000492203
58 49.058 -9.94392 0.890904 -0.0319514 0.000433238
59 50.6045 -10.3852 0.935125 -0.033813 0.000460985
60 47.593 -9.58596 0.856216 -0.0306351 0.000414823
61 55.7879 -10.9131 0.956745 -0.034051 0.000458004
62 48.5222 -9.88595 0.891976 -0.0322925 0.000443126
63 38.7748 -8.32503 0.77305 -0.0279552 0.00038069
64 58.3315 -10.922 0.936289 -0.033048 0.000443523
65 62.804 -11.5382 0.969443 -0.0337779 0.000447374
66 54.8672 -10.2546 0.880282 -0.0309662 0.000413988
67 60.2166 -11.2662 0.968989 -0.0344744 0.000466445
68 59.8394 -11.4032 0.990338 -0.0355417 0.000484614
69 57.169 -10.7666 0.928128 -0.0328618 0.000440696
70 56.5822 -10.6278 0.914031 -0.0322366 0.000430945
71 62.4957 -11.2188 0.939014 -0.0327549 0.000436313
72 53.8715 -10.3575 0.905595 -0.0323634 0.000439031
73 61.0748 -11.2456 0.947626 -0.0329835 0.000436175
74 61.7305 -11.7187 1.00739 -0.0356766 0.00047804
75 63.0032 -11.7846 1.00763 -0.0358522 0.000483442
76 66.2014 -12.2034 1.03007 -0.0362671 0.000484488
77 65.2486 -11.6321 0.965011 -0.0335438 0.000445029
78 64.7056 -11.9697 1.00972 -0.0352979 0.000467524
79 62.1463 -11.5122 0.983731 -0.0349097 0.000470444
80 54.4506 -10.3911 0.900308 -0.0318445 0.000426726
81 62.8003 -11.9397 1.02369 -0.0362756 0.000486163
82 59.4134 -11.1638 0.958302 -0.0339715 0.000456642
83 61.7492 -11.3112 0.956966 -0.0336762 0.000450062
84 65.1469 -11.6866 0.968449 -0.0334864 0.000439912
85 62.0585 -11.5838 0.993328 -0.0352598 0.000474886
86 67.6402 -12.0158 1.00042 -0.0348876 0.000463047
87 62.2923 -11.672 1.0028 -0.0357584 0.000483055
88 65.6652 -12.3351 1.05373 -0.0373468 0.000500372
89 53.082 -10.2083 0.894727 -0.0318797 0.000429128
90 59.9016 -11.1704 0.958448 -0.0339476 0.000455521
91 63.8097 -12.1603 1.05102 -0.0376218 0.000507915
92 69.7324 -13.4184 1.16739 -0.0423601 0.00057978
93 54.9809 -10.5237 0.920289 -0.0330034 0.000448654
94 60.8421 -11.498 0.997073 -0.0358413 0.000487547
95 68.1518 -12.8894 1.11396 -0.0401976 0.000546345
