0 30.4186 -7.28101 0.771617 -0.0290957 0.000415375
1 20.4187 -5.90637 0.682616 -0.0264117 0.000384883
2 25.9232 -6.83719 0.7681 -0.0302638 0.000448755
3 29.0178 -7.87721 0.884705 -0.0355972 0.000534189
4 34.6808 -8.34417 0.869102 -0.0330115 0.000472633
5 27.0844 -6.5338 0.685242 -0.025012 0.000350101
6 23.8487 -7.16497 0.825664 -0.033256 0.000499725
7 39.185 -9.10533 0.92941 -0.0353267 0.000506312
8 28.0639 -7.40048 0.811076 -0.0314794 0.000458657
9 36.8181 -8.69867 0.900132 -0.0343237 0.00049201
10 26.0982 -6.78631 0.747699 -0.0288186 0.000419416
11 28.7146 -7.43385 0.81519 -0.0317652 0.000465336
12 30.2737 -7.8868 0.855484 -0.0333794 0.000489275
13 23.3773 -6.69234 0.755628 -0.0294027 0.000430707
14 23.0397 -6.42776 0.717757 -0.0274885 0.000399426
15 27.0823 -7.32104 0.814807 -0.0322634 0.000477917
16 37.6833 -9.30891 0.975164 -0.037878 0.000550586
17 35.1994 -8.63136 0.897727 -0.0341816 0.000489523
18 30.64 -7.73829 0.820278 -0.031184 0.000446879
19 43.5567 -10.2334 1.03399 -0.0393281 0.000560127
20 22.6823 -6.30223 0.704336 -0.0269689 0.000390959
21 40.1392 -9.24195 0.940848 -0.0358109 0.000512928
22 26.1031 -6.72656 0.727074 -0.0274766 0.000393134
23 26.5957 -6.92238 0.755229 -0.0289174 0.000417166
24 27.5865 -6.79845 0.718178 -0.0265451 0.000374372
25 32.8388 -7.98456 0.840251 -0.0320022 0.000458444
26 32.2677 -8.07065 0.857693 -0.03309 0.000479037
27 35.8268 -8.24994 0.844596 -0.0318817 0.000455809
28 43.1518 -9.73066 0.965027 -0.0360009 0.00050512
29 31.5578 -8.23024 0.882597 -0.034209 0.000496436
30 33.5908 -7.80859 0.810646 -0.0305359 0.000435877
31 37.4254 -9.21359 0.970775 -0.0379616 0.000552541
32 77.1083 -15.1125 1.34499 -0.0482858 0.000655224
33 58.0301 -11.8831 1.10563 -0.040218 0.000552392
34 59.1331 -11.9958 1.10161 -0.039575 0.000539087
35 61.1086 -12.5633 1.16956 -0.0429545 0.000596103
36 75.0675 -14.6515 1.29272 -0.0457686 0.000613255
37 79.2357 -15.4447 1.37495 -0.0496771 0.000678021
38 58.5956 -12.0453 1.1289 -0.0415198 0.000577132
39 60.2573 -12.8523 1.2355 -0.0472559 0.000680155
40 64.1105 -12.8258 1.16269 -0.0417297 0.000568645
41 70.8782 -14.7215 1.36882 -0.0511337 0.000718184
42 61.0315 -12.3324 1.1302 -0.0410373 0.000564075
43 64.1675 -12.8612 1.17378 -0.0425362 0.000582307
44 68.3713 -13.4733 1.21029 -0.0434054 0.000589108
45 63.1942 -12.772 1.16785 -0.0423287 0.000581171
46 67.4025 -13.2115 1.17835 -0.0420145 0.000568165
47 66.3888 -14.166 1.34959 -0.0516088 0.000739614
48 69.3742 -13.7146 1.23077 -0.0442117 0.000600338
49 72.0515 -14.1295 1.25911 -0.0450944 0.00061115
50 64.6816 -13.2872 1.22866 -0.0451115 0.000625621
51 66.9098 -13.7037 1.26201 -0.0465736 0.000648562
52 64.8078 -12.9764 1.17498 -0.042384 0.000580073
53 57.9251 -11.6001 1.05932 -0.0380824 0.000519701
54 67.4535 -13.7942 1.26586 -0.0463249 0.000638548
55 59.0567 -12.1332 1.1315 -0.0416569 0.000579086
56 68.0276 -13.2462 1.16698 -0.0409061 0.000544849
57 68.7574 -13.9031 1.27191 -0.0465375 0.000641102
58 63.9832 -13.1241 1.21264 -0.0444389 0.000613621
59 71.0306 -14.5017 1.33537 -0.0493706 0.000686897
60 62.1248 -12.9619 1.19673 -0.0435849 0.000598323
61 65.3371 -13.4628 1.2428 -0.0456679 0.000632264
62 73.8623 -14.7196 1.32035 -0.0475243 0.000645674
63 61.5259 -12.8648 1.20429 -0.0444575 0.000617798
64 41.3112 -9.40327 0.949902 -0.0360939 0.000518303
65 35.2419 -8.80077 0.931528 -0.0361889 0.000527786
66 26.1976 -6.87471 0.763802 -0.0297406 0.000438685
67 39.839 -8.85235 0.88451 -0.0329605 0.000465314
68 26.3567 -7.1835 0.804832 -0.0317938 0.000470651
69 29.8487 -7.54097 0.813943 -0.0315942 0.000464149
70 31.5712 -7.87224 0.839125 -0.0324333 0.000473833
71 36.7224 -8.74123 0.921374 -0.0360352 0.000529545
72 34.4699 -8.59071 0.910494 -0.035393 0.000517135
73 23.849 -6.36362 0.706475 -0.0270409 0.000392271
74 47.4477 -9.98942 0.960043 -0.0352353 0.000492937
75 21.7634 -6.19041 0.699608 -0.0270415 0.00039583
76 31.8565 -7.9481 0.846895 -0.0327149 0.000476986
77 37.1442 -8.9973 0.932234 -0.0359559 0.000520373
78 35.0653 -8.3174 0.870526 -0.0336432 0.000492634
79 21.0011 -6.18829 0.713441 -0.0279766 0.000412796
80 36.6588 -8.77073 0.909153 -0.0346324 0.000496045
81 32.5773 -8.02695 0.838599 -0.0317318 0.000453902
82 34.2945 -8.03609 0.827039 -0.0312076 0.00044644
83 30.8717 -7.46112 0.793063 -0.0304627 0.000443246
84 43.7674 -9.84822 0.974552 -0.0363672 0.000512178
85 49.6031 -10.8066 1.05689 -0.0395573 0.000558717
86 26.7202 -6.86981 0.752824 -0.0288751 0.000419299
87 26.8709 -6.90607 0.757505 -0.0292722 0.000427951
88 38.0284 -9.15323 0.939795 -0.0356726 0.000508762
89 43.7804 -9.88044 0.9895 -0.0373143 0.000530521
90 42.3566 -9.60251 0.96651 -0.0365365 0.000520999
91 37.3637 -8.69816 0.900938 -0.0345951 0.000501394
92 28.5429 -7.19245 0.776804 -0.0297961 0.000432398
93 33.4394 -8.10551 0.860853 -0.0331467 0.000479947
94 48.7673 -10.6944 1.05345 -0.0395725 0.000560156
95 51.0305 -11.1833 1.10298 -0.0420531 0.000602285
