0 28.2927 -7.89534 0.802359 -0.0303215 0.00042893
1 23.631 -6.69707 0.688965 -0.0258568 0.000364759
2 24.307 -6.79842 0.708423 -0.0270605 0.000387766
3 37.5587 -10.2505 0.991343 -0.0368424 0.000510927
4 19.128 -5.2347 0.55418 -0.0208187 0.000297495
5 21.7523 -5.81095 0.607149 -0.0228081 0.000323209
6 22.0585 -6.0827 0.649371 -0.0250251 0.000360672
7 39.6225 -10.3845 0.968246 -0.0348423 0.000468751
8 22.9436 -6.27158 0.651959 -0.024532 0.000347359
9 23.125 -6.32942 0.659294 -0.0249793 0.000355434
10 25.6705 -6.18994 0.623124 -0.0230406 0.000323254
11 21.7824 -5.99788 0.631246 -0.0240045 0.000342907
12 27.5159 -7.57608 0.770497 -0.0290615 0.000409984
13 19.4193 -5.09997 0.529467 -0.0194222 0.000271135
14 26.27 -7.20434 0.728159 -0.0272068 0.000381235
15 32.8661 -8.84209 0.860297 -0.0316177 0.00043314
16 33.6811 -9.17924 0.898089 -0.0331539 0.000456349
17 23.8267 -6.56077 0.681585 -0.0259242 0.000369458
18 25.1445 -7.0557 0.713997 -0.0264787 0.000367343
19 14.9185 -4.29737 0.476939 -0.0180561 0.000259523
20 34.585 -9.24701 0.883147 -0.0320435 0.000434278
21 42.9832 -11.1836 1.04364 -0.0375973 0.000500563
22 25.6912 -7.03137 0.701666 -0.0257564 0.000354444
23 26.8457 -7.58947 0.75968 -0.0281333 0.000389163
24 39.7466 -10.4348 0.969616 -0.034573 0.000459903
25 34.6651 -9.21371 0.870126 -0.031127 0.000415805
26 22.934 -6.15939 0.647017 -0.0245726 0.000350045
27 22.9039 -6.49537 0.673124 -0.0253397 0.000356839
28 23.7062 -6.49056 0.67151 -0.025202 0.000351693
29 28.5303 -7.94348 0.797453 -0.0297437 0.000412779
30 15.3555 -5.01039 0.545788 -0.0205694 0.000291367
31 27.4288 -7.62825 0.778662 -0.0294439 0.00041243
32 21.0206 -5.68493 0.586639 -0.0217451 0.000303621
33 25.5354 -6.9329 0.685885 -0.02519 0.000346437
34 22.9793 -6.24571 0.645113 -0.0242879 0.000342064
35 20.5226 -5.70122 0.590688 -0.0220233 0.000308647
36 21.0402 -5.21548 0.531862 -0.0194933 0.000271546
37 31.6974 -8.47763 0.823883 -0.0302952 0.000413767
38 29.3635 -6.54663 0.639681 -0.0235405 0.000327615
39 19.561 -5.26508 0.554614 -0.0209112 0.000296571
40 18.4206 -4.60883 0.48838 -0.0183353 0.000262407
41 2.20482 -0.954693 0.144948 -0.00446161 6.18057e-05
42 20.7185 -5.73094 0.596713 -0.0224076 0.0003159
43 21.481 -5.86303 0.604764 -0.022636 0.000317152
44 28.9905 -7.89543 0.78021 -0.0290193 0.00040352
45 18.3322 -5.27591 0.556477 -0.0208644 0.000294665
46 16.5417 -4.84669 0.516507 -0.0193341 0.000274007
47 21.7598 -5.36851 0.553786 -0.0207381 0.000292688
48 24.062 -6.51784 0.659582 -0.0244368 0.000338222
49 23.8385 -5.90391 0.60326 -0.0225747 0.000318859
50 27.7298 -7.45466 0.71911 -0.025857 0.000347364
51 22.1727 -6.03243 0.623414 -0.0234596 0.000329971
52 19.1691 -4.94543 0.514894 -0.0190366 0.000265356
53 22.9216 -6.56757 0.666989 -0.0247865 0.000344595
54 12.8121 -3.94333 0.445082 -0.0168945 0.000242761
55 5.41574 -2.53481 0.332674 -0.0129982 0.000194787
56 33.9638 -9.01352 0.869678 -0.0318927 0.000433698
57 21.0745 -5.40747 0.560096 -0.0208429 0.000292579
58 19.2899 -5.25251 0.562906 -0.0215321 0.000308967
59 50.0811 -12.8422 1.18901 -0.0433118 0.000581306
60 19.364 -5.09269 0.534611 -0.0200341 0.000282904
61 24.8968 -6.10162 0.611279 -0.0224635 0.000309571
62 23.3778 -6.48526 0.660913 -0.0246281 0.000341912
63 20.0044 -5.5905 0.595465 -0.0228276 0.000326681
64 27.5583 -6.19576 0.590587 -0.021219 0.000291699
65 35.1188 -7.56689 0.701411 -0.0251971 0.000343047
66 36.9051 -7.78633 0.720343 -0.0261149 0.000359898
67 32.2744 -7.07164 0.667173 -0.024258 0.000334758
68 39.1692 -8.30046 0.760825 -0.0273329 0.0003715
69 42.4959 -8.57605 0.767422 -0.0274084 0.000370808
70 27.996 -6.3143 0.614221 -0.022622 0.000316812
71 41.042 -8.42762 0.770329 -0.0280303 0.000387862
72 38.5564 -8.30952 0.760652 -0.0272024 0.000367473
73 27.4485 -5.94213 0.561624 -0.0199992 0.000272433
74 30.9686 -6.54877 0.59757 -0.0207977 0.000278188
75 38.6417 -8.08517 0.738473 -0.0265257 0.000361688
76 38.8424 -8.08111 0.741228 -0.0267739 0.000367167
77 30.406 -6.71328 0.633179 -0.0228758 0.00031432
78 47.443 -9.38658 0.828596 -0.0293806 0.000394447
79 35.7559 -7.72525 0.71996 -0.0260631 0.000355042
80 44.3822 -9.24345 0.826301 -0.0293252 0.000392616
81 37.5927 -7.7648 0.692735 -0.0240364 0.000317427
82 50.7085 -10.2307 0.905049 -0.0323252 0.000435014
83 42.6315 -8.9122 0.811244 -0.0292954 0.000399881
84 32.2637 -7.02955 0.655398 -0.0234328 0.000317877
85 30.3964 -6.77797 0.647001 -0.0234509 0.000321568
86 30.012 -6.83484 0.657636 -0.0240282 0.000332057
87 51.7473 -10.5929 0.951238 -0.0345842 0.000472902
88 36.0824 -7.74621 0.716657 -0.0257045 0.000348287
89 36.0919 -8.2172 0.780015 -0.0286202 0.000393158
90 40.7825 -8.97599 0.837867 -0.0307837 0.000424519
91 38.0307 -8.24974 0.771476 -0.0281949 0.000387541
92 31.8718 -7.28501 0.700636 -0.025825 0.000358019
93 41.4821 -8.97268 0.827487 -0.0300052 0.000408775
94 31.7621 -6.88326 0.654943 -0.0239402 0.000332227
95 38.8737 -8.4488 0.795666 -0.0295014 0.000411672
