0 25.7995 -6.80967 0.669736 -0.0243432 0.000332734
1 19.0005 -4.61089 0.474736 -0.0173163 0.000241655
2 19.3306 -5.06191 0.523237 -0.0191763 0.000267011
3 23.7327 -6.31957 0.634876 -0.023399 0.000322832
4 22.7761 -5.58856 0.561342 -0.0205602 0.000285412
5 21.3328 -5.64017 0.580488 -0.02161 0.000303578
6 22.594 -6.06434 0.623569 -0.0232816 0.000326254
7 19.392 -4.48788 0.451782 -0.016208 0.000223113
8 21.727 -5.72355 0.566842 -0.0202583 0.000273601
9 23.23 -6.13155 0.616518 -0.0225748 0.000309182
10 24.5953 -6.43769 0.633066 -0.0228719 0.000310713
11 24.1538 -5.16767 0.498408 -0.0177503 0.000242819
12 21.5794 -5.34572 0.545594 -0.0201029 0.000281121
13 23.3577 -6.14585 0.616368 -0.0226487 0.000312003
14 21.4391 -5.558 0.558 -0.0202253 0.000276118
15 27.1161 -7.05651 0.6851 -0.0247804 0.000335551
16 20.721 -5.46114 0.549557 -0.0198379 0.000270407
17 30.8768 -6.53052 0.608392 -0.0215569 0.000290183
18 27.1048 -7.07084 0.683583 -0.0246453 0.000333854
19 20.6584 -4.76291 0.472178 -0.0168163 0.000230257
20 23.6766 -6.18932 0.606357 -0.0217118 0.000291924
21 25.876 -5.93823 0.583337 -0.0212414 0.000291784
22 30.0525 -7.63499 0.713007 -0.0250704 0.000331156
23 19.8047 -5.06046 0.512951 -0.0185918 0.000255187
24 23.2358 -6.06264 0.608569 -0.022262 0.000306709
25 25.7435 -5.77851 0.564102 -0.0204348 0.000282029
26 22.0538 -5.79538 0.588666 -0.0216486 0.000299274
27 25.6185 -6.63333 0.641337 -0.0228822 0.000306685
28 28.474 -7.52987 0.735253 -0.026812 0.00036543
29 25.0912 -5.74686 0.559138 -0.0200581 0.000273546
30 21.6962 -5.61925 0.563728 -0.020495 0.000280479
31 25.555 -6.62651 0.640409 -0.0229753 0.000309451
32 47.4382 -9.19159 0.823013 -0.0294504 0.000403596
33 52.8547 -9.99927 0.877222 -0.0310885 0.000418945
34 47.8075 -9.57787 0.874134 -0.0318064 0.000437632
35 60.3962 -11.379 0.983683 -0.0348072 0.000466786
36 53.9181 -10.3804 0.914143 -0.0326404 0.000440567
37 57.6542 -10.6088 0.908269 -0.0317229 0.00042201
38 50.1374 -9.55739 0.847613 -0.0302841 0.000413733
39 58.4127 -10.8446 0.929798 -0.0326277 0.000434658
40 54.75 -10.6594 0.933707 -0.0330675 0.000442423
41 55.649 -10.4398 0.904703 -0.031817 0.000424409
42 56.0774 -10.3937 0.892298 -0.0311633 0.00041397
43 49.9371 -9.60588 0.853683 -0.0305236 0.000413661
44 50.2458 -10.1112 0.910542 -0.0327576 0.000442734
45 51.7722 -10.1096 0.902263 -0.0324074 0.000440461
46 66.0456 -11.4221 0.913914 -0.0300716 0.000380342
47 50.1109 -9.73221 0.864015 -0.0309146 0.000419078
48 64.8547 -12.2763 1.05355 -0.0372009 0.000500157
49 50.4413 -9.76151 0.867508 -0.0310248 0.000422116
50 52.4361 -10.2553 0.916415 -0.032977 0.000450153
51 53.3328 -10.1702 0.889795 -0.0315363 0.000424816
52 53.7357 -10.866 0.970684 -0.0348906 0.000473055
53 55.7625 -10.3634 0.888085 -0.03084 0.00040747
54 43.6463 -8.60328 0.771229 -0.0273367 0.000368081
55 47.6626 -9.39457 0.837943 -0.0298562 0.000402977
56 62.6023 -11.8064 1.0031 -0.0349777 0.000464381
57 59.3214 -11.2176 0.96964 -0.0342342 0.000458243
58 43.2007 -8.69525 0.79132 -0.0284014 0.00038743
59 56.418 -10.6537 0.914806 -0.0318406 0.000419786
60 45.1456 -9.11242 0.819588 -0.0292182 0.000393649
61 43.6727 -9.19924 0.842001 -0.030294 0.000409548
62 58.6951 -11.1927 0.968082 -0.0340892 0.000454369
63 52.0388 -10.0643 0.880901 -0.0310906 0.000415471
64 18.0189 -4.59415 0.458958 -0.016139 0.000221566
65 17.8091 -4.58741 0.467345 -0.0167954 0.000233191
66 16.6617 -4.0401 0.415176 -0.014741 0.000203518
67 29.1406 -6.12412 0.576342 -0.0205282 0.000280666
68 29.6113 -6.56106 0.618922 -0.0220163 0.000299203
69 17.4442 -3.88512 0.387328 -0.0135632 0.000186266
70 19.7156 -5.03332 0.50151 -0.0177621 0.000241477
71 18.2695 -4.35844 0.44487 -0.0159655 0.000221999
72 23.366 -5.61682 0.552242 -0.0198974 0.000272972
73 21.3212 -5.02251 0.497438 -0.017807 0.000244999
74 23.4736 -5.36653 0.529164 -0.0191561 0.000264711
75 22.9499 -5.24413 0.520151 -0.0190038 0.000266987
76 30.0101 -6.29235 0.584459 -0.0205364 0.000275401
77 25.4294 -5.40934 0.510148 -0.0179836 0.000244215
78 28.6822 -6.14627 0.581244 -0.020745 0.000281276
79 21.2206 -4.91066 0.489717 -0.017617 0.000242384
80 39.2364 -9.88762 0.901121 -0.0316746 0.000414957
81 24.2784 -5.26263 0.499936 -0.0175222 0.000236694
82 23.1688 -5.25867 0.507208 -0.0178863 0.000241811
83 19.8295 -5.10336 0.516785 -0.0187967 0.000259696
84 24.5973 -6.2618 0.594372 -0.0207551 0.00027452
85 23.144 -5.25639 0.511992 -0.0182059 0.00024756
86 19.5546 -4.96822 0.502229 -0.0181379 0.000249144
87 23.272 -5.01806 0.48478 -0.0171963 0.000235237
88 22.1235 -5.67284 0.557445 -0.0198666 0.000268417
89 18.5625 -4.5951 0.463621 -0.0165658 0.000226942
90 20.4601 -4.98782 0.497628 -0.0178221 0.000242499
91 19.4321 -4.85785 0.485253 -0.0173117 0.000236196
92 21.5468 -5.03005 0.483367 -0.0167851 0.000223314
93 24.6544 -5.50509 0.531574 -0.0188879 0.000257544
94 22.0164 -5.24262 0.521439 -0.0188693 0.000262489
95 28.1217 -6.44487 0.608905 -0.0215725 0.000289873
