0 27.8193 -8.1244 0.935576 -0.0373487 0.000562954
1 48.7957 -11.8072 1.22646 -0.0483608 0.000734535
2 62.84 -14.3452 1.44213 -0.0570445 0.000865315
3 40.8085 -10.0774 1.0506 -0.0400855 0.000584951
4 56.0577 -12.3513 1.17766 -0.0426253 0.000595511
5 64.8817 -14.813 1.47307 -0.057511 0.000853712
6 46.9302 -11.3594 1.17948 -0.0463531 0.00070568
7 57.4807 -12.9619 1.28119 -0.0491049 0.000724037
8 48.0219 -11.0872 1.1034 -0.0410067 0.000591274
9 44.71 -10.9478 1.14488 -0.0453388 0.000698278
10 47.0992 -10.8963 1.08599 -0.0402674 0.000580339
11 63.3055 -14.5994 1.47775 -0.0592481 0.000914224
12 61.3179 -14.1364 1.41562 -0.05599 0.000859718
13 53.3989 -12.2591 1.20814 -0.0453881 0.000655784
14 40.8134 -10.1113 1.05007 -0.0404539 0.000604829
15 39.979 -9.78913 0.993853 -0.0370423 0.000536794
16 44.3926 -10.7234 1.11493 -0.0440847 0.000680406
17 58.772 -13.1808 1.28233 -0.0485761 0.000713086
18 42.1728 -10.4621 1.0854 -0.0426256 0.000655638
19 48.596 -11.3002 1.11067 -0.0407226 0.000572971
20 58.3519 -13.4512 1.31765 -0.0499302 0.000727239
21 54.0216 -11.9877 1.1461 -0.041514 0.00057957
22 48.6108 -11.3155 1.116 -0.0412213 0.000586671
23 51.005 -11.8492 1.14898 -0.0414654 0.000567374
24 68.0042 -14.6259 1.38179 -0.0513212 0.000728755
25 57.9337 -12.7511 1.18936 -0.0418219 0.000558523
26 48.8059 -11.2742 1.12116 -0.0420967 0.000611492
27 52.5125 -12.1549 1.20899 -0.0463259 0.000686519
28 61.7967 -13.403 1.26788 -0.0465336 0.000654056
29 43.8892 -10.7929 1.13802 -0.0457957 0.000715913
30 54.8322 -12.199 1.18292 -0.0439286 0.000629695
31 52.3439 -12.5118 1.28013 -0.0506952 0.000768358
32 49.6602 -14.7493 1.56843 -0.0634426 0.000962045
33 28.2616 -8.46589 0.918953 -0.0342217 0.000483393
34 31.6605 -9.90234 1.13156 -0.0469441 0.000739986
35 32.6576 -8.80307 0.949603 -0.0367875 0.000550257
36 25.9284 -7.59368 0.821537 -0.0305919 0.00044203
37 32.5685 -8.4561 0.861275 -0.0303114 0.00040364
38 23.5034 -6.47216 0.697407 -0.0246184 0.000340173
39 27.7012 -7.52347 0.793803 -0.02868 0.000403023
40 32.6748 -8.86434 0.950108 -0.0365937 0.000541226
41 34.046 -9.37534 1.02697 -0.0412191 0.000633521
42 27.9775 -8.52271 0.959319 -0.0381659 0.000580364
43 34.1167 -10.5515 1.18283 -0.0487306 0.000758849
44 37.8532 -9.58908 0.975631 -0.0353839 0.000482168
45 29.4909 -8.29681 0.891589 -0.0337529 0.000490557
46 31.529 -9.38016 1.00265 -0.0381118 0.000548221
47 30.3255 -9.09501 0.989001 -0.038251 0.00055876
48 47.658 -14.1458 1.51477 -0.0621751 0.000959253
49 34.3473 -10.2117 1.09781 -0.0429309 0.000634625
50 34.2545 -9.42114 1.01377 -0.0395022 0.000585871
51 40.7295 -9.9753 0.998218 -0.0364307 0.000509895
52 74.6235 -20.3849 1.99218 -0.0762471 0.00108052
53 32.3535 -8.67204 0.929131 -0.035809 0.000530863
54 30.5081 -7.80156 0.799948 -0.0284845 0.000391556
55 28.3219 -8.24183 0.915826 -0.035788 0.000528072
56 47.9213 -13.3947 1.36794 -0.0535155 0.000797287
57 27.8363 -8.17876 0.888276 -0.0334596 0.00047894
58 29.6324 -8.24699 0.880671 -0.0330341 0.000474321
59 35.8625 -10.7367 1.15113 -0.0449295 0.000661774
60 31.5968 -9.12939 1.0072 -0.0404631 0.000624844
61 29.9769 -8.17716 0.85866 -0.031533 0.000446568
62 41.6316 -11.188 1.21547 -0.050937 0.000828608
63 37.9436 -11.352 1.22458 -0.0488973 0.000732744
64 28.497 -8.6132 0.952215 -0.0371919 0.000560839
65 25.3355 -7.44103 0.804094 -0.0295784 0.000426468
66 49.6739 -14.8569 1.58361 -0.0643159 0.000976119
67 27.575 -8.08541 0.859152 -0.0316545 0.000452165
68 34.0846 -8.4019 0.857672 -0.0311324 0.000445159
69 32.6067 -8.85843 0.94764 -0.0364374 0.000542378
70 30.1239 -9.27886 1.04343 -0.0421083 0.000647032
71 36.7141 -9.9833 1.09724 -0.0444654 0.00069822
72 71.5224 -20.3575 2.06596 -0.0829034 0.00124993
73 24.2813 -7.0109 0.74498 -0.0264702 0.000366341
74 70.915 -20.4028 2.08748 -0.0838286 0.0012568
75 26.0519 -7.50375 0.841137 -0.0336724 0.000538777
76 31.3175 -9.50421 1.04749 -0.0417785 0.000640856
77 30.9612 -7.68315 0.771588 -0.0269524 0.000369996
78 38.543 -9.62499 0.987621 -0.0377279 0.000575121
79 47.6767 -13.9444 1.47013 -0.0588218 0.000885157
80 28.0457 -7.16998 0.752308 -0.0276076 0.000403625
81 22.6382 -5.45868 0.492693 -0.0113936 5.68302e-05
82 48.2379 -14.2862 1.50366 -0.0600597 0.000903516
83 35.4191 -8.57549 0.840355 -0.0288602 0.000380727
84 20.983 -5.36025 0.521076 -0.0149708 0.000160874
85 64.9942 -20.1786 2.25509 -0.100442 0.00167605
86 28.0638 -7.00042 0.679719 -0.0210039 0.000240917
87 24.3573 -6.75519 0.71753 -0.0253729 0.000351313
88 20.3866 -5.15164 0.485248 -0.012489 0.000120324
89 25.2632 -7.42596 0.84224 -0.0337797 0.000540752
90 20.0485 -4.8927 0.418046 -0.00696002 -2.44672e-05
91 41.0792 -12.4571 1.34805 -0.0543712 0.000826458
92 24.1954 -7.02884 0.754276 -0.0270339 0.00037877
93 69.1038 -19.8069 2.03181 -0.0823845 0.0012571
94 20.9979 -5.48806 0.552175 -0.016461 0.000179598
95 37.847 -11.7103 1.30343 -0.0540346 0.000850973
