0 23.2006 -7.08508 0.84497 -0.0347467 0.00053076
1 32.6749 -8.66537 0.950235 -0.0376458 0.000552184
2 26.5283 -8.33217 0.930795 -0.0365486 0.000530187
3 28.5745 -8.82327 1.00093 -0.0404996 0.000602422
4 28.515 -7.85443 0.866507 -0.0336178 0.00048408
5 27.4314 -8.34365 0.939405 -0.0374097 0.000553043
6 40.4087 -11.9319 1.25328 -0.0485653 0.000691678
7 33.8885 -8.86945 0.952941 -0.0372904 0.000544501
8 27.7342 -8.00169 0.908478 -0.036536 0.000545835
9 26.5109 -7.56061 0.858866 -0.0340805 0.000504415
10 29.7294 -9.05996 0.990362 -0.0387695 0.000561427
11 26.9109 -8.12919 0.916681 -0.0363417 0.000535178
12 28.6193 -9.1545 1.03342 -0.0416069 0.000615542
13 33.2548 -9.88065 1.03621 -0.0393339 0.000550596
14 28.1134 -7.79209 0.870843 -0.0344522 0.000508157
15 29.7633 -9.00097 0.996368 -0.0393751 0.000574201
16 32.3356 -9.94886 1.09377 -0.0434373 0.000637024
17 37.6891 -11.221 1.18771 -0.0462201 0.000663483
18 26.3628 -8.00667 0.909165 -0.0363242 0.000537757
19 26.1074 -7.90158 0.888928 -0.0349474 0.000508829
20 26.6928 -8.18852 0.948767 -0.039005 0.000591079
21 31.7458 -9.5886 1.05338 -0.0416852 0.000605906
22 39.8383 -11.7062 1.22884 -0.0478178 0.000685545
23 23.6523 -7.01021 0.804477 -0.0318952 0.000470741
24 20.4148 -6.63119 0.769386 -0.0302731 0.000445365
25 40.0443 -11.773 1.23446 -0.0479383 0.000684905
26 30.0789 -9.1446 1.0123 -0.0400118 0.000582708
27 31.7165 -8.14567 0.883518 -0.03454 0.000505132
28 61.9827 -17.4892 1.76307 -0.0691823 0.000997966
29 25.133 -7.09268 0.809801 -0.0321239 0.000474246
30 25.5277 -7.70888 0.873397 -0.0345033 0.000505258
31 40.0179 -11.7417 1.22736 -0.0475429 0.000678087
32 32.7203 -10.0816 1.12737 -0.0456928 0.000681847
33 50.4697 -14.7078 1.50935 -0.0589389 0.000846876
34 31.7477 -9.88197 1.09153 -0.0435014 0.000637333
35 33.8754 -10.5466 1.09997 -0.041884 0.000592462
36 29.085 -9.44158 1.07692 -0.0441433 0.000666752
37 53.8624 -15.2399 1.51122 -0.0574548 0.000805106
38 27.7185 -8.55188 0.984637 -0.0401791 0.000602035
39 34.7369 -10.6066 1.12371 -0.0432866 0.000614665
40 6.02299 -2.95452 0.443734 -0.0183024 0.000293187
41 35.3709 -10.8396 1.15816 -0.0455521 0.000660872
42 7.72167 -4.48932 0.621064 -0.0260119 0.000407138
43 33.4553 -10.1344 1.08256 -0.0419012 0.000598566
44 20.9921 -7.46616 0.864836 -0.0345318 0.000512631
45 35.3977 -10.766 1.16857 -0.0464149 0.000677304
46 15.1764 -6.16034 0.735122 -0.0290125 0.000427793
47 32.3531 -9.93341 1.0586 -0.0410722 0.000589436
48 27.589 -8.48955 0.958614 -0.038457 0.000570597
49 34.5002 -10.4733 1.14177 -0.0452544 0.000659655
50 37.7715 -11.3932 1.22986 -0.0491472 0.000720989
51 48.2616 -13.9179 1.40193 -0.0537845 0.000763576
52 31.3738 -9.68236 1.04098 -0.0405069 0.00058344
53 43.6653 -12.6192 1.28642 -0.0493721 0.000700677
54 36.9893 -11.1319 1.19436 -0.0471341 0.000684867
55 23.2342 -7.52805 0.85808 -0.0339918 0.000499204
56 71.4349 -19.635 1.92592 -0.0744379 0.00105822
57 47.0826 -13.4423 1.34591 -0.0510066 0.000717727
58 43.065 -12.8045 1.31991 -0.0511228 0.000731885
59 35.7188 -10.7032 1.15406 -0.0456109 0.000663777
60 24.5388 -7.87322 0.893383 -0.0355037 0.000524803
61 182.798 -45.3916 4.06155 -0.150644 0.002049
62 29.2542 -8.84082 0.978827 -0.0386489 0.000564246
63 24.4478 -7.62738 0.910996 -0.0380934 0.00058591
64 37.3917 -9.30842 0.99997 -0.0399632 0.000596781
65 37.4098 -9.09414 0.963751 -0.0380854 0.000563796
66 50.2717 -11.3965 1.15106 -0.0448316 0.000654579
67 53.4938 -11.6774 1.13518 -0.0428253 0.000606987
68 49.5061 -11.266 1.1355 -0.0443251 0.000649117
69 48.0846 -10.8723 1.07783 -0.0410002 0.000585035
70 43.43 -10.5589 1.09829 -0.0432947 0.000637167
71 58.6405 -12.7586 1.22884 -0.0463702 0.000657777
72 33.1554 -8.36071 0.895515 -0.0349601 0.000512841
73 52.5808 -11.6363 1.1466 -0.0440546 0.000637286
74 38.7872 -9.3334 0.97056 -0.0376687 0.000550421
75 44.0611 -10.0985 1.00789 -0.0382148 0.000545684
76 51.287 -11.6022 1.15613 -0.0445713 0.00064188
77 59.5316 -13.4645 1.32577 -0.0517135 0.000752181
78 44.9774 -10.656 1.09493 -0.0429886 0.000630793
79 40.8415 -9.99058 1.04592 -0.0411078 0.000605749
80 50.7283 -11.2411 1.10789 -0.0424074 0.000613104
81 57.2439 -12.3101 1.1761 -0.0440196 0.000619742
82 57.4498 -12.7597 1.25469 -0.0488058 0.00071296
83 48.8924 -10.7508 1.05618 -0.0399627 0.000570601
84 47.5714 -10.9688 1.10474 -0.0428884 0.000625491
85 38.8509 -9.45771 0.996462 -0.039273 0.000579847
86 45.6868 -9.20675 0.87145 -0.0314121 0.000434781
87 43.7638 -9.95731 1.00461 -0.0384244 0.000551942
88 43.7108 -10.645 1.10332 -0.0432448 0.000633217
89 47.8257 -10.7227 1.06049 -0.0399144 0.000563862
90 45.6096 -10.8616 1.10726 -0.0429812 0.000622857
91 48.6775 -11.3529 1.14832 -0.0447144 0.000650668
92 42.5847 -10.4323 1.09726 -0.043896 0.000654798
93 54.448 -12.202 1.20987 -0.0468783 0.00068054
94 53.7844 -11.8505 1.15407 -0.0434064 0.000612954
95 48.4575 -11.006 1.1086 -0.0430257 0.000626111
