0 46.0902 -9.67667 0.908951 -0.0343417 0.000489978
1 40.2382 -8.47507 0.805498 -0.030596 0.000440295
2 32.9187 -7.45855 0.733127 -0.0278739 0.000397803
3 42.3041 -8.54629 0.780387 -0.0283546 0.000389537
4 48.7504 -9.76052 0.882875 -0.0323409 0.00044974
5 46.0723 -9.37913 0.854899 -0.0314314 0.000436744
6 40.3184 -8.33804 0.771292 -0.0282386 0.000391389
7 39.5003 -7.94059 0.717417 -0.0256694 0.000348924
8 39.5086 -8.27626 0.770256 -0.0284208 0.000398535
9 42.7693 -9.0412 0.83994 -0.0311501 0.000435122
10 34.1508 -7.83219 0.750201 -0.0277697 0.000386593
11 43.6773 -9.23669 0.856878 -0.0317664 0.000443222
12 43.6785 -9.17284 0.846853 -0.0312027 0.00043345
13 55.0104 -10.6662 0.932682 -0.0333247 0.000449704
14 38.9959 -8.04894 0.740171 -0.0269382 0.000370888
15 44.7137 -9.15416 0.829608 -0.0301025 0.000412659
16 55.0524 -10.9152 0.975649 -0.0359014 0.000499957
17 52.7964 -10.7449 0.9694 -0.0355678 0.000492743
18 43.9294 -9.13814 0.837509 -0.0305423 0.000421062
19 54.3923 -10.665 0.947272 -0.0344159 0.000472911
20 45.8145 -9.56603 0.877561 -0.0323418 0.000449582
21 64.5625 -12.7301 1.11252 -0.0401745 0.000545248
22 48.2418 -9.96777 0.909548 -0.0334132 0.00046208
23 51.0763 -10.2275 0.912518 -0.0329551 0.000448376
24 42.2891 -8.93985 0.820282 -0.0298135 0.000408707
25 47.2904 -9.46575 0.849405 -0.0305835 0.000415382
26 33.4524 -7.26618 0.688246 -0.0251295 0.000345987
27 39.0693 -8.16319 0.748979 -0.0269945 0.000366638
28 45.369 -9.53484 0.871432 -0.0318384 0.000438188
29 40.724 -8.73144 0.812012 -0.0298342 0.000413252
30 38.7264 -8.34576 0.777859 -0.028441 0.00039139
31 60.1755 -11.9049 1.04926 -0.0380129 0.000517606
32 -3.69598 0.00632073 0.104171 -0.0042758 7.64506e-05
33 19.3571 -5.13247 0.54913 -0.0209632 0.000302912
34 21.5624 -5.12603 0.527713 -0.0197513 0.000282165
35 2.87329 -1.88129 0.277391 -0.0109439 0.000167423
36 17.7449 -4.95451 0.53926 -0.0207479 0.000303425
37 18.2241 -4.97856 0.543977 -0.0210596 0.000308838
38 20.2286 -5.31175 0.567866 -0.0217748 0.00031653
39 18.5159 -5.00822 0.539884 -0.0206965 0.000300616
40 1.14154 -1.52762 0.241177 -0.00940447 0.000146347
41 19.9603 -5.13603 0.54714 -0.0209112 0.000303998
42 11.2318 -3.5276 0.373012 -0.0130574 0.000179976
43 18.2821 -4.86759 0.51621 -0.0193709 0.000277092
44 27.2733 -7.05868 0.666013 -0.0235495 0.000317496
45 9.76216 -3.1668 0.379035 -0.0145913 0.000216501
46 8.26602 -2.66646 0.333144 -0.0127814 0.000191106
47 17.7398 -4.55169 0.483221 -0.0180439 0.000256508
48 10.7745 -3.17665 0.365815 -0.013725 0.00020085
49 24.6996 -5.73777 0.578155 -0.0215846 0.000306504
50 25.0953 -5.77065 0.578255 -0.0214104 0.000301063
51 17.8102 -4.84691 0.511842 -0.0190796 0.000270155
52 18.8492 -4.70151 0.495347 -0.0185409 0.000263938
53 12.3578 -3.78113 0.427775 -0.0161683 0.000233244
54 23.8911 -5.54861 0.560496 -0.020745 0.000293068
55 20.8871 -5.73657 0.605453 -0.0229461 0.00032563
56 21.5385 -5.93069 0.623576 -0.0237553 0.00033969
57 19.9595 -5.61673 0.594749 -0.0225156 0.000320431
58 19.8406 -5.4962 0.587277 -0.0224911 0.000322388
59 20.2738 -4.84552 0.505049 -0.0188105 0.000266728
60 22.7864 -5.33842 0.534136 -0.0196024 0.000274813
61 1.17896 -1.51714 0.24146 -0.00944857 0.00014527
62 17.6435 -4.29129 0.454364 -0.0168613 0.000239752
63 18.73 -5.00596 0.533788 -0.0202553 0.000289314
64 54.1633 -10.352 0.895963 -0.0317175 0.000426285
65 56.4247 -11.0657 0.9665 -0.0345007 0.00046723
66 44.7686 -9.22793 0.832351 -0.0299369 0.000408432
67 49.4551 -9.74952 0.863924 -0.0309049 0.000419462
68 59.5162 -11.4077 0.99172 -0.0354415 0.000479333
69 46.0224 -9.01275 0.795308 -0.0280632 0.000376695
70 59.0637 -11.4613 0.994908 -0.0352656 0.000472511
71 55.9073 -11.0533 0.987985 -0.036186 0.000502716
72 48.5278 -9.5555 0.841916 -0.0299287 0.000405694
73 52.5077 -10.3146 0.911417 -0.0326993 0.000445342
74 64.8396 -12.3775 1.06141 -0.037549 0.000502624
75 50.5323 -9.982 0.88673 -0.031901 0.000436128
76 57.1819 -11.0829 0.956048 -0.0335668 0.00044606
77 56.4293 -11.2857 0.988184 -0.0352718 0.000475303
78 48.1439 -9.40801 0.823483 -0.0290114 0.000389043
79 54.1365 -10.7537 0.942221 -0.0334366 0.000448661
80 56.9095 -11.0447 0.961943 -0.0343516 0.000465047
81 63.2696 -11.9868 1.01964 -0.0358345 0.000477448
82 52.0698 -10.3904 0.914278 -0.0325189 0.000437095
83 41.8449 -8.60488 0.777118 -0.0278002 0.000378582
84 42.0518 -8.75195 0.790129 -0.028244 0.000381247
85 62.1769 -11.9856 1.03753 -0.0369443 0.00049577
86 49.2772 -9.91653 0.878377 -0.0312085 0.000418771
87 53.6442 -10.4641 0.917538 -0.0326625 0.000439333
88 41.8507 -8.7761 0.800533 -0.0288434 0.000393101
89 52.1511 -10.4145 0.924875 -0.0332156 0.000451003
90 45.5835 -9.25548 0.829194 -0.029576 0.000399197
91 50.3548 -10.1774 0.910528 -0.0327363 0.000444713
92 46.7513 -9.61879 0.864435 -0.0309874 0.000419848
93 50.2267 -10.3488 0.925804 -0.0332047 0.000448876
94 53.5368 -10.6043 0.943888 -0.0342646 0.000472255
95 57.5475 -11.1938 0.982634 -0.0353308 0.000480348
