0 44.5856 -9.02428 0.822774 -0.0298721 0.000413085
1 45.47 -9.20211 0.83635 -0.0303888 0.000418478
2 50.6001 -9.71659 0.85565 -0.0305396 0.000414007
3 47.8435 -9.556 0.861374 -0.0312139 0.00043015
4 39.6061 -8.36876 0.7738 -0.0281513 0.000389702
5 46.6951 -9.34577 0.837637 -0.0300864 0.000411285
6 37.4309 -8.10814 0.759045 -0.0276208 0.000381083
7 38.1457 -7.80283 0.706359 -0.0250691 0.000339119
8 46.3219 -9.22554 0.823762 -0.0294665 0.000400401
9 40.2577 -8.45144 0.777459 -0.0281972 0.000388645
10 41.7914 -8.63612 0.79128 -0.0287184 0.000395976
11 45.3065 -9.24532 0.83737 -0.030203 0.000411092
12 42.8507 -8.54166 0.759152 -0.0268238 0.000360717
13 43.4152 -8.95408 0.813366 -0.029394 0.000402476
14 53.3916 -10.4972 0.921796 -0.0328912 0.000445675
15 38.7882 -7.99105 0.731332 -0.0261494 0.000354492
16 45.0898 -9.18576 0.827603 -0.0296746 0.000403501
17 46.4886 -9.37299 0.837659 -0.0299091 0.000403881
18 55.0614 -10.4881 0.901088 -0.0314812 0.00041686
19 37.2747 -7.62648 0.695079 -0.0247396 0.000335143
20 42.5848 -8.72134 0.784834 -0.0279405 0.000376359
21 44.4117 -9.23911 0.842152 -0.0304736 0.000417519
22 48.0673 -9.52064 0.841879 -0.0299037 0.000403267
23 42.3902 -8.72826 0.793642 -0.0285091 0.000387326
24 38.0933 -8.12368 0.751336 -0.0270957 0.000371013
25 43.6054 -8.81309 0.791887 -0.0282944 0.000383282
26 45.0333 -9.36116 0.854596 -0.0310136 0.0004264
27 47.9321 -9.78455 0.879879 -0.0317035 0.000430308
28 34.0403 -7.49448 0.709992 -0.0259375 0.000360111
29 43.225 -8.74088 0.790421 -0.0284288 0.000388363
30 43.9151 -9.00522 0.820783 -0.0297047 0.000407982
31 46.0147 -9.73566 0.893872 -0.0326694 0.000449232
32 54.4473 -10.3427 0.903673 -0.0323793 0.000441678
33 46.9275 -9.10643 0.817422 -0.0298706 0.000416884
34 41.1446 -8.30319 0.769726 -0.0285753 0.000403408
35 56.0098 -11.0007 0.976248 -0.0354995 0.000486492
36 41.5692 -8.51576 0.784167 -0.0287965 0.000401402
37 51.4756 -9.90449 0.883635 -0.0324669 0.000456567
38 62.3144 -11.668 1.00862 -0.0362478 0.000494614
39 55.7084 -10.531 0.914277 -0.0325917 0.000440484
40 56.5183 -10.7994 0.940016 -0.0335669 0.000455184
41 46.5358 -8.98374 0.799121 -0.0288177 0.00039654
42 46.6162 -9.12604 0.813581 -0.0292982 0.000401453
43 49.4596 -9.659 0.859302 -0.0310794 0.0004262
44 57.706 -11.1422 0.978542 -0.0353492 0.00048365
45 54.6707 -10.5918 0.924078 -0.0330063 0.000447759
46 56.1502 -11.1331 0.985323 -0.0356512 0.00048651
47 47.3108 -9.26496 0.827186 -0.0298689 0.000409967
48 53.0545 -10.191 0.889767 -0.031789 0.000432039
49 64.5695 -12.0924 1.03112 -0.0365582 0.000491329
50 45.497 -9.10378 0.820726 -0.0297781 0.000409842
51 59.8193 -11.4243 0.984612 -0.035077 0.000473231
52 59.8049 -11.5823 1.01009 -0.0362536 0.000491718
53 53.4083 -10.3106 0.903099 -0.0325092 0.000443497
54 68.2752 -12.6993 1.07368 -0.0379124 0.000509187
55 53.5215 -10.4046 0.918264 -0.0331386 0.000452843
56 61.2963 -11.745 1.00829 -0.0356817 0.000477147
57 49.9597 -9.79134 0.867428 -0.0311942 0.000425481
58 43.313 -8.78921 0.800381 -0.0290529 0.000398756
59 47.915 -9.96959 0.910408 -0.0334943 0.000464141
60 48.6366 -9.80047 0.876238 -0.031666 0.00043287
61 48.2681 -9.77229 0.87851 -0.0319029 0.000436472
62 53.0115 -10.49 0.938315 -0.0342616 0.000473278
63 59.1734 -11.8734 1.05375 -0.0384172 0.000526349
64 20.4156 -5.44108 0.56377 -0.0209915 0.000296355
65 25.0235 -5.57815 0.548671 -0.0201938 0.000287323
66 18.8172 -4.98078 0.524553 -0.0195958 0.000278215
67 19.4082 -5.13175 0.535394 -0.0199998 0.000282794
68 26.7976 -6.64691 0.672203 -0.0253739 0.000361591
69 20.0482 -5.28855 0.543496 -0.0200829 0.000281498
70 24.7376 -5.94042 0.59565 -0.0220795 0.000310403
71 9.76083 -3.20022 0.375652 -0.0142382 0.000208328
72 26.1162 -6.05306 0.590061 -0.0213309 0.000293356
73 20.242 -5.18196 0.537342 -0.0199861 0.000283045
74 27.9541 -6.32454 0.616808 -0.0225973 0.00031715
75 14.012 -3.95654 0.418843 -0.0150775 0.000209626
76 20.0326 -5.22779 0.543528 -0.0201956 0.000284489
77 20.2276 -5.12287 0.523472 -0.0192837 0.000269929
78 20.6943 -5.30083 0.54359 -0.0200623 0.000280604
79 29.814 -6.71865 0.645426 -0.0234313 0.000321797
80 26.6274 -6.34152 0.624606 -0.0229182 0.000318623
81 31.8917 -7.1522 0.678465 -0.024525 0.000335505
82 31.2005 -7.11911 0.680354 -0.0247328 0.000340117
83 27.481 -6.52435 0.642472 -0.0236833 0.000330564
84 30.593 -6.84903 0.651117 -0.0234821 0.000321431
85 19.245 -5.51715 0.565299 -0.0206167 0.000283356
86 24.2636 -5.77858 0.579758 -0.0214646 0.000302406
87 26.9124 -6.3514 0.62895 -0.0231944 0.000323317
88 23.5422 -5.77971 0.580751 -0.0212962 0.000297365
89 23.0704 -5.5998 0.56685 -0.0208724 0.00029224
90 27.2736 -6.36283 0.62429 -0.0227733 0.000314381
91 20.304 -5.3207 0.557096 -0.0209228 0.000296037
92 21.4916 -5.76024 0.601439 -0.0227241 0.000322337
93 29.4756 -6.94892 0.683625 -0.0252947 0.000351253
94 32.8653 -7.47935 0.71961 -0.0265203 0.000367354
95 19.0235 -5.23701 0.553952 -0.0208697 0.000296166
