0 32.1183 -8.15337 0.746635 -0.0258177 0.000338163
1 33.098 -8.419 0.776209 -0.0271264 0.000357155
2 38.3827 -9.70821 0.887696 -0.0310922 0.000406988
3 49.4058 -11.8283 1.00936 -0.0338863 0.000427512
4 56.4906 -13.1203 1.08426 -0.035551 0.00043838
5 33.5333 -8.5646 0.791699 -0.027705 0.00036377
6 30.8324 -7.84008 0.72873 -0.0254426 0.000334221
7 49.2768 -11.5645 0.972638 -0.0322074 0.000402243
8 22.1322 -5.7454 0.585305 -0.0214942 0.000299484
9 21.4007 -5.55101 0.556421 -0.0200724 0.000274094
10 62.9987 -14.8784 1.25331 -0.0422714 0.000534105
11 54.5369 -13.0102 1.11293 -0.0375902 0.000474528
12 36.1286 -9.14144 0.826918 -0.0285803 0.000371519
13 25.7756 -6.75229 0.661422 -0.0238516 0.000322672
14 30.6469 -7.82957 0.737497 -0.0260727 0.000344924
15 76.3254 -17.4768 1.43042 -0.0474071 0.000585382
16 37.7817 -9.40471 0.841592 -0.0288844 0.000372406
17 35.2065 -8.80757 0.800003 -0.0277541 0.000361993
18 39.9271 -9.9514 0.891532 -0.0307564 0.000397701
19 23.1721 -6.06296 0.599004 -0.0214256 0.000288596
20 31.1916 -7.87623 0.724872 -0.0250839 0.000327367
21 42.3018 -10.552 0.949271 -0.0331088 0.000431338
22 51.6277 -12.5211 1.08601 -0.0371295 0.000473397
23 31.894 -7.98822 0.736791 -0.0256369 0.000333822
24 42.4373 -10.4444 0.917713 -0.0312136 0.000398641
25 44.0018 -10.6334 0.919603 -0.0309318 0.000390031
26 54.8305 -13.1942 1.13033 -0.0382756 0.000483956
27 21.6592 -5.49851 0.536158 -0.0188046 0.000250175
28 40.9352 -10.2267 0.91606 -0.0316964 0.000410681
29 52.379 -12.6443 1.08866 -0.0369328 0.000467769
30 19.9479 -5.06994 0.511481 -0.0183588 0.000251693
31 54.7505 -12.9861 1.09604 -0.0366387 0.000457989
32 35.3989 -9.15004 0.860628 -0.0308492 0.00041238
33 23.8711 -6.27831 0.629757 -0.0231543 0.000319495
34 55.9123 -13.8617 1.23338 -0.0435622 0.000570119
35 33.2417 -8.54549 0.80343 -0.0287691 0.000384788
36 42.5593 -10.7301 0.978697 -0.0347263 0.000457781
37 36.6512 -9.26451 0.850962 -0.0300801 0.000398454
38 30.9735 -8.00161 0.761449 -0.0273549 0.000367404
39 42.0793 -10.4117 0.933221 -0.0324994 0.000421374
40 31.379 -7.97951 0.744586 -0.0263119 0.000348436
41 33.4732 -8.46207 0.779289 -0.0273366 0.000358933
42 17.3709 -4.2749 0.435162 -0.0155359 0.000213371
43 32.6006 -8.23424 0.761835 -0.0267537 0.000350611
44 23.9321 -5.82644 0.581651 -0.0213634 0.000296262
45 28.8313 -7.45028 0.711338 -0.0254881 0.000341934
46 32.935 -8.39225 0.782175 -0.0276355 0.000363871
47 32.0933 -8.14498 0.759346 -0.0269166 0.000357874
48 29.5134 -7.57046 0.714273 -0.0253084 0.000334809
49 28.0297 -7.2855 0.704626 -0.0254496 0.00034288
50 56.8947 -13.615 1.16629 -0.0399478 0.000510443
51 18.4035 -4.65367 0.465213 -0.0164659 0.000222359
52 26.4969 -6.85531 0.659462 -0.0235035 0.000314172
53 18.6907 -4.63061 0.467741 -0.0167376 0.000228422
54 19.4405 -4.93619 0.4948 -0.0177555 0.000242543
55 42.1234 -10.5959 0.963967 -0.0340592 0.000447292
56 19.4756 -4.63641 0.451609 -0.015674 0.000210124
57 42.8817 -10.6688 0.95805 -0.0333993 0.000433367
58 43.8822 -10.7027 0.944697 -0.0325945 0.000419653
59 42.6317 -10.4614 0.926513 -0.0319394 0.000410769
60 28.1721 -7.18505 0.67688 -0.0238719 0.000316809
61 34.1752 -8.61247 0.792191 -0.0278159 0.000364066
62 19.4721 -4.82103 0.483589 -0.0173196 0.000237596
63 25.0336 -6.49787 0.63553 -0.0229912 0.000311955
64 28.1086 -6.20391 0.581686 -0.0205593 0.000278369
65 32.5635 -6.80386 0.625796 -0.0221983 0.000301547
66 37.7755 -7.95458 0.734673 -0.026574 0.000365341
67 26.873 -5.94688 0.56636 -0.0202886 0.000277351
68 37.4652 -7.99258 0.73366 -0.0262598 0.000355562
69 42.091 -8.29457 0.731725 -0.0256253 0.000341656
70 40.6733 -8.21018 0.733074 -0.0258173 0.00034421
71 29.3006 -5.91523 0.540897 -0.0188451 0.000254054
72 26.3924 -5.86047 0.552425 -0.0195003 0.000263991
73 33.6613 -6.90113 0.624706 -0.0218269 0.000290247
74 41.327 -8.41295 0.756703 -0.0269091 0.000361065
75 34.3545 -7.20983 0.660304 -0.0234094 0.000315255
76 31.754 -7.04078 0.661485 -0.0237508 0.000322201
77 32.4561 -6.82578 0.62737 -0.0221761 0.0002973
78 32.1795 -6.81571 0.633181 -0.0226099 0.000306867
79 43.3623 -8.85795 0.796002 -0.0284398 0.000383018
80 35.2247 -7.40047 0.667172 -0.0232323 0.000306739
81 41.5226 -8.76626 0.791226 -0.0280777 0.000374683
82 32.7194 -6.77827 0.615685 -0.0215452 0.000287611
83 41.768 -8.12019 0.707636 -0.0244689 0.000322392
84 38.0103 -7.51624 0.659055 -0.0226296 0.000297003
85 28.06 -5.97223 0.553523 -0.0193084 0.000258209
86 40.3565 -7.77031 0.674535 -0.0231378 0.000304741
87 31.4923 -6.33032 0.572145 -0.0198603 0.000265089
88 36.8132 -7.78517 0.700387 -0.024391 0.000321459
89 37.3894 -7.62872 0.684492 -0.0239071 0.000318239
90 33.8592 -7.10418 0.647758 -0.0228195 0.00030554
91 37.0054 -7.30592 0.645914 -0.0223112 0.000295612
92 36.0545 -7.37057 0.661112 -0.0230252 0.000305232
93 40.8408 -8.23537 0.739623 -0.0261669 0.000351848
94 35.5704 -7.30825 0.656035 -0.0228527 0.000304237
95 21.4656 -5.31836 0.525747 -0.0188746 0.000257973
