0 122.87 -32.5284 3.13654 -0.123043 0.00176785
1 20.5178 -6.28176 0.76735 -0.0309967 0.000464233
2 18.5665 -6.54528 0.808116 -0.033075 0.00050373
3 32.0717 -9.95536 1.10179 -0.0435802 0.000634906
4 26.9939 -8.46808 0.996695 -0.0410134 0.000624623
5 36.1614 -11.1386 1.2255 -0.0491079 0.000725353
6 30.1237 -9.43977 1.07361 -0.0435203 0.000649807
7 27.4206 -8.4885 0.980727 -0.0396645 0.000589588
8 36.2638 -11.0843 1.20808 -0.0478172 0.000700632
9 22.927 -6.30135 0.750386 -0.0300632 0.000456708
10 28.98 -8.97001 1.03178 -0.0418635 0.000627796
11 32.4034 -10.009 1.12349 -0.0452998 0.000672049
12 22.9371 -7.26159 0.882013 -0.0369139 0.000571876
13 24.1241 -6.68088 0.786599 -0.0315467 0.000473519
14 26.4798 -8.11276 0.933947 -0.0373912 0.00055523
15 22.7527 -6.91717 0.817743 -0.0328709 0.000491062
16 22.3607 -6.29842 0.774073 -0.0325382 0.000517232
17 25.7005 -7.63036 0.910563 -0.0375831 0.000575031
18 51.8661 -15.0002 1.5207 -0.0585158 0.000830885
19 27.6458 -8.74674 0.974185 -0.0380153 0.000551487
20 21.2157 -6.45513 0.805866 -0.0340585 0.000537298
21 13.2537 -5.15512 0.651995 -0.0258106 0.000382837
22 36.1169 -10.8629 1.17296 -0.0459159 0.000663453
23 22.5509 -6.84523 0.811372 -0.0326073 0.000489622
24 44.4623 -13.2363 1.36916 -0.0528228 0.000752897
25 24.3853 -7.77757 0.88927 -0.0350569 0.000514975
26 25.1507 -7.76174 0.915466 -0.0372087 0.000560841
27 23.1719 -7.1727 0.867423 -0.0358901 0.000549217
28 24.3629 -7.78371 0.911728 -0.036982 0.000553947
29 31.8014 -9.67257 1.07226 -0.0423606 0.000619821
30 25.0835 -7.78969 0.920758 -0.0376562 0.00057029
31 31.8641 -9.61847 1.06239 -0.0420642 0.000616369
32 -9.035 -0.553206 0.261701 -0.0115407 0.000195186
33 165.171 -38.3995 3.22316 -0.112041 0.00144309
34 -14.4285 0.405195 0.190894 -0.00952236 0.000175719
35 26.1585 -8.55689 0.903836 -0.0337119 0.000470255
36 -29.7788 3.67654 -0.0666395 -0.000707874 6.52159e-05
37 -7.73355 -1.16767 0.323591 -0.0143867 0.000242142
38 29.6793 -9.44706 0.976861 -0.0362464 0.000505687
39 26.2982 -8.54399 0.925565 -0.0353364 0.000500889
40 115.475 -28.5491 2.5205 -0.0904576 0.00120284
41 -6.83368 -1.65766 0.372343 -0.0162281 0.0002661
42 29.7371 -9.31376 0.953344 -0.0352449 0.0004901
43 3.36649 -3.47484 0.503485 -0.0202921 0.000310852
44 -30.9026 4.29607 -0.136771 0.00232109 1.80586e-05
45 70.3788 -18.6655 1.73803 -0.0634506 0.000856967
46 44.8778 -12.8112 1.25233 -0.0458123 0.00062416
47 52.1711 -14.3642 1.35632 -0.04891 0.000656423
48 1.55051 -2.95408 0.47193 -0.0198135 0.000313939
49 53.2162 -14.5421 1.37925 -0.0503052 0.000685346
50 36.4131 -11.0372 1.16359 -0.045085 0.000645305
51 44.03 -12.7205 1.2969 -0.0495234 0.000697169
52 24.3772 -8.38896 0.946663 -0.0376032 0.000555772
53 28.1981 -9.42896 1.01925 -0.0398562 0.000581178
54 22.5588 -7.86382 0.874655 -0.0338594 0.000488516
55 50.761 -14.3801 1.41987 -0.0534208 0.000745008
56 38.4313 -11.2778 1.13716 -0.0423591 0.000584034
57 39.59 -11.9463 1.20517 -0.0452509 0.000631997
58 70.1836 -18.6482 1.74404 -0.0640146 0.000871847
59 79.7138 -20.9857 1.95535 -0.072245 0.000987481
60 38.4859 -11.4088 1.15699 -0.0433922 0.000604043
61 53.3226 -14.9016 1.44454 -0.0536931 0.000740158
62 56.3964 -15.3897 1.45483 -0.0525383 0.000702699
63 7.83754 -5.06251 0.655629 -0.0262412 0.000390174
64 46.6208 -10.8186 1.09544 -0.0424375 0.000615038
65 42.5784 -9.97218 1.02374 -0.039818 0.00057875
66 48.0838 -10.8926 1.10557 -0.0434584 0.000637749
67 45.8368 -10.8817 1.1173 -0.0440085 0.00064642
68 34.2979 -8.84107 0.95991 -0.0385147 0.000574835
69 51.4342 -11.3731 1.11059 -0.0419397 0.000591892
70 44.329 -9.89842 0.975896 -0.0364438 0.000511361
71 52.1348 -11.3133 1.09325 -0.0409953 0.000576376
72 48.6262 -10.913 1.07904 -0.0410571 0.000585264
73 47.317 -10.7936 1.08325 -0.0416569 0.000599074
74 42.2396 -9.75854 0.991049 -0.0380527 0.000546665
75 38.1478 -9.08381 0.923855 -0.0350077 0.000498293
76 41.2041 -9.84448 1.01785 -0.0397689 0.000581611
77 37.7913 -8.76529 0.882961 -0.0330835 0.000465562
78 46.3212 -9.98072 0.956561 -0.0348543 0.000479135
79 46.8336 -10.4431 1.03075 -0.0391221 0.000558376
80 49.0871 -10.9659 1.07904 -0.0408854 0.000580721
81 35.5591 -8.78429 0.914439 -0.0351237 0.000504632
82 48.6397 -10.6854 1.04092 -0.0391966 0.000556427
83 53.8477 -11.5917 1.11424 -0.0418047 0.000588734
84 50.2092 -11.9563 1.09621 -0.0378147 0.00232202
85 41.8742 -9.22046 0.921292 -0.0346919 0.000491613
86 48.9152 -10.6995 1.0358 -0.0385541 0.00053872
87 40.0014 -9.3951 0.958851 -0.0367274 0.000528364
88 43.14 -9.76127 0.97246 -0.0366762 0.0005194
89 39.1772 -9.22277 0.953365 -0.0366317 0.000525995
90 42.8602 -10.1212 1.02598 -0.0393165 0.000563579
91 42.5952 -9.63812 0.97516 -0.0374296 0.000538951
92 34.1953 -8.5616 0.918967 -0.0362055 0.000533076
93 44.1729 -10.5745 1.07757 -0.0415672 0.000594644
94 46.9057 -10.2842 1.01731 -0.0384384 0.000545426
95 52.4545 -11.5391 1.13372 -0.0433042 0.000619957
