0 43.0001 -8.93613 0.819494 -0.0297798 0.000408376
1 39.3157 -8.19525 0.764393 -0.0281705 0.000392347
2 51.0843 -10.6636 0.98083 -0.0365111 0.00050986
3 33.8665 -7.64625 0.742595 -0.0278899 0.000393722
4 43.6035 -8.93414 0.813039 -0.0294646 0.000403722
5 38.1265 -8.22856 0.778981 -0.0288286 0.000401461
6 42.9869 -9.15366 0.8519 -0.0314613 0.000436747
7 41.5374 -8.8768 0.82546 -0.0303413 0.000418593
8 40.9445 -8.44294 0.772039 -0.0278594 0.000380412
9 37.2267 -7.92782 0.737727 -0.0268298 0.000369485
10 44.5391 -9.08441 0.823242 -0.0298348 0.000408806
11 40.111 -8.28186 0.769335 -0.0282613 0.000392086
12 42.0128 -8.71261 0.802522 -0.0294313 0.000408298
13 40.0889 -8.27797 0.758184 -0.0274267 0.000374618
14 47.3573 -9.4489 0.847201 -0.0305425 0.000415729
15 32.001 -7.25998 0.703217 -0.0261141 0.000365043
16 30.6249 -6.95073 0.673036 -0.0248148 0.000345276
17 49.484 -10.1666 0.911361 -0.0327644 0.000441778
18 52.3371 -10.6235 0.951882 -0.0346447 0.000473859
19 34.5445 -7.39246 0.701419 -0.0260171 0.000365766
20 41.2071 -8.3527 0.749763 -0.0267108 0.000360077
21 34.6596 -7.5373 0.710801 -0.0259811 0.000358461
22 45.3861 -9.25826 0.831075 -0.0296963 0.000399203
23 26.6557 -6.23227 0.611539 -0.0224818 0.000311115
24 50.2617 -10.1574 0.899586 -0.0320091 0.000428494
25 40.7256 -8.49152 0.773282 -0.0277067 0.000374075
26 43.2858 -9.1899 0.846571 -0.0309189 0.000422883
27 40.6423 -8.76967 0.805478 -0.029151 0.000396159
28 45.7088 -9.76288 0.89679 -0.0327898 0.000448368
29 37.7286 -8.3969 0.799084 -0.0297152 0.00041369
30 50.7943 -10.6143 0.964362 -0.035274 0.000482504
31 23.0246 -5.66635 0.578506 -0.0217869 0.000308325
32 75.981 -13.6891 1.13416 -0.0394066 0.000519414
33 66.3717 -12.7075 1.10056 -0.0395625 0.000538578
34 65.864 -12.4633 1.06654 -0.0378385 0.000508158
35 66.4427 -12.1839 1.03739 -0.036933 0.000500218
36 75.6486 -13.6748 1.14316 -0.0401637 0.000535639
37 75.8542 -13.6777 1.13591 -0.0396641 0.00052453
38 72.9992 -13.3328 1.1282 -0.0400724 0.000539318
39 66.2673 -12.3288 1.05215 -0.0373595 0.000502785
40 71.2648 -12.7717 1.05981 -0.0367607 0.000485175
41 72.6703 -12.6012 1.02894 -0.0354864 0.000467566
42 72.6807 -13.304 1.1074 -0.0386141 0.000511919
43 71.9569 -13.1286 1.09603 -0.0383561 0.000509249
44 68.9701 -12.9126 1.09859 -0.0389847 0.000525479
45 67.3006 -12.4096 1.04294 -0.0364674 0.00048491
46 69.3373 -12.7857 1.07056 -0.0373881 0.000495138
47 66.9855 -12.2616 1.02729 -0.0358572 0.000474993
48 66.5687 -12.1165 1.00773 -0.0350153 0.000464726
49 76.4485 -13.9568 1.15739 -0.0402821 0.000531365
50 54.3972 -9.80692 0.828522 -0.0288137 0.000387011
51 70.82 -12.949 1.07582 -0.037366 0.000492694
52 71.94 -13.3337 1.12293 -0.0395694 0.000529308
53 56.5619 -9.83093 0.854473 -0.0313207 0.000443522
54 55.0073 -10.176 0.877957 -0.0313403 0.000429721
55 71.7257 -13.3371 1.12399 -0.039597 0.000529283
56 69.7029 -12.2509 1.00007 -0.0341888 0.000446489
57 79.8205 -14.931 1.26361 -0.0449513 0.000603615
58 77.6681 -14.4857 1.22472 -0.0434506 0.000583017
59 64.059 -11.1436 0.927539 -0.0323066 0.000430445
60 75.1285 -14.0972 1.18243 -0.0413622 0.000545204
61 77.9403 -14.573 1.21711 -0.0425232 0.000560911
62 63.7451 -12.0092 1.02687 -0.0364642 0.000490204
63 73.767 -13.6878 1.15897 -0.0412121 0.000551568
64 40.2666 -8.61079 0.795599 -0.0289055 0.000395952
65 35.2645 -7.79694 0.740263 -0.0272664 0.000378874
66 26.6053 -6.16154 0.604736 -0.0222038 0.000308464
67 30.036 -6.8235 0.659079 -0.0241665 0.000333856
68 28.963 -6.56465 0.637005 -0.0234068 0.000326142
69 34.1285 -7.30376 0.683152 -0.024717 0.00033859
70 19.7884 -5.29637 0.551215 -0.0205881 0.000288994
71 43.309 -8.91526 0.817665 -0.0298418 0.000410131
72 23.2986 -6.23234 0.632043 -0.0234533 0.000326093
73 42.0863 -8.56902 0.779941 -0.028262 0.000389816
74 27.9058 -6.19658 0.592981 -0.0212964 0.00029067
75 27.1201 -6.30702 0.611041 -0.0221629 0.000303616
76 29.7972 -6.59137 0.637009 -0.0233882 0.000325724
77 29.3376 -6.85595 0.666175 -0.0245663 0.000341023
78 27.8204 -6.5413 0.64718 -0.0240932 0.000337697
79 32.6456 -7.39544 0.715296 -0.0265873 0.000371652
80 45.7092 -9.40206 0.844299 -0.0301563 0.000405424
81 32.2284 -7.3162 0.698668 -0.0255584 0.000351923
82 28.2202 -6.40462 0.61412 -0.0221423 0.00030241
83 42.3804 -8.66495 0.78526 -0.0282681 0.000383978
84 51.5175 -10.4432 0.922207 -0.0327843 0.000438121
85 23.8314 -5.60303 0.55448 -0.0201722 0.000278532
86 31.7888 -6.82438 0.642909 -0.023162 0.000316563
87 19.7724 -4.82798 0.500406 -0.0186007 0.000262704
88 30.3061 -6.89976 0.664339 -0.024153 0.000330181
89 23.2906 -6.34554 0.654899 -0.0247185 0.000347047
90 24.3771 -5.99659 0.601983 -0.0223405 0.000311749
91 31.5821 -7.26648 0.700374 -0.025762 0.000355497
92 21.3751 -5.81329 0.598911 -0.0223587 0.000311976
93 33.8686 -7.62788 0.740004 -0.0276283 0.000386283
94 24.3185 -5.93724 0.600556 -0.0224165 0.000313494
95 37.2648 -8.50497 0.822072 -0.0309025 0.000432268
