0 44.4168 -9.1276 0.848448 -0.0316087 0.000448737
1 34.7461 -7.49307 0.711211 -0.0261112 0.000364515
2 41.8203 -8.78648 0.815908 -0.0299088 0.000416014
3 46.3846 -9.70498 0.900447 -0.0334547 0.000470425
4 35.3933 -7.82669 0.745203 -0.0274297 0.000382244
5 38.5997 -8.22905 0.773368 -0.0284836 0.000398079
6 60.9141 -11.9065 1.0483 -0.0378664 0.000515958
7 50.8764 -10.1948 0.913413 -0.0331161 0.000454686
8 45.4758 -9.30862 0.847725 -0.0307726 0.000422381
9 46.8729 -9.69739 0.885568 -0.0322797 0.000444207
10 48.8683 -9.83612 0.885406 -0.0320062 0.000438305
11 44.971 -9.26559 0.852998 -0.0313529 0.000436078
12 42.9538 -8.73248 0.787501 -0.0280749 0.000379636
13 37.2083 -7.9782 0.750548 -0.0275234 0.000381463
14 52.1133 -10.579 0.955852 -0.0349942 0.000482745
15 40.5659 -8.35699 0.770789 -0.0281527 0.000390686
16 39.6584 -8.3245 0.775159 -0.0285024 0.000397917
17 33.9894 -7.63588 0.735673 -0.0273085 0.000382863
18 38.3697 -8.43499 0.802966 -0.0299143 0.000419296
19 59.1309 -11.5689 1.02745 -0.0374289 0.00051425
20 46.829 -9.64258 0.876928 -0.0318017 0.000435611
21 47.7656 -9.7855 0.8831 -0.0317835 0.000430264
22 36.6564 -8.04865 0.765786 -0.0282675 0.000394003
23 47.6239 -10.0218 0.922052 -0.0339193 0.000468669
24 42.8298 -8.86943 0.808535 -0.0291289 0.00039685
25 40.1456 -8.42777 0.776159 -0.0281156 0.000386079
26 36.2287 -8.22252 0.793094 -0.0296452 0.000416004
27 48.4476 -10.119 0.927107 -0.0340221 0.000468592
28 43.5419 -9.48423 0.887359 -0.0327927 0.000454532
29 45.1217 -9.52685 0.868859 -0.0313909 0.000427162
30 42.4586 -9.27717 0.870415 -0.0322053 0.000447241
31 50.5019 -10.3258 0.935258 -0.0340868 0.000466885
32 29.1216 -8.18934 0.800865 -0.0292193 0.000398651
33 46.2761 -11.8003 1.07921 -0.0383295 0.000504766
34 19.328 -5.64036 0.592103 -0.0221911 0.000314901
35 21.2752 -5.94371 0.617655 -0.0231321 0.000325833
36 22.7388 -6.27321 0.632791 -0.0230945 0.000317124
37 17.4105 -5.32037 0.552594 -0.0202044 0.000281894
38 11.5901 -3.67386 0.417602 -0.0156328 0.000226271
39 27.1069 -7.43154 0.752914 -0.0282687 0.000395496
40 4.73303 -1.8922 0.254393 -0.00930396 0.00013722
41 27.5501 -7.41316 0.731415 -0.0268044 0.00036754
42 24.2435 -6.69852 0.683798 -0.0255471 0.000357225
43 25.3554 -6.89811 0.691267 -0.0255004 0.000353198
44 21.1321 -5.54112 0.574242 -0.0212927 0.000298571
45 23.3546 -6.36965 0.655649 -0.0244717 0.000340956
46 19.5395 -5.10384 0.5369 -0.0200675 0.000283998
47 17.4186 -5.07048 0.538444 -0.0200841 0.000283923
48 24.9358 -6.89986 0.696804 -0.0258439 0.000358915
49 31.091 -8.45447 0.828289 -0.0303456 0.000413068
50 23.7839 -6.43979 0.654563 -0.0242196 0.000336428
51 12.8446 -4.26919 0.476924 -0.0179704 0.000256441
52 32.8993 -8.65902 0.817883 -0.0293207 0.000393638
53 30.1685 -6.98925 0.675271 -0.02457 0.000337057
54 22.6036 -6.22679 0.643164 -0.0240651 0.000336939
55 24.2866 -6.80499 0.665434 -0.0239453 0.000325458
56 30.8907 -8.18752 0.785749 -0.0282152 0.000376857
57 25.7408 -6.07183 0.583478 -0.0204083 0.000270689
58 20.4949 -5.76046 0.608046 -0.0230098 0.00032599
59 22.9654 -6.3862 0.647709 -0.0237759 0.000327121
60 27.7268 -6.81189 0.672651 -0.0247102 0.000341192
61 25.4936 -6.85144 0.684214 -0.0250228 0.000341612
62 24.4433 -6.88336 0.697328 -0.0257976 0.000357064
63 25.7034 -7.14947 0.723493 -0.0269413 0.000372527
64 37.2796 -8.04951 0.758771 -0.0278741 0.000387763
65 36.7514 -8.18109 0.782774 -0.0289159 0.000403877
66 50.8329 -10.3453 0.947927 -0.03512 0.000492627
67 30.9522 -7.1382 0.711134 -0.0271598 0.000393708
68 50.0525 -10.4539 0.958997 -0.0351454 0.0004847
69 40.7512 -8.44744 0.773596 -0.0278802 0.000380425
70 44.2916 -9.22041 0.848917 -0.031074 0.000429628
71 36.507 -7.9895 0.765305 -0.0285086 0.000401738
72 38.7205 -8.46218 0.804935 -0.0298838 0.000422052
73 34.2257 -7.57248 0.724833 -0.0265952 0.000370561
74 41.7934 -8.81282 0.829862 -0.030829 0.000434405
75 33.7281 -7.46199 0.718729 -0.0266239 0.0003729
76 39.3765 -8.14462 0.747991 -0.0268463 0.000366288
77 32.5209 -7.44555 0.719149 -0.0265167 0.000369628
78 33.4371 -7.54323 0.725993 -0.0267931 0.000372111
79 45.8731 -9.86739 0.926813 -0.0345657 0.000483833
80 46.8213 -9.76367 0.888555 -0.0321167 0.000437859
81 33.2173 -6.98547 0.652324 -0.0235681 0.000328365
82 32.8515 -7.05332 0.639741 -0.0259016 -0.000104402
83 53.7334 -10.9745 0.997371 -0.0366685 0.000507877
84 32.919 -7.14898 0.678221 -0.0246147 0.000338387
85 32.1811 -7.63115 0.756378 -0.0285442 0.000405178
86 37.0787 -8.45367 0.820842 -0.0308818 0.00043507
87 34.9917 -7.61879 0.73577 -0.027475 0.000388503
88 42.7063 -9.02056 0.833644 -0.0302606 0.000414376
89 47.8089 -9.99346 0.923085 -0.0339867 0.000470925
90 47.3453 -10.2367 0.959124 -0.0357969 0.000500456
91 33.7988 -7.43458 0.721556 -0.0269111 0.000378215
92 29.4997 -6.93022 0.688323 -0.0257738 0.000365202
93 38.4996 -8.40215 0.798329 -0.0295478 0.000411031
94 37.0593 -8.48011 0.832608 -0.0318124 0.000457119
95 35.5428 -7.95886 0.776079 -0.0292602 0.00041504
