0 28.7771 -7.56886 0.772971 -0.0268594 0.000355711
1 23.093 -6.30372 0.622138 -0.0186478 0.00019382
2 32.8391 -9.14739 0.985166 -0.0382202 0.00056548
3 27.5295 -8.14985 0.890654 -0.0339385 0.000493478
4 49.1871 -14.1726 1.45938 -0.0570683 0.00083429
5 33.9301 -10.3574 1.13471 -0.0450989 0.000661455
6 34.5273 -10.3251 1.10569 -0.042784 0.000619903
7 26.8805 -7.22929 0.745557 -0.0262963 0.000360771
8 36.7223 -9.2748 0.943758 -0.0346607 0.00048547
9 26.9113 -6.99478 0.701614 -0.0233702 0.000296913
10 26.1901 -7.41914 0.805098 -0.0301979 0.000433268
11 36.1673 -9.68602 1.02514 -0.0396556 0.000582414
12 32.6816 -7.61826 0.72438 -0.02371 0.000296806
13 31.005 -7.59323 0.751676 -0.0261155 0.000351643
14 29.3302 -8.86375 0.993953 -0.0407015 0.000638736
15 29.4383 -8.41549 0.905872 -0.0348194 0.000512418
16 34.3429 -8.80922 0.896225 -0.0327375 0.0004562
17 29.6234 -8.53852 0.925397 -0.0359575 0.000536008
18 25.2071 -6.97339 0.711659 -0.0242191 0.000315235
19 25.418 -7.02263 0.738859 -0.02624 0.000359124
20 26.8788 -7.69576 0.808342 -0.0295118 0.000412764
21 38.3939 -9.19642 0.898834 -0.0316935 0.000421397
22 24.7666 -6.79515 0.680381 -0.0226255 0.000289651
23 26.1981 -7.11586 0.730177 -0.0254421 0.000341087
24 41.3252 -11.5866 1.16105 -0.0431706 0.000607459
25 35.449 -9.16663 0.934948 -0.0344731 0.000483037
26 26.8632 -7.56203 0.808352 -0.0302957 0.00043851
27 26.3165 -7.16977 0.731047 -0.0254905 0.000343149
28 26.3917 -7.11394 0.722439 -0.0247394 0.00032257
29 27.0477 -7.7524 0.819376 -0.0299062 0.000415032
30 73.3701 -19.6234 1.89095 -0.0718908 0.0010188
31 30.5273 -8.1713 0.844579 -0.03075 0.000427794
32 51.8454 -12.837 1.32338 -0.0523599 0.000782217
33 39.8283 -10.3054 1.07679 -0.0412566 0.000594437
34 35.8391 -9.75575 1.06077 -0.0422907 0.000635724
35 37.7696 -9.99217 1.04187 -0.0396237 0.000566614
36 28.611 -7.94841 0.853493 -0.0322563 0.000465801
37 36.1855 -9.1737 0.953873 -0.0358889 0.000509431
38 41.6995 -10.9533 1.15185 -0.0452704 0.00066824
39 32.1193 -9.4758 1.05467 -0.0425607 0.000639176
40 45.5481 -10.6394 1.03669 -0.037513 0.000512791
41 40.1424 -10.3182 1.08075 -0.0423337 0.000623414
42 40.9805 -10.2357 1.05332 -0.040223 0.000581328
43 34.9707 -9.06073 0.931562 -0.0343625 0.000479199
44 28.5463 -8.3073 0.875783 -0.032365 0.000450386
45 44.1571 -11.2067 1.1574 -0.0455333 0.000681072
46 31.1366 -8.2929 0.865173 -0.0319596 0.000446431
47 39.566 -10.1256 1.04132 -0.0398617 0.000575898
48 24.9992 -7.02394 0.71988 -0.024519 0.000314101
49 42.7258 -10.4619 1.0499 -0.0394043 0.000557081
50 29.2774 -8.37938 0.926531 -0.0371749 0.000570726
51 37.5956 -9.27725 0.93483 -0.0346066 0.000488356
52 32.0056 -8.62295 0.916261 -0.0356872 0.000533741
53 35.2503 -9.25151 0.969832 -0.0372178 0.000540236
54 39.1822 -9.48587 0.95321 -0.0355114 0.000500294
55 35.2243 -9.21476 0.977524 -0.0384172 0.000577486
56 36.6951 -9.43286 0.96049 -0.0358534 0.000504357
57 31.9711 -8.15241 0.82064 -0.0290957 0.000390896
58 31.92 -8.7229 0.934182 -0.0364999 0.000544857
59 37.1203 -9.72447 1.03367 -0.0409809 0.000617264
60 31.1319 -8.53233 0.939718 -0.038266 0.000600416
61 27.9823 -8.22218 0.886911 -0.0340265 0.000494274
62 29.2834 -8.07654 0.851441 -0.031942 0.000457285
63 32.4651 -8.91919 0.96441 -0.0383226 0.000580364
64 83.8127 -22.0161 2.06581 -0.0776748 0.00109612
65 36.5657 -11.4319 1.29427 -0.0545631 0.000862511
66 30.7765 -9.37477 1.02757 -0.0403084 0.000599422
67 62.3274 -16.5803 1.58651 -0.0582597 0.000793275
68 15.8687 -4.77909 0.529235 -0.0176394 0.000231274
69 52.3349 -14.0579 1.35203 -0.0490974 0.000669996
70 32.1311 -9.84359 1.09827 -0.044571 0.000686512
71 13.4328 -4.38265 0.511399 -0.01779 0.000244245
72 36.3117 -10.3879 1.05808 -0.0388482 0.000534912
73 29.9438 -8.04723 0.780351 -0.0257996 0.000322582
74 30.6892 -8.92063 0.92526 -0.0338006 0.000468212
75 24.7642 -6.82443 0.679567 -0.0217831 0.000260803
76 78.5994 -20.6119 1.92057 -0.0705878 0.000972239
77 45.8987 -12.6734 1.2698 -0.0478096 0.000675533
78 54.5886 -15.0769 1.51981 -0.0595293 0.000883522
79 80.0857 -21.5075 2.06899 -0.0794254 0.00114566
80 44.605 -11.9417 1.12962 -0.0392389 0.000509524
81 55.0448 -14.8525 1.44513 -0.0539702 0.00075954
82 59.8113 -16.1783 1.56012 -0.0580927 0.00081131
83 54.7841 -14.4814 1.37674 -0.0498015 0.000678557
84 78.5457 -19.8824 1.77671 -0.0620305 0.000804124
85 41.6479 -12.0897 1.25659 -0.0487259 0.000710776
86 53.0317 -15.0896 1.53503 -0.0597246 0.000864443
87 41.7732 -11.9423 1.21548 -0.0456964 0.000642628
88 69.4727 -18.7587 1.80015 -0.067678 0.000952838
89 26.4636 -6.79931 0.668084 -0.0211291 0.000249686
90 22.5537 -5.92008 0.569389 -0.0165271 0.000177716
91 86.3996 -21.7553 1.94188 -0.068205 0.000890703
92 83.1915 -22.0376 2.08387 -0.0790873 0.00113073
93 45.4178 -13.2883 1.38029 -0.0537174 0.000778315
94 81.4703 -21.7129 2.04959 -0.0760651 0.00104557
95 61.1457 -16.8433 1.67185 -0.0645981 0.000931946
