0 28.0543 -8.79068 1.00843 -0.0412235 0.00062094
1 26.0338 -7.08212 0.796027 -0.0312395 0.000457215
2 29.4462 -7.90838 0.898099 -0.0367279 0.000559585
3 31.71 -9.87311 1.1205 -0.0463498 0.000702529
4 25.7014 -7.7733 0.882775 -0.0351165 0.000516362
5 32.6356 -9.96075 1.09408 -0.0437182 0.000643049
6 27.9764 -8.50887 0.965882 -0.0389759 0.00058224
7 28.4256 -7.39479 0.807053 -0.0311647 0.000450388
8 31.8261 -7.85749 0.823538 -0.0307052 0.000425666
9 29.7187 -7.96505 0.874691 -0.0344501 0.000506261
10 24.6793 -7.12244 0.819786 -0.0329415 0.000491245
11 22.4493 -6.25931 0.728291 -0.0292539 0.000439763
12 27.5348 -7.90047 0.877131 -0.0343131 0.000501006
13 28.6049 -8.71942 0.974468 -0.0391202 0.00058171
14 28.6145 -8.59363 0.954594 -0.0378648 0.000555971
15 24.7832 -7.41362 0.848818 -0.0341952 0.000512874
16 24.9266 -7.11401 0.806152 -0.0318482 0.0004704
17 33.0757 -10.2 1.1192 -0.0448748 0.000664022
18 22.8407 -6.57929 0.752946 -0.0297878 0.000442186
19 24.0218 -6.55866 0.748305 -0.0296553 0.000440843
20 30.2055 -7.96266 0.868608 -0.0340429 0.000499509
21 22.2493 -6.30602 0.718149 -0.0281338 0.000414664
22 26.0434 -7.92739 0.899771 -0.0360633 0.000536481
23 23.6491 -6.62492 0.753688 -0.0296777 0.000437758
24 29.0064 -7.84068 0.85588 -0.0333526 0.000485917
25 23.1908 -6.98356 0.810255 -0.0325783 0.000489147
26 26.734 -6.79838 0.75006 -0.0290684 0.000422323
27 18.0681 -5.78053 0.692711 -0.0276287 0.000411065
28 32.0733 -8.83404 0.975575 -0.0392027 0.000584983
29 30.5712 -9.22831 0.986316 -0.0380163 0.000543523
30 38.6515 -10.0707 1.09183 -0.0442195 0.000664737
31 21.7212 -7.24331 0.826264 -0.0327754 0.000483979
32 31.4623 -8.17796 0.893372 -0.035209 0.000522513
33 37.0669 -8.48868 0.854187 -0.0314704 0.000440762
34 26.9474 -6.89333 0.739256 -0.0277263 0.000395473
35 35.5042 -8.68094 0.905553 -0.0347101 0.000501707
36 35.0713 -9.14147 0.987575 -0.0391451 0.000580125
37 26.7955 -7.17246 0.789062 -0.0304785 0.000444206
38 27.6422 -7.53501 0.833648 -0.0325043 0.000474851
39 25.8116 -6.77907 0.748231 -0.0289147 0.000423133
40 32.6389 -7.78206 0.799666 -0.0296781 0.000420155
41 24.9405 -6.70648 0.739139 -0.0283395 0.000411157
42 35.6942 -8.62568 0.88761 -0.0333136 0.000469596
43 24.2578 -7.06952 0.80578 -0.0319801 0.000474271
44 25.4119 -7.09692 0.795798 -0.0312581 0.000460567
45 36.1194 -8.68556 0.893352 -0.0339293 0.000487626
46 36.4815 -9.394 0.99331 -0.0386865 0.000561982
47 27.7451 -7.51677 0.824236 -0.0322017 0.000471414
48 35.0532 -8.43813 0.869367 -0.032642 0.000463425
49 44.3425 -10.5205 1.07158 -0.0412077 0.000596647
50 35.7292 -8.80042 0.922667 -0.0356376 0.000519758
51 26.7449 -7.39995 0.815159 -0.0317334 0.000465092
52 28.0454 -7.85272 0.86647 -0.0339331 0.000498789
53 27.7751 -7.44065 0.818326 -0.0319808 0.000469064
54 33.6639 -8.57388 0.922836 -0.0363943 0.000537451
55 27.8448 -7.21299 0.782831 -0.0301407 0.000440245
56 25.8837 -6.81186 0.734692 -0.0276957 0.000395146
57 25.0178 -7.55828 0.860855 -0.0343728 0.000511057
58 30.5855 -8.31654 0.911241 -0.0360562 0.00053538
59 37.2947 -9.41379 1.00126 -0.0396507 0.00058658
60 38.6118 -9.32917 0.958857 -0.0368573 0.000532848
61 28.1394 -7.58295 0.833413 -0.0326127 0.000479679
62 27.9409 -7.45744 0.813648 -0.0313044 0.000451465
63 26.1929 -7.96747 0.916668 -0.0374489 0.000569096
64 47.9351 -10.0397 0.971618 -0.0361684 0.00051227
65 45.3149 -9.99986 0.99435 -0.0376561 0.000538546
66 50.1048 -10.6458 1.03086 -0.0384999 0.000543518
67 59.0227 -12.4903 1.19887 -0.0454352 0.000646636
68 69.7508 -14.001 1.2806 -0.0468396 0.000648081
69 49.0662 -10.8909 1.07311 -0.0405808 0.000579093
70 50.6736 -11.2501 1.1145 -0.0426243 0.000612493
71 52.1491 -11.3059 1.11477 -0.0424865 0.000607539
72 55.1087 -12.2119 1.18873 -0.0451454 0.000644259
73 50.2738 -11.0587 1.08616 -0.0411248 0.00058639
74 44.1032 -9.61899 0.953044 -0.0358556 0.000513084
75 47.1792 -10.3592 1.01511 -0.0380889 0.000539534
76 55.0869 -11.7952 1.1392 -0.042931 0.000610259
77 39.6696 -9.15421 0.931092 -0.0356045 0.000514557
78 41.0699 -8.98124 0.893008 -0.0333233 0.000472715
79 44.6597 -9.96017 0.996433 -0.0381244 0.000550489
80 48.7194 -10.8809 1.0695 -0.0401805 0.000568377
81 49.7849 -10.3068 0.967105 -0.0347545 0.000476072
82 52.3281 -11.4893 1.12877 -0.0432746 0.000623781
83 54.2145 -11.3927 1.09101 -0.040836 0.000577447
84 60.0067 -12.6216 1.19181 -0.0444262 0.000625501
85 46.1898 -9.86219 0.975566 -0.0368864 0.000527536
86 53.527 -11.1802 1.07538 -0.0404138 0.000574642
87 46.1178 -10.1663 1.00551 -0.0380454 0.000542733
88 36.4935 -8.77037 0.930528 -0.0366691 0.000544561
89 54.29 -11.2991 1.07573 -0.0397924 0.000556325
90 55.3214 -11.6155 1.11519 -0.0420079 0.000597431
91 55.7628 -12.016 1.16927 -0.0445944 0.000639024
92 51.0724 -10.7361 1.02676 -0.0379076 0.000528241
93 50.9085 -10.9273 1.06126 -0.0397633 0.000561634
94 57.9502 -12.1316 1.17116 -0.0445604 0.000639914
95 48.2262 -10.3397 1.0162 -0.0381748 0.00053897
