0 30.8643 -6.31146 0.567763 -0.0202327 0.0002742
1 21.402 -4.98243 0.479336 -0.0175101 0.000243168
2 31.4499 -6.35292 0.562679 -0.0197841 0.000264355
3 18.5963 -4.46763 0.436876 -0.0159574 0.000221659
4 20.6222 -5.10322 0.488275 -0.0175934 0.000239622
5 3.03528 -1.21762 0.171655 -0.00654316 9.92068e-05
6 25.3652 -5.66501 0.53027 -0.019178 0.000261359
7 21.6873 -5.07464 0.491095 -0.0180606 0.000250982
8 7.52068 -2.48489 0.281669 -0.0104888 0.000151281
9 29.6812 -6.29856 0.569167 -0.0202439 0.00027252
10 8.58103 -2.51765 0.275098 -0.0100176 0.000141197
11 25.4105 -5.53071 0.511457 -0.0183102 0.000247873
12 30.6676 -6.78334 0.62227 -0.0224259 0.000302766
13 27.8094 -6.26542 0.578838 -0.0207937 0.000280295
14 19.7921 -4.90741 0.47974 -0.0176194 0.000243788
15 30.5701 -6.6607 0.610579 -0.0220825 0.0003007
16 21.1451 -5.21104 0.501735 -0.0182736 0.00025027
17 27.5176 -5.99046 0.548105 -0.0195418 0.000262415
18 21.6865 -5.22114 0.498501 -0.0179915 0.000244699
19 27.6172 -5.92733 0.547123 -0.0197218 0.000268083
20 34.7285 -7.45021 0.656586 -0.0229889 0.000302513
21 29.7755 -6.56764 0.595915 -0.0212338 0.000285232
22 29.804 -6.59071 0.602441 -0.0215321 0.000288759
23 23.2617 -5.40887 0.514079 -0.0187251 0.00025718
24 5.05439 -1.9411 0.245166 -0.00947644 0.000140108
25 31.7785 -6.98919 0.638732 -0.0230229 0.000311291
26 24.0596 -5.77854 0.552799 -0.0202068 0.000277023
27 28.1747 -6.4631 0.599752 -0.0216611 0.000293058
28 13.2284 -3.73759 0.380871 -0.0138668 0.000192539
29 12.3497 -3.5739 0.378916 -0.014183 0.000201083
30 -1.57578 -0.420332 0.119788 -0.00507963 8.29178e-05
31 15.0226 -4.26602 0.427064 -0.015624 0.000216362
32 48.3102 -9.25111 0.794739 -0.0282023 0.000379549
33 37.6174 -7.68897 0.688716 -0.0249663 0.000342846
34 42.5337 -8.51872 0.746254 -0.0266736 0.000359868
35 46.6647 -9.28607 0.813398 -0.0293615 0.000398917
36 47.554 -9.29754 0.807935 -0.0290262 0.000394463
37 43.319 -8.59632 0.757686 -0.0273956 0.000375206
38 43.7804 -8.65553 0.753456 -0.0268654 0.000362912
39 36.111 -7.40449 0.657922 -0.0235283 0.000318137
40 37.1285 -7.61403 0.67904 -0.024381 0.000331536
41 45.1352 -9.0299 0.783574 -0.0278722 0.000374406
42 42.248 -8.47051 0.744334 -0.0266569 0.000360554
43 51.3568 -9.79211 0.831055 -0.0292679 0.000389585
44 47.5279 -9.20535 0.779891 -0.0272104 0.000359166
45 45.0644 -9.04693 0.789141 -0.0281813 0.000380153
46 47.7867 -9.15501 0.772834 -0.0269439 0.000355697
47 52.6829 -10.2115 0.868595 -0.0306499 0.000407222
48 35.8888 -7.45743 0.657073 -0.0231728 0.000308739
49 48.4159 -9.28064 0.784727 -0.0274071 0.000362087
50 48.4199 -9.54042 0.819728 -0.0289765 0.000386336
51 52.9025 -10.2368 0.87129 -0.0307156 0.000406909
52 37.5567 -7.73138 0.678651 -0.0239582 0.000318692
53 45.5741 -9.05041 0.781134 -0.0276718 0.000369514
54 47.8142 -9.47066 0.814543 -0.0288289 0.000384323
55 42.1651 -8.66261 0.768029 -0.027676 0.000374793
56 52.4802 -10.2281 0.860386 -0.0298987 0.000391895
57 59.2922 -11.2419 0.933517 -0.0323302 0.000421324
58 47.6198 -9.37858 0.804945 -0.0283862 0.000377676
59 48.9387 -9.687 0.831898 -0.0294438 0.000393026
60 45.7104 -8.94507 0.766578 -0.027005 0.000359304
61 54.2417 -10.3351 0.869463 -0.0304035 0.000400836
62 48.1288 -9.61893 0.833733 -0.0297154 0.000399099
63 38.4042 -8.05679 0.714235 -0.0254342 0.000339891
64 56.688 -10.3888 0.86031 -0.0300192 0.000397039
65 60.5558 -10.7212 0.859886 -0.0292046 0.000376532
66 53.6449 -9.80907 0.810278 -0.0280596 0.000367576
67 58.0877 -10.6103 0.882558 -0.0310882 0.000415416
68 57.8041 -10.7123 0.895502 -0.0316234 0.000423337
69 55.1193 -10.0766 0.832814 -0.0289194 0.000380077
70 55.0044 -10.0612 0.830116 -0.0287071 0.000375091
71 61.675 -10.9967 0.901506 -0.0315732 0.000420128
72 52.2584 -9.79726 0.823803 -0.0289775 0.000385833
73 60.4186 -10.8887 0.884334 -0.0303795 0.000395456
74 59.9504 -11.0685 0.916064 -0.0319612 0.000421208
75 61.68 -11.2908 0.931865 -0.0326404 0.000431496
76 64.1008 -11.5702 0.948925 -0.0331951 0.000439417
77 63.0135 -10.9715 0.881495 -0.0303304 0.000397047
78 63.3492 -11.4239 0.928643 -0.0320035 0.000417133
79 60.3995 -10.9627 0.905006 -0.0316851 0.000419653
80 53.4371 -9.99541 0.833053 -0.0290028 0.000381093
81 61.4402 -11.4236 0.946209 -0.0331097 0.000437136
82 59.726 -11.1739 0.934104 -0.0329643 0.000438148
83 62.6344 -11.434 0.940678 -0.0328974 0.00043423
84 64.6322 -11.4468 0.92213 -0.0316918 0.000412052
85 61.3845 -11.4049 0.956493 -0.033924 0.000453073
86 66.724 -11.6837 0.944075 -0.0326461 0.000427491
87 61.969 -11.4894 0.956583 -0.0337485 0.000448869
88 65.5168 -12.1939 1.01327 -0.0356365 0.000470953
89 52.8081 -10.0124 0.843714 -0.0296221 0.000391602
90 59.7766 -11.1172 0.930277 -0.0328417 0.000436112
91 63.0042 -11.7962 0.9857 -0.0348341 0.0004627
92 67.6736 -12.6844 1.06577 -0.0380983 0.000512672
93 54.3737 -10.2442 0.862849 -0.0304623 0.000405679
94 60.98 -11.4839 0.970588 -0.0347123 0.000466608
95 67.1745 -12.5505 1.05836 -0.0380947 0.000515172
