0 19.0623 -5.98507 0.654713 -0.024979 0.000363019
1 22.6473 -6.84352 0.796213 -0.0327678 0.000497885
2 25.8126 -7.97872 0.882617 -0.0353568 0.00052661
3 17.3304 -5.57447 0.635497 -0.0246709 0.000359823
4 27.9631 -8.48159 0.953555 -0.0389926 0.000587845
5 25.7918 -7.89688 0.865756 -0.0342943 0.000504219
6 6.61743 -3.20961 0.467169 -0.0200158 0.000320432
7 28.1784 -8.48155 0.943948 -0.0383916 0.000573905
8 12.7984 -4.74827 0.586655 -0.0235636 0.000356076
9 22.9201 -6.36691 0.736702 -0.0301209 0.000461163
10 26.9389 -8.0012 0.878765 -0.0347753 0.000508952
11 21.9216 -6.81783 0.770252 -0.0307622 0.000456475
12 20.9266 -6.32837 0.727069 -0.0292945 0.000436807
13 24.7225 -6.95185 0.795575 -0.0326457 0.000496717
14 27.5711 -8.10082 0.878707 -0.0344591 0.000500087
15 25.0053 -7.45187 0.837778 -0.0338816 0.000506182
16 21.4835 -5.94237 0.696947 -0.0288332 0.000447055
17 26.2658 -7.67207 0.870412 -0.0354657 0.00053257
18 51.5135 -14.0043 1.3453 -0.050317 0.000698469
19 22.2457 -6.94807 0.75713 -0.0292083 0.000423145
20 23.6401 -7.16815 0.847546 -0.0359668 0.000563184
21 23.7725 -7.44602 0.81285 -0.0319073 0.000466865
22 37.7195 -10.9877 1.14631 -0.045068 0.000653887
23 24.7524 -7.43486 0.839419 -0.0339629 0.000508045
24 35.5052 -10.4309 1.05785 -0.0402847 0.00057038
25 18.3559 -6.00913 0.686879 -0.0270613 0.000398934
26 27.4112 -8.31002 0.934919 -0.0381334 0.000572564
27 25.79 -7.81003 0.890163 -0.0366243 0.000553933
28 9.46355 -3.86329 0.521017 -0.021892 0.000341259
29 32.2842 -9.62862 1.03597 -0.041203 0.000603922
30 28.7757 -8.79322 0.989588 -0.0407246 0.000614613
31 33.6221 -9.84281 1.04367 -0.0412835 0.000602397
32 45.15 -12.2205 1.15882 -0.0426352 0.000588897
33 82.1553 -18.9414 1.56702 -0.0528591 0.000672796
34 61.3696 -15.2905 1.35514 -0.0478703 0.000635212
35 11.9257 -4.83538 0.548726 -0.0207851 0.00029869
36 229.322 -51.5473 4.22838 -0.147084 0.00189575
37 23.8206 -6.77462 0.652686 -0.0228542 0.000310649
38 62.1502 -15.9921 1.44441 -0.0519533 0.000699753
39 16.9706 -5.62468 0.60979 -0.0228483 0.000322855
40 76.4465 -18.2779 1.55772 -0.0537058 0.000695316
41 87.4663 -21.1419 1.82379 -0.0640867 0.00084128
42 82.2896 -19.5645 1.66834 -0.0578677 0.000751268
43 44.414 -11.9639 1.12048 -0.0405171 0.000548602
44 97.105 -23.0147 1.97313 -0.0693732 0.000906769
45 93.5294 -22.4234 1.93291 -0.0681725 0.000893964
46 -0.163379 -2.27288 0.355832 -0.0144638 0.000224232
47 117.614 -26.7506 2.20122 -0.0750291 0.000953386
48 57.5405 -14.7905 1.35515 -0.0489873 0.000658568
49 97.0964 -22.6477 1.90152 -0.0655729 0.000846005
50 28.1886 -8.50582 0.883005 -0.0337573 0.000478834
51 32.2282 -9.21428 0.930057 -0.0350722 0.000491239
52 43.7819 -12.0846 1.17673 -0.0443682 0.000622793
53 58.9962 -15.3964 1.4106 -0.0513373 0.000695274
54 160.453 -37.3601 3.15303 -0.111029 0.00144205
55 159.346 -37.5668 3.20977 -0.114401 0.00150368
56 94.0264 -23.5127 2.11046 -0.0773274 0.00104596
57 27.9932 -8.73263 0.875414 -0.0324032 0.000448131
58 62.8168 -16.0108 1.43952 -0.051543 0.000688559
59 150.566 -35.6187 3.03404 -0.107537 0.00140598
60 80.4118 -20.4806 1.85576 -0.0678911 0.000917481
61 168.316 -38.7977 3.2508 -0.114242 0.00148543
62 25.7956 -8.10916 0.827328 -0.0307394 0.000425918
63 106.278 -25.358 2.16593 -0.0760166 0.000989552
64 47.4987 -10.8677 1.07485 -0.0421404 0.000617342
65 42.1008 -9.56415 0.948148 -0.0367857 0.000533878
66 48.4194 -10.7595 1.06218 -0.0418759 0.000614545
67 45.4744 -10.4191 1.02499 -0.0396081 0.00056827
68 34.9282 -8.71932 0.90942 -0.0362919 0.000537009
69 51.944 -11.3422 1.08751 -0.0417387 0.000598278
70 44.736 -9.82487 0.943979 -0.035569 0.000501691
71 52.2472 -11.1508 1.05065 -0.0395375 0.000555926
72 48.3355 -10.5365 1.0059 -0.0380475 0.000538603
73 47.7146 -10.6619 1.04094 -0.0402237 0.000580532
74 41.907 -9.40044 0.923668 -0.0355084 0.00051153
75 38.0931 -8.75734 0.854775 -0.0320945 0.000451546
76 40.3961 -9.25632 0.914083 -0.0349737 0.000499647
77 39.1321 -8.93552 0.87171 -0.0328316 0.000461404
78 48.1192 -10.3238 0.964949 -0.0355538 0.000490972
79 47.9798 -10.5324 1.00511 -0.0378863 0.000532149
80 50.2427 -11.0642 1.05676 -0.0400096 0.000564632
81 36.1294 -8.65965 0.86516 -0.0330421 0.000471057
82 49.1307 -10.5989 0.999087 -0.0374059 0.000524792
83 55.6546 -11.9106 1.11565 -0.0419668 0.000589194
84 52.8245 -12.1666 1.10104 -0.0408091 0.0012339
85 43.3389 -9.5004 0.92167 -0.0348986 0.000492193
86 50.7711 -11.0142 1.03607 -0.0386961 0.000539763
87 41.6167 -9.56109 0.93041 -0.0349876 0.000489976
88 45.9271 -10.4197 1.01317 -0.0387436 0.00055177
89 41.622 -9.75711 0.97489 -0.0376082 0.000537404
90 44.8741 -10.3975 1.01359 -0.0386165 0.000547495
91 43.7602 -9.71961 0.938949 -0.0353238 0.000494115
92 35.045 -8.45097 0.856405 -0.0327906 0.000465653
93 45.4573 -10.6278 1.04635 -0.0403501 0.000576522
94 48.7945 -10.6442 1.02164 -0.0387352 0.000548191
95 54.4668 -11.8888 1.132 -0.0430743 0.00060955
