0 44.312 -8.82542 0.774195 -0.0278214 0.000378139
1 42.9053 -8.31238 0.718945 -0.0255459 0.000344549
2 48.2064 -8.94349 0.754358 -0.0264789 0.000352805
3 46.749 -9.14492 0.794612 -0.0285232 0.000387743
4 36.9914 -7.48293 0.658254 -0.0233713 0.000315544
5 44.9428 -8.69646 0.745032 -0.0262709 0.00035196
6 35.614 -7.39446 0.657447 -0.0233983 0.000315516
7 37.024 -7.34623 0.634868 -0.0221661 0.000293848
8 44.5141 -8.6146 0.737667 -0.025993 0.000347323
9 38.4436 -7.76479 0.680458 -0.0241743 0.00032603
10 40.262 -8.06047 0.704812 -0.0250599 0.000337423
11 43.3216 -8.52111 0.736396 -0.0260199 0.000346743
12 41.1755 -7.94551 0.67454 -0.0233994 0.000308261
13 41.6553 -8.2805 0.716773 -0.0253518 0.000339277
14 52.3949 -10.0785 0.854317 -0.0301781 0.000403309
15 37.4341 -7.48961 0.653961 -0.0230109 0.000306472
16 43.9826 -8.7098 0.74997 -0.0264092 0.000351683
17 44.7867 -8.75279 0.749796 -0.0263705 0.000350179
18 53.9995 -10.0717 0.83279 -0.0286708 0.00037251
19 36.2837 -7.27176 0.637574 -0.0225533 0.000302227
20 43.0406 -8.70666 0.753727 -0.026533 0.000350665
21 43.6281 -8.83489 0.771023 -0.0274759 0.000369468
22 47.4218 -9.21736 0.784248 -0.0275122 0.000364506
23 41.9287 -8.41993 0.731622 -0.0258471 0.000343891
24 37.3771 -7.77549 0.689053 -0.0245647 0.000330894
25 43.5204 -8.66164 0.747355 -0.0263581 0.000350319
26 44.603 -9.05866 0.793816 -0.0284289 0.000383666
27 46.7469 -9.20311 0.786201 -0.0276036 0.000364972
28 34.0911 -7.34292 0.665203 -0.024056 0.000328732
29 42.6676 -8.46828 0.736913 -0.0262425 0.00035284
30 43.4166 -8.73551 0.76313 -0.0271908 0.000365551
31 43.9963 -8.89838 0.772925 -0.0274083 0.000366145
32 53.909 -10.1111 0.857365 -0.0305309 0.000411027
33 44.2534 -8.17307 0.69462 -0.0246794 0.000336168
34 39.1725 -7.58329 0.667105 -0.0241308 0.000331884
35 53.9135 -10.1732 0.86031 -0.0305391 0.000409085
36 40.2796 -7.95149 0.69622 -0.024982 0.000339852
37 49.1137 -9.02449 0.762365 -0.0271431 0.000370317
38 61.0471 -11.1734 0.934907 -0.0333025 0.000449129
39 54.7885 -10.1193 0.844081 -0.0296063 0.000392694
40 55.4439 -10.3523 0.869439 -0.0307047 0.000410557
41 45.5504 -8.5866 0.733805 -0.0261179 0.000353384
42 44.6131 -8.39191 0.712129 -0.0250684 0.000335932
43 47.798 -9.07039 0.775248 -0.0276327 0.000372578
44 57.0505 -10.8239 0.919198 -0.0328401 0.000442398
45 53.8346 -10.2086 0.859829 -0.0303635 0.000405413
46 54.4457 -10.3929 0.87754 -0.0310076 0.000413414
47 46.3125 -8.84616 0.756569 -0.0268516 0.000361263
48 52.3625 -9.88181 0.832817 -0.0293675 0.000391566
49 63.4224 -11.655 0.963639 -0.0338417 0.000448809
50 44.754 -8.74598 0.755902 -0.0269582 0.000362953
51 59.1125 -11.0625 0.920792 -0.0323487 0.000428394
52 58.6356 -11.0556 0.925349 -0.0325562 0.000431894
53 52.9829 -10.04 0.847092 -0.0300339 0.000401647
54 69.6637 -12.9378 1.06821 -0.0375091 0.000496124
55 52.6494 -9.98931 0.845034 -0.0298671 0.000398057
56 59.9504 -11.1921 0.925653 -0.0322484 0.000423503
57 49.5415 -9.57495 0.820187 -0.0292156 0.000392296
58 42.5585 -8.3801 0.724659 -0.0256281 0.000341869
59 46.4086 -9.28904 0.808335 -0.0290039 0.000391286
60 48.0265 -9.46033 0.813116 -0.0289502 0.000388356
61 47.2349 -9.23463 0.790694 -0.0280342 0.000374455
62 52.5956 -10.2104 0.878129 -0.0315043 0.000425352
63 57.5243 -11.119 0.943409 -0.0335969 0.000449251
64 19.4983 -4.9186 0.481779 -0.0176463 0.000245133
65 24.6466 -5.29428 0.489652 -0.0175798 0.000242493
66 20.2529 -5.22341 0.520938 -0.0195049 0.000274271
67 19.7177 -4.96967 0.486483 -0.017886 0.000248245
68 25.1068 -5.90453 0.564304 -0.0207772 0.000289118
69 18.5894 -4.67144 0.457364 -0.0167152 0.000231736
70 23.9547 -5.545 0.528777 -0.0193623 0.000268027
71 19.548 -4.92752 0.464584 -0.0164797 0.000223734
72 25.1657 -5.6676 0.52992 -0.01909 0.000260167
73 20.0747 -4.97375 0.489842 -0.018106 0.000253167
74 26.6907 -5.84263 0.544291 -0.0197194 0.000272168
75 11.0788 -3.02626 0.310764 -0.011092 0.000153874
76 21.4055 -5.42185 0.530651 -0.0195147 0.000268906
77 20.9454 -5.13701 0.494739 -0.017986 0.000246135
78 21.3484 -5.28982 0.511824 -0.0186595 0.000255639
79 28.643 -6.21376 0.566918 -0.0201933 0.000271232
80 26.8638 -6.19155 0.576418 -0.0207479 0.000281205
81 32.6893 -7.19988 0.653939 -0.0234306 0.000314549
82 30.8079 -6.83238 0.627208 -0.0227449 0.000310955
83 27.8622 -6.43827 0.603753 -0.0220344 0.000302344
84 30.2563 -6.5843 0.596152 -0.02116 0.000283049
85 24.8488 -6.22332 0.571171 -0.0200964 0.000266534
86 25.9498 -6.10327 0.58058 -0.0213295 0.000294432
87 27.0982 -6.26996 0.592829 -0.0216825 0.000297141
88 24.6179 -5.92549 0.56698 -0.0207372 0.00028509
89 22.8884 -5.45868 0.527955 -0.0193368 0.000266384
90 27.2282 -6.22836 0.584446 -0.0211969 0.000288874
91 21.8507 -5.56952 0.549834 -0.0204821 0.000284503
92 21.5882 -5.58688 0.554078 -0.0207385 0.000289649
93 28.569 -6.52225 0.612424 -0.0223843 0.000306334
94 33.0472 -7.31523 0.670316 -0.0243091 0.000329609
95 18.1067 -4.91688 0.502012 -0.0190024 0.000268795
