0 23.0573 -5.79296 0.543798 -0.0193823 0.00026034
1 18.0077 -4.21722 0.411701 -0.0148175 0.000202864
2 22.4696 -5.6675 0.548503 -0.020062 0.000274628
3 27.1987 -6.7755 0.629909 -0.0226275 0.000303386
4 20.0676 -4.65089 0.443212 -0.0158286 0.000215014
5 20.9619 -5.17823 0.495652 -0.0178154 0.000241882
6 24.1291 -6.03136 0.575971 -0.0210159 0.000287962
7 17.6582 -3.88894 0.367546 -0.0128139 0.000171788
8 23.9019 -5.93814 0.552001 -0.0195443 0.000259959
9 26.1216 -6.42811 0.597987 -0.0213438 0.000284221
10 29.5392 -7.16842 0.648325 -0.0227685 0.000299092
11 22.9827 -4.76566 0.435443 -0.0152466 0.000204035
12 19.2449 -4.51563 0.435882 -0.0156491 0.000213911
13 25.5273 -6.23463 0.575795 -0.0203378 0.000268338
14 24.7299 -6.06694 0.56533 -0.0201142 0.00026723
15 32.7861 -7.97118 0.718514 -0.0254266 0.000335001
16 24.3772 -6.02513 0.561996 -0.0199924 0.000266392
17 28.8154 -5.79709 0.510842 -0.0176521 0.000232124
18 28.7421 -6.97638 0.627094 -0.0218561 0.000285517
19 19.8087 -4.44668 0.416921 -0.0146159 0.000195539
20 25.4684 -6.27408 0.574349 -0.0201339 0.000264319
21 24.2578 -5.28421 0.484664 -0.0169845 0.000225211
22 35.2369 -8.31462 0.720252 -0.0246224 0.00031505
23 21.3032 -5.19623 0.485722 -0.01706 0.000225824
24 25.0373 -6.23205 0.585555 -0.0209998 0.000281814
25 24.771 -5.36117 0.494173 -0.0174959 0.000235112
26 22.9536 -5.745 0.545184 -0.0195869 0.000263594
27 36.7904 -8.85879 0.781977 -0.0271851 0.000350843
28 22.0166 -5.74413 0.552409 -0.0200502 0.000272308
29 24.4518 -5.429 0.499418 -0.0175747 0.000234006
30 24.4441 -6.08838 0.571082 -0.0204225 0.00027202
31 36.512 -8.7441 0.768652 -0.0267136 0.000344813
32 47.5786 -9.25009 0.807098 -0.0288667 0.000389629
33 50.9694 -9.37691 0.789758 -0.0276239 0.000366495
34 44.859 -8.56235 0.741436 -0.0263386 0.000354882
35 58.972 -10.8489 0.903876 -0.0315847 0.000416802
36 51.3723 -9.49412 0.79256 -0.0273854 0.000357303
37 56.6647 -10.3177 0.861876 -0.0301309 0.000398165
38 48.8367 -9.13188 0.782533 -0.0277359 0.000373009
39 56.7315 -10.2919 0.849743 -0.0293474 0.000382689
40 52.0554 -9.75594 0.814931 -0.0281947 0.000368745
41 53.9907 -9.88029 0.824236 -0.0286176 0.00037548
42 55.1841 -10.1107 0.844881 -0.029469 0.000387926
43 48.5021 -9.10218 0.775403 -0.0272311 0.000360759
44 47.5294 -9.179 0.786604 -0.0276033 0.000364336
45 49.2539 -9.22002 0.780384 -0.0272042 0.000358956
46 66.3513 -11.7352 0.950379 -0.0325059 0.00041984
47 48.1651 -9.04424 0.764542 -0.0266095 0.000349493
48 63.9243 -12.0073 1.00896 -0.0355884 0.000472967
49 48.3288 -9.01425 0.76364 -0.026738 0.000355929
50 51.3812 -9.88339 0.853919 -0.0304595 0.00040917
51 52.0168 -9.71666 0.816993 -0.0284934 0.00037581
52 50.9253 -9.87733 0.83754 -0.0292625 0.000386387
53 55.1879 -10.1803 0.848316 -0.0294599 0.000386834
54 42.1457 -8.08173 0.690167 -0.0239473 0.000314734
55 45.3992 -8.54213 0.715255 -0.0245366 0.000319858
56 61.07 -11.3293 0.933565 -0.0321728 0.000418537
57 58.4537 -10.8792 0.908823 -0.0317386 0.000417852
58 42.2296 -8.32022 0.722318 -0.0253835 0.000337092
59 55.3168 -10.2487 0.847247 -0.0290833 0.000376403
60 44.9083 -8.95109 0.773882 -0.0272248 0.00035938
61 40.3491 -7.95993 0.677107 -0.0232108 0.000301471
62 58.6966 -11.1151 0.93044 -0.0323207 0.000420914
63 50.9785 -9.65531 0.807716 -0.0279215 0.000364088
64 15.9705 -3.75119 0.348817 -0.0117642 0.000156698
65 19.1991 -4.67175 0.441499 -0.015537 0.000208731
66 15.1515 -3.50241 0.34117 -0.0119665 0.000162933
67 27.91 -5.59354 0.496373 -0.0172689 0.000230373
68 27.3966 -5.74402 0.512461 -0.0177377 0.000234662
69 16.0034 -3.40893 0.322894 -0.01119 0.000151343
70 21.0828 -5.03324 0.466364 -0.0162373 0.00021588
71 17.7853 -4.08325 0.393344 -0.0139119 0.000188636
72 20.9947 -4.74344 0.436938 -0.0150875 0.000198868
73 19.0196 -4.19785 0.391161 -0.013527 0.000180274
74 20.8139 -4.40749 0.407139 -0.0141949 0.000190372
75 20.8658 -4.42944 0.410449 -0.0144245 0.000196028
76 28.3227 -5.68014 0.500735 -0.0172716 0.000227302
77 24.2732 -4.95492 0.4433 -0.0153425 0.000203357
78 26.762 -5.4035 0.479824 -0.0166074 0.00021918
79 20.0121 -4.41658 0.416635 -0.0147928 0.000200958
80 42.4507 -9.88306 0.839667 -0.0285363 0.000362487
81 22.8073 -4.72843 0.424901 -0.0145765 0.000191964
82 22.1518 -4.85892 0.447494 -0.0156529 0.000208605
83 20.4907 -5.014 0.470021 -0.0164629 0.000217675
84 29.8406 -7.13671 0.629991 -0.0216311 0.000278621
85 22.361 -4.92134 0.453966 -0.0158588 0.000210495
86 21.4865 -5.2906 0.499737 -0.0177165 0.000235424
87 23.0764 -4.84381 0.44049 -0.0152924 0.000202896
88 20.9475 -5.09786 0.468237 -0.0161166 0.00021076
89 19.6138 -4.72847 0.447137 -0.0157588 0.000210177
90 18.4592 -4.19179 0.386289 -0.0131206 0.000170548
91 18.1035 -4.25176 0.392673 -0.0133234 0.000173251
92 20.3437 -4.57257 0.414055 -0.0140223 0.000181416
93 24.5912 -5.35499 0.486473 -0.0168903 0.000223277
94 21.7187 -5.08166 0.482938 -0.0173673 0.000236993
95 26.4487 -5.75811 0.509279 -0.0173322 0.000223551
