0 121.982 -24.13 1.7155 -0.0514052 0.000578437
1 85.8467 -17.607 1.29933 -0.0400269 0.000464966
2 82.9824 -16.735 1.22061 -0.0372121 0.000430666
3 116.578 -23.3972 1.69514 -0.0518891 0.00059731
4 82.2005 -16.573 1.20276 -0.0363743 0.000416254
5 89.3752 -17.2408 1.20164 -0.0350812 0.000390164
6 86.8068 -17.3992 1.24939 -0.0374149 0.000424386
7 86.0531 -17.4188 1.2774 -0.0391304 0.00045163
8 85.8063 -17.1718 1.22721 -0.0364899 0.00041005
9 89.3669 -17.9958 1.3147 -0.0402902 0.000466799
10 73.5256 -15.174 1.1356 -0.0352413 0.000413269
11 71.253 -14.4545 1.05086 -0.0315337 0.000358377
12 98.5094 -20.0983 1.47852 -0.0456178 0.000529099
13 80.6604 -16.243 1.17207 -0.0352319 0.00040148
14 76.3768 -15.3498 1.10451 -0.0329836 0.000374065
15 81.8846 -16.2642 1.1862 -0.0361654 0.000417495
16 78.6832 -15.9016 1.14829 -0.0344052 0.000390342
17 74.1313 -14.5296 1.01859 -0.0296035 0.000327623
18 78.3391 -15.2711 1.06551 -0.0309365 0.000343905
19 85.8804 -17.4361 1.27361 -0.0387582 0.000444435
20 89.0509 -18.1785 1.34401 -0.0415938 0.000484611
21 105.478 -19.9092 1.33984 -0.0377436 0.000401417
22 82.1776 -16.3415 1.16904 -0.0348324 0.000393054
23 91.4848 -18.0906 1.2851 -0.0381543 0.000428267
24 93.5804 -18.8879 1.38123 -0.0423858 0.000489868
25 85.5719 -17.0606 1.2245 -0.0366688 0.000415195
26 70.4829 -14.6483 1.11 -0.0349162 0.00041432
27 81.2313 -16.42 1.19956 -0.0365478 0.000420039
28 83.3269 -17.1551 1.2666 -0.0388596 0.000447935
29 78.2835 -16.5308 1.26546 -0.0403617 0.000485219
30 86.6475 -17.8388 1.32762 -0.0412842 0.000484154
31 84.8285 -16.7492 1.1931 -0.0356258 0.000404886
32 31.7734 -6.70805 0.616978 -0.0224917 0.000309804
33 34.4405 -7.0221 0.634791 -0.0229659 0.000314694
34 20.1744 -4.76822 0.470475 -0.0174861 0.000247703
35 22.2928 -4.8469 0.460329 -0.0166847 0.00023066
36 31.8648 -6.57263 0.597209 -0.0215546 0.000296065
37 26.6369 -5.88544 0.559207 -0.0206997 0.000289896
38 39.1782 -7.52296 0.662344 -0.0238792 0.000327754
39 27.1394 -5.72991 0.530353 -0.0191244 0.000261936
40 33.8343 -7.04265 0.634595 -0.0227759 0.0003088
41 32.0545 -6.62546 0.597175 -0.0213388 0.000288839
42 37.7213 -7.50969 0.666754 -0.0240342 0.000328602
43 33.9532 -6.83927 0.607701 -0.0215644 0.000288824
44 38.6822 -7.89746 0.698492 -0.0249089 0.000335873
45 31.344 -6.57086 0.603654 -0.0219931 0.000303694
46 33.699 -6.72487 0.593415 -0.0209932 0.000281954
47 28.8925 -6.10961 0.554631 -0.0197133 0.00026479
48 38.4484 -7.99559 0.719127 -0.0261525 0.000357408
49 33.7021 -7.23963 0.659676 -0.0238433 0.000324766
50 37.5563 -7.9659 0.725424 -0.0265175 0.000364568
51 43.5337 -8.97403 0.801339 -0.0292364 0.000400087
52 26.9403 -5.91883 0.555123 -0.0201671 0.000276501
53 37.2363 -7.8252 0.708226 -0.0257624 0.000350999
54 39.8756 -8.17596 0.726086 -0.0260706 0.000351345
55 41.7362 -8.40123 0.743075 -0.0267595 0.000362768
56 32.3678 -7.06652 0.651043 -0.0237563 0.000326453
57 29.24 -6.64467 0.628126 -0.0232098 0.000321839
58 32.2741 -7.02025 0.643346 -0.0232167 0.000314225
59 22.5571 -5.46193 0.533147 -0.0197561 0.000274075
60 26.21 -5.93682 0.560793 -0.020568 0.000283837
61 30.6532 -6.54541 0.598125 -0.0215768 0.000293455
62 32.3304 -6.75808 0.611713 -0.0220155 0.000298891
63 39.7033 -8.097 0.714079 -0.0254951 0.000341766
64 23.0615 -5.14748 0.48727 -0.0176045 0.000241893
65 24.4296 -5.25529 0.490071 -0.017587 0.000240196
66 22.1438 -4.88281 0.461708 -0.016603 0.000227592
67 22.788 -5.17064 0.493741 -0.0179448 0.000247679
68 36.7152 -7.29463 0.640642 -0.0226516 0.000305975
69 21.8502 -5.05279 0.487279 -0.0178115 0.000248076
70 17.7113 -4.40207 0.439663 -0.0161831 0.000226003
71 32.4002 -6.73579 0.609192 -0.0217527 0.000294771
72 13.8071 -3.655 0.371142 -0.0134 0.000186097
73 23.0274 -5.06286 0.475486 -0.0170765 0.000235232
74 21.5289 -4.64071 0.432847 -0.0152574 0.000205623
75 25.9497 -5.74618 0.537907 -0.0193928 0.00026554
76 38.6925 -7.92198 0.705888 -0.0253327 0.000343425
77 24.5643 -5.67881 0.535259 -0.0193783 0.000265495
78 23.9069 -5.29996 0.492722 -0.0175277 0.000236609
79 17.6558 -4.44071 0.439978 -0.0160563 0.000222495
80 31.5049 -6.75852 0.611839 -0.0219403 0.000297413
81 23.6218 -5.67873 0.546203 -0.0199625 0.000274851
82 34.1112 -7.24821 0.654249 -0.0235092 0.000319349
83 27.8552 -6.10982 0.561007 -0.0200564 0.0002717
84 24.2543 -5.76671 0.55353 -0.0203937 0.000281835
85 32.07 -6.82768 0.623461 -0.0225029 0.000305839
86 37.1656 -7.84382 0.707857 -0.0255737 0.000348159
87 21.7877 -5.55365 0.545997 -0.0201907 0.000279128
88 33.1198 -7.2591 0.665891 -0.0240428 0.00032678
89 29.1301 -6.71972 0.6348 -0.0231979 0.000317539
90 26.507 -6.09479 0.577059 -0.0210924 0.00028995
91 24.2085 -5.5755 0.529116 -0.0191561 0.000260678
92 20.131 -5.06063 0.507575 -0.0190611 0.000270081
93 28.2561 -6.39045 0.600384 -0.0219115 0.00029979
94 24.107 -5.66185 0.545869 -0.0201345 0.000279971
95 25.4749 -6.01092 0.577365 -0.0212834 0.000294443
