0 36.2948 -8.34563 0.698361 -0.0230392 0.000288213
1 40.4958 -9.42925 0.802364 -0.0271663 0.000345107
2 43.3634 -9.98478 0.840011 -0.0282533 0.000356602
3 53.5324 -11.2213 0.856214 -0.0265904 0.000314169
4 49.1502 -10.4313 0.799257 -0.0248099 0.000294031
5 39.1904 -9.09087 0.770898 -0.0259044 0.000326455
6 37.3158 -8.6629 0.738569 -0.0248725 0.000314392
7 64.9505 -13.923 1.08313 -0.0346331 0.00041617
8 19.2777 -4.64856 0.440808 -0.0153694 0.000205006
9 24.3595 -5.82766 0.532638 -0.0184882 0.000241862
10 57.2489 -12.2166 0.945632 -0.0299352 0.000359766
11 47.44 -10.4593 0.840046 -0.0272384 0.000334276
12 46.2124 -10.4981 0.867336 -0.0288469 0.000360971
13 27.7087 -6.60673 0.590918 -0.0203342 0.000263337
14 38.013 -8.9511 0.776126 -0.0265893 0.000339407
15 68.9808 -14.1635 1.06047 -0.0328853 0.000386067
16 33.3205 -7.78557 0.662295 -0.0221288 0.000279423
17 43.9829 -10.227 0.864879 -0.0292449 0.000369095
18 40.5922 -9.31104 0.777083 -0.0258214 0.000323075
19 26.3518 -6.40325 0.577163 -0.0198085 0.000255196
20 35.3146 -8.433 0.734517 -0.0252344 0.000325436
21 31.834 -7.52289 0.647751 -0.0218204 0.000277834
22 49.9716 -11.1254 0.89801 -0.0293228 0.00035976
23 40.8493 -9.53094 0.810671 -0.0272902 0.000341089
24 50.5917 -11.5753 0.953288 -0.0316466 0.000392956
25 38.3125 -8.7209 0.717959 -0.0235315 0.000291596
26 58.0953 -12.7389 1.00936 -0.0326383 0.000396953
27 24.5548 -5.95101 0.53897 -0.0185513 0.000239944
28 29.9499 -7.14173 0.612532 -0.0204026 0.00025774
29 41.5262 -9.24188 0.742964 -0.0238745 0.000291371
30 18.2421 -4.36965 0.408885 -0.0140047 0.000183851
31 64.3263 -13.2497 0.993273 -0.0306268 0.000357457
32 34.4545 -8.34381 0.742316 -0.0260008 0.000341095
33 24.872 -6.12202 0.572591 -0.0205094 0.000275551
34 53.9574 -12.2745 1.01662 -0.0343645 0.000435384
35 41.7793 -9.76767 0.838938 -0.0288418 0.000370468
36 41.7333 -9.80916 0.840277 -0.0287605 0.000367464
37 49.6401 -11.5229 0.974544 -0.0332347 0.000421577
38 36.6325 -8.69315 0.761139 -0.026362 0.00034105
39 48.6705 -11.0453 0.915316 -0.0306161 0.000382009
40 42.517 -10.1065 0.876822 -0.0303133 0.000388379
41 41.3792 -9.69639 0.831876 -0.0284982 0.000363593
42 15.902 -3.68846 0.352327 -0.0122233 0.000163278
43 42.994 -10.0555 0.863658 -0.0297721 0.000381834
44 21.3232 -4.86617 0.454228 -0.0159554 0.000212762
45 34.8812 -8.30776 0.730643 -0.0253311 0.000327888
46 45.0884 -10.5926 0.909721 -0.0312514 0.000397684
47 46.6188 -10.9651 0.943211 -0.0326172 0.000418543
48 35.4218 -8.48081 0.747066 -0.0259591 0.000335241
49 30.7605 -7.33193 0.648242 -0.0222925 0.000286499
50 60.4201 -13.1059 1.03108 -0.0333165 0.000404215
51 20.6431 -5.00581 0.463399 -0.0160678 0.000210083
52 27.3942 -6.66618 0.601729 -0.0209736 0.000274088
53 18.3807 -4.41383 0.419428 -0.0146902 0.000194626
54 21.166 -5.12766 0.47627 -0.0166787 0.000220689
55 47.8584 -11.0599 0.929364 -0.0314165 0.000395457
56 19.1895 -4.46272 0.412491 -0.0141981 0.000186888
57 53.3467 -12.3799 1.04352 -0.0356366 0.000451851
58 37.9151 -8.82384 0.746743 -0.0251363 0.000316943
59 51.0362 -11.7368 0.97958 -0.0330839 0.000415509
60 31.1835 -7.49085 0.659809 -0.0226522 0.000290805
61 36.9287 -8.78335 0.762829 -0.0262832 0.000337518
62 18.5709 -4.46835 0.424313 -0.0149345 0.000200167
63 28.8995 -7.08589 0.643582 -0.0226901 0.000298243
64 25.407 -5.2904 0.469781 -0.0161556 0.000213367
65 30.0245 -5.91761 0.514416 -0.0177195 0.000234092
66 35.0568 -7.00254 0.615273 -0.0217876 0.000293859
67 24.3308 -4.99874 0.445027 -0.0153124 0.000202313
68 34.3741 -6.84514 0.587578 -0.0201824 0.000264225
69 40.6643 -7.74481 0.655843 -0.0226729 0.000297161
70 38.7674 -7.47021 0.636015 -0.0219788 0.000287543
71 27.6443 -5.33005 0.460866 -0.0156678 0.000205455
72 24.467 -5.18842 0.465727 -0.0161281 0.000213436
73 31.8231 -6.22787 0.537692 -0.0185006 0.00024206
74 38.7818 -7.49452 0.641283 -0.0223187 0.00029382
75 32.5351 -6.49128 0.56525 -0.0196339 0.000258761
76 29.2168 -6.09243 0.539234 -0.0187442 0.000247054
77 29.9701 -5.92316 0.512708 -0.0175408 0.000228398
78 30.3234 -6.10145 0.535345 -0.0185602 0.00024458
79 41.6421 -8.1564 0.70025 -0.0245467 0.000324143
80 33.0746 -6.60121 0.563459 -0.0191035 0.000245931
81 38.2466 -7.4865 0.627508 -0.021135 0.000269668
82 30.7024 -6.02628 0.515325 -0.0174553 0.000225893
83 40.4072 -7.57523 0.628549 -0.021203 0.000271263
84 36.5742 -7.03452 0.5931 -0.0201623 0.000260392
85 27.4827 -5.66304 0.497796 -0.0170412 0.000221937
86 40.0176 -7.60705 0.640202 -0.0219759 0.00028691
87 30.8532 -6.02099 0.517924 -0.0176943 0.000230924
88 34.8904 -6.9851 0.588971 -0.0196815 0.000249242
89 36.4764 -7.18759 0.612181 -0.0208936 0.000270853
90 32.7259 -6.59713 0.569461 -0.0195358 0.000253899
91 36.4574 -7.05557 0.599836 -0.0205483 0.000267667
92 34.3525 -6.7457 0.572122 -0.019313 0.00024747
93 39.4854 -7.67867 0.653265 -0.0224332 0.000292004
94 35.4057 -7.11626 0.611273 -0.0209765 0.000272523
95 18.9626 -4.41039 0.408163 -0.0140455 0.000184982
