0 21.392 -5.38007 0.494863 -0.0172987 0.000231438
1 32.1438 -7.81921 0.682104 -0.0234971 0.000307277
2 20.2769 -5.3223 0.510468 -0.0185461 0.000255246
3 21.7248 -5.6296 0.512374 -0.0177879 0.000235396
4 25.8975 -6.56684 0.603183 -0.0214075 0.000287531
5 26.6999 -6.57471 0.602038 -0.0214377 0.000288843
6 29.4446 -7.40215 0.665993 -0.0234623 0.000310364
7 13.3087 -3.67716 0.362317 -0.012873 0.000176552
8 25.2407 -6.46362 0.617455 -0.0227088 0.000312417
9 22.6048 -5.70217 0.533224 -0.0189536 0.000253496
10 7.11644 -2.31104 0.255724 -0.00926345 0.000132304
11 21.1635 -5.62575 0.555551 -0.020691 0.000286986
12 189.97 -40.7465 3.19117 -0.106423 0.00130981
13 40.6572 -9.49318 0.797729 -0.0268728 0.000341866
14 20.0752 -5.23065 0.518274 -0.0191897 0.000264625
15 14.1679 -4.13969 0.407146 -0.0145483 0.000198178
16 29.0452 -7.2648 0.645255 -0.0223555 0.000292882
17 43.5895 -10.577 0.931935 -0.0330001 0.000435724
18 134.047 -29.4529 2.36842 -0.0807675 0.00102154
19 7.27409 -2.70828 0.291849 -0.0105073 0.000147316
20 157.995 -34.2885 2.72819 -0.0920124 0.00114549
21 85.4828 -18.0428 1.384 -0.0444947 0.000538122
22 9.58365 -3.24353 0.376453 -0.0149768 0.000221356
23 21.0372 -5.73118 0.560505 -0.0207541 0.000286814
24 -1.39447 -0.666262 0.14516 -0.00607501 9.75279e-05
25 23.4696 -5.97148 0.587343 -0.0220134 0.000306724
26 41.7679 -9.7008 0.801436 -0.0266524 0.000335558
27 17.8084 -4.89486 0.476747 -0.0173728 0.000239003
28 10.0949 -3.38942 0.380007 -0.0145606 0.000207546
29 42.0768 -9.7622 0.816485 -0.0274282 0.000345804
30 14.7471 -4.38489 0.456963 -0.0173061 0.000244667
31 16.8425 -4.86999 0.497568 -0.018693 0.000260701
32 21.086 -5.47112 0.549073 -0.0207393 0.000292953
33 25.5998 -5.99913 0.581358 -0.0218521 0.00030809
34 18.719 -4.9015 0.487282 -0.0181468 0.000256005
35 20.693 -5.18042 0.511341 -0.0189249 0.00026279
36 34.4584 -7.18536 0.650627 -0.0236149 0.000323829
37 18.4509 -4.94877 0.494234 -0.018479 0.000261459
38 22.1916 -5.30648 0.525176 -0.0197395 0.000279238
39 22.4834 -5.45062 0.529029 -0.019558 0.000271158
40 25.6465 -6.01404 0.580093 -0.0217064 0.000306223
41 25.0642 -5.74838 0.547523 -0.0201349 0.000278559
42 27.3989 -6.07074 0.574163 -0.0212589 0.000297736
43 29.3766 -6.43823 0.60333 -0.022295 0.000310964
44 32.5503 -7.03807 0.650094 -0.0239375 0.000331783
45 10.8187 -3.34725 0.366187 -0.0139425 0.000200741
46 21.6434 -5.53039 0.54428 -0.0202663 0.000281512
47 17.5632 -4.80071 0.489961 -0.0185267 0.000262352
48 25.7026 -6.1045 0.58474 -0.0216391 0.000300568
49 24.1744 -5.84726 0.570232 -0.021402 0.000301058
50 28.2888 -6.57791 0.62543 -0.0232609 0.000323659
51 27.9876 -6.5168 0.624175 -0.0233816 0.000328164
52 28.1581 -6.39906 0.597369 -0.0217348 0.000296681
53 25.6157 -5.84746 0.554687 -0.0203523 0.000281159
54 34.8231 -7.55003 0.683682 -0.0246722 0.000334169
55 17.017 -4.7073 0.4843 -0.0183523 0.000259755
56 25.07 -5.84656 0.554038 -0.0202232 0.000277253
57 23.5971 -6.33251 0.61794 -0.0230789 0.000321844
58 25.184 -6.75211 0.670235 -0.0254948 0.000358134
59 24.4794 -6.02927 0.589695 -0.0221168 0.000308783
60 32.3128 -7.38854 0.677283 -0.0244069 0.000327693
61 23.3968 -6.10972 0.604573 -0.0228749 0.00032167
62 24.2994 -6.38466 0.628119 -0.0235765 0.000327109
63 25.6961 -6.33284 0.612996 -0.0229197 0.000319149
64 24.6693 -6.28944 0.599441 -0.0218968 0.000298846
65 34.5297 -7.16912 0.646611 -0.0233961 0.000319181
66 37.9541 -7.84218 0.704805 -0.0256558 0.000350709
67 38.572 -7.91597 0.702025 -0.0251557 0.000338648
68 24.2383 -5.52606 0.524787 -0.0192302 0.000265724
69 23.7394 -5.48635 0.51469 -0.0184485 0.000248887
70 21.863 -5.14904 0.499292 -0.0183784 0.000255014
71 20.3131 -5.16363 0.517987 -0.0195759 0.000276025
72 32.1245 -6.88488 0.626758 -0.0226885 0.000308474
73 16.4848 -3.29984 0.28826 -0.00893627 0.000110032
74 29.3308 -6.32471 0.584915 -0.0213919 0.000294777
75 28.1403 -6.12516 0.566733 -0.02061 0.000282363
76 26.8329 -5.8451 0.540958 -0.0194922 0.000264548
77 33.2819 -6.93316 0.61673 -0.0218632 0.000292151
78 17.9411 -4.45733 0.435073 -0.0157496 0.000214856
79 31.3023 -6.75283 0.617762 -0.0224295 0.000305512
80 28.527 -6.17925 0.566206 -0.0203484 0.00027518
81 30.4863 -6.81774 0.628138 -0.0227953 0.000309179
82 22.238 -5.29142 0.509425 -0.0187059 0.000257785
83 26.6346 -6.04144 0.570633 -0.0210115 0.000288627
84 31.395 -6.90759 0.628747 -0.0225588 0.000302059
85 32.2983 -7.23581 0.674055 -0.024849 0.000341345
86 37.527 -7.82356 0.702775 -0.0254616 0.000345021
87 26.2891 -6.08623 0.583185 -0.0217074 0.000301767
88 30.6228 -6.83384 0.633801 -0.0231252 0.000315344
89 35.3274 -7.35375 0.669654 -0.0245784 0.00033981
90 30.1059 -6.46595 0.595542 -0.0216416 0.000294855
91 27.4807 -6.32683 0.598341 -0.0219795 0.000300123
92 25.9329 -6.03176 0.575143 -0.0213024 0.00029438
93 25.967 -6.25462 0.606362 -0.0226903 0.000315847
94 20.6319 -5.20648 0.514722 -0.0191094 0.000263712
95 35.5533 -7.63613 0.698472 -0.0256403 0.000350861
