0 192.269 -48.1119 4.76115 -0.17236 0.00223488
1 158.206 -37.5804 3.63167 -0.120243 0.00134431
2 194.762 -52.3104 5.74231 -0.242974 0.00383966
3 185.785 -48.3024 5.14266 -0.205278 0.00301378
4 115.533 -22.8419 1.85093 -0.0303836 -0.000258327
5 153.188 -35.663 3.39775 -0.10868 0.0011481
6 158.999 -38.8482 3.87792 -0.13673 0.00172097
7 138.944 -30.2025 2.65903 -0.0691491 0.000419572
8 189.686 -49.4346 5.16349 -0.201074 0.00285465
9 129.568 -26.3225 2.19329 -0.0453342 -1.73112e-05
10 189.597 -49.0636 5.15464 -0.204418 0.00298775
11 335.39 -93.0601 9.83433 -0.417526 0.00653114
12 179.143 -45.056 4.61703 -0.176901 0.00250302
13 117.716 -23.1393 1.83468 -0.0294319 -0.000265732
14 272.376 -76.8107 8.46761 -0.374421 0.00614901
15 405.118 -115.608 12.4654 -0.549728 0.00892418
16 260.006 -71.4476 7.66492 -0.325241 0.00510308
17 223.304 -60.1602 6.50958 -0.274846 0.00430965
18 184.97 -45.6349 4.52374 -0.164305 0.00215043
19 217.315 -55.4074 5.56344 -0.210013 0.00286094
20 245.687 -67.8558 7.40646 -0.320488 0.00515653
21 244.73 -66.5963 7.12754 -0.299405 0.00465012
22 409.426 -109.036 10.866 -0.435404 0.00636462
23 201.818 -49.9174 4.94014 -0.180495 0.00235253
24 210.518 -53.3911 5.36348 -0.2016 0.00273106
25 265.653 -74.2979 8.11753 -0.35228 0.00565646
26 350.561 -96.3178 10.0553 -0.421543 0.00647684
27 238.516 -61.6391 6.21795 -0.241612 0.00343467
28 370.513 -99.0562 9.98817 -0.402496 0.00591331
29 345.607 -94.8322 9.90274 -0.413518 0.00631387
30 210.681 -54.9229 5.71183 -0.225998 0.00326395
31 327.398 -88.8694 9.19725 -0.37899 0.00570509
32 524.993 -151.936 16.1625 -0.704621 0.0112415
33 274.393 -74.1018 7.50079 -0.290854 0.00405672
34 424.507 -122.422 13.081 -0.566566 0.00898331
35 374.805 -106.907 11.3397 -0.483804 0.0075627
36 333.608 -91.5642 9.31562 -0.373977 0.00546016
37 333.763 -93.8084 9.86273 -0.411836 0.00627961
38 357.064 -105.683 11.6655 -0.519921 0.00850881
39 310.77 -90.5029 9.94806 -0.43842 0.00710455
40 300.694 -82.0891 8.37436 -0.333641 0.0048265
41 406.908 -118.781 12.9199 -0.575164 0.00942859
42 528.082 -150.385 15.81 -0.683854 0.0108493
43 348.535 -95.0177 9.59559 -0.38296 0.00554579
44 412.7 -118.775 12.6828 -0.54995 0.00874735
45 280.541 -79.9218 8.618 -0.368603 0.00580191
46 260.336 -71.5977 7.45653 -0.301108 0.00443658
47 287.081 -82.97 9.10569 -0.399266 0.00644693
48 256.319 -66.4795 6.42106 -0.232989 0.00299711
49 360.25 -104.474 11.3568 -0.500255 0.0081102
50 372.984 -106.854 11.4109 -0.493357 0.00783729
51 296.717 -83.8577 8.89854 -0.374069 0.00575708
52 260.046 -72.9444 7.77851 -0.32571 0.0050091
53 461.077 -134.416 14.5076 -0.641441 0.0104009
54 479.2 -137.204 14.5503 -0.634236 0.0101534
55 523.885 -149.941 15.8265 -0.686975 0.0109198
56 229.538 -66.2378 7.40111 -0.32706 0.00536458
57 275.323 -74.7538 7.65333 -0.304375 0.00439121
58 343.688 -100.609 11.0633 -0.491475 0.00802289
59 463.615 -135.67 14.7129 -0.655005 0.0107015
60 268.805 -78.5992 8.74845 -0.388004 0.0063599
61 341.432 -97.684 10.4665 -0.449676 0.00707379
62 319.345 -90.7108 9.66831 -0.411909 0.00643861
63 539.362 -156.742 16.7918 -0.74287 0.0120439
64 115.085 -31.3096 3.74375 -0.168413 0.00293927
65 207.167 -58.1287 6.34928 -0.266113 0.00410485
66 210.066 -58.1924 6.20702 -0.2513 0.00373231
67 122.152 -29.9022 3.09526 -0.108258 0.00134917
68 194.853 -54.367 5.93433 -0.245624 0.00373598
69 203.825 -52.1226 5.04494 -0.176889 0.00216998
70 104.217 -24.7274 2.62406 -0.0905842 0.00113853
71 178.465 -47.2729 4.93129 -0.189644 0.00264699
72 64.2489 -9.48411 0.550934 0.023616 -0.00106966
73 233.817 -65.7472 7.08132 -0.296238 0.00457096
74 139.742 -34.154 3.29866 -0.104559 0.0010807
75 96.541 -18.1132 1.23512 0.00135036 -0.000792291
76 215.874 -62.8434 7.1468 -0.317693 0.00524038
77 188.43 -52.8512 5.82822 -0.246224 0.00386381
78 205.943 -59.0472 6.64997 -0.292661 0.00479844
79 155.253 -40.4278 4.21851 -0.158817 0.00217718
80 87.078 -16.6987 1.358 -0.0160133 -0.000354252
81 146.641 -39.117 4.16827 -0.161208 0.00229924
82 139.242 -34.9589 3.48785 -0.120094 0.00146258
83 139.287 -35.0915 3.59024 -0.126663 0.00157624
84 89.8793 -18.0185 1.52203 -0.0249349 -0.000184674
85 145.69 -38.5132 4.17329 -0.163736 0.00236231
86 105.674 -25.8543 2.84428 -0.106209 0.00147905
87 145.603 -38.7356 4.18386 -0.162939 0.00231485
88 108.422 -24.797 2.27332 -0.0558376 0.000229834
89 137.444 -35.808 3.78921 -0.140872 0.00189034
90 111.451 -28.0316 3.0885 -0.116495 0.00161444
91 111.856 -26.7927 2.72919 -0.091313 0.00107911
92 175.903 -53.2589 6.43066 -0.303732 0.00535003
93 113.158 -27.283 2.77088 -0.0911149 0.00103097
94 96.0689 -22.2879 2.31497 -0.0831191 0.00122029
95 140.997 -40.4774 4.93993 -0.227685 0.00390725
