0 50.878 -1.03942 -0.63166 0.0807714 -0.00199321
1 55.8586 -2.55051 -0.494763 0.0763975 -0.00196945
2 65.8411 -7.17713 0.161099 0.0411002 -0.0013227
3 64.7181 -5.85492 -0.137962 0.061405 -0.00175098
4 96.9102 -19.8045 1.83138 -0.0486568 0.000356362
5 48.6413 0.435682 -0.862528 0.0925213 -0.00218808
6 67.8631 -6.20714 -0.110044 0.0593209 -0.00169269
7 62.3303 -7.17532 0.137888 0.0427871 -0.00134539
8 53.2618 -1.14141 -0.696438 0.0856729 -0.00208879
9 52.297 -3.23573 -0.36912 0.0695524 -0.00183632
10 61.2806 -4.15776 -0.358244 0.0712451 -0.00188074
11 52.9655 -2.93466 -0.389268 0.0688833 -0.00179817
12 63.2347 -6.53351 0.0329071 0.0491745 -0.00147932
13 58.1672 -5.76957 -0.00422338 0.0473094 -0.00137158
14 70.7703 -7.86598 0.164577 0.0435601 -0.00140432
15 40.6719 1.93825 -1.03174 0.102228 -0.00238424
16 57.9272 -5.31414 -0.00157706 0.0442072 -0.00125472
17 53.8935 -2.73103 -0.484722 0.077122 -0.00200571
18 64.6499 -5.8531 -0.0576266 0.0514741 -0.0014643
19 90.1002 -14.6886 1.07618 -0.00611974 -0.000473492
20 57.8135 -3.58861 -0.365835 0.0692499 -0.00182149
21 30.5856 5.88251 -1.45692 0.118293 -0.00257188
22 71.7188 -8.51286 0.292313 0.0342737 -0.00118437
23 56.3598 -4.58638 -0.164819 0.0565034 -0.00155523
24 53.8975 -1.34154 -0.673971 0.0837364 -0.00202758
25 51.9654 -3.58013 -0.222741 0.0546855 -0.00142162
26 57.0883 -4.61219 -0.161359 0.0576455 -0.00161511
27 60.5354 -6.09312 0.0131146 0.0483448 -0.00144026
28 32.3944 4.40702 -1.23809 0.108929 -0.00247312
29 46.5633 0.772143 -0.872817 0.0929276 -0.0022064
30 46.846 -0.761227 -0.645372 0.0820702 -0.0020533
31 43.8923 2.18854 -1.08065 0.10402 -0.00241134
32 45.4724 1.14522 -0.898846 0.0900691 -0.0020642
33 52.5405 0.321163 -0.949798 0.100536 -0.00239307
34 26.4998 6.13007 -1.43947 0.116188 -0.00252689
35 44.9201 1.58265 -1.006 0.099448 -0.00232447
36 43.409 0.995809 -0.849091 0.0863471 -0.00197976
37 46.3621 -0.0798581 -0.724781 0.0815702 -0.00193514
38 63.2852 -2.0368 -0.667627 0.085523 -0.0021107
39 45.7781 1.52029 -1.03146 0.102225 -0.00239678
40 94.3951 -17.2941 1.38704 -0.0223919 -0.00016386
41 108.077 -24.8448 2.59918 -0.0972701 0.00139257
42 76.4933 -7.05246 -0.0757397 0.0574673 -0.00165154
43 66.1253 -7.17411 0.102875 0.0435687 -0.00134422
44 63.7528 -5.15756 -0.183785 0.0593752 -0.00164161
45 46.5706 -2.22773 -0.422296 0.0675595 -0.00172746
46 79.9138 -9.57978 0.321784 0.0341335 -0.00119611
47 83.0341 -13.0172 0.86979 0.00300707 -0.000610387
48 46.7461 -1.2076 -0.509264 0.066794 -0.00160299
49 52.0534 -3.06174 -0.34167 0.0635356 -0.00164625
50 50.8003 -0.479661 -0.685307 0.0783447 -0.00185337
51 73.3803 -9.11178 0.308644 0.0343407 -0.00119677
52 52.7656 -1.30671 -0.573299 0.0722375 -0.00173181
53 80.685 -9.27254 0.26806 0.0353741 -0.00116631
54 64.8047 -7.0275 0.136569 0.0402262 -0.00127089
55 56.6041 -4.1352 -0.158718 0.0529658 -0.00147369
56 35.6092 4.41138 -1.2527 0.10485 -0.00228141
57 53.2997 -2.1624 -0.458032 0.0673443 -0.00166116
58 81.5031 -11.2451 0.572318 0.0204576 -0.000946353
59 31.2045 3.86944 -1.13536 0.101901 -0.00232336
60 55.7159 -4.77432 -0.0740542 0.0483445 -0.00138129
61 38.5834 4.40435 -1.35859 0.117389 -0.00263816
62 57.4237 -1.64725 -0.624305 0.0795808 -0.00194873
63 68.9105 -6.83677 0.142428 0.0382367 -0.00121647
64 66.1498 -2.56914 -0.641307 0.0792306 -0.00187149
65 70.9127 -3.06887 -0.628135 0.0803978 -0.00191838
66 75.4687 -2.64335 -0.833441 0.0989088 -0.00239305
67 70.8061 -5.21816 -0.29858 0.0657025 -0.00174401
68 73.1721 -4.33803 -0.493245 0.0765067 -0.00190945
69 83.8863 -9.57943 0.195983 0.0406175 -0.00127699
70 99.4428 -13.4874 0.561722 0.0287371 -0.00118202
71 96.5668 -12.4994 0.527678 0.0265059 -0.00108455
72 82.5042 -7.91916 -0.0423193 0.053228 -0.00148987
73 87.7951 -10.9266 0.413757 0.0274111 -0.000994458
74 96.0453 -12.9703 0.693611 0.00757848 -0.000521309
75 83.4153 -8.1961 -0.000538495 0.049016 -0.00136317
76 116.995 -20.5149 1.52592 -0.0244173 -0.00016839
77 103.523 -14.4869 0.725172 0.0146097 -0.000791733
78 98.485 -13.6653 0.705372 0.0129811 -0.0007275
79 88.285 -10.1846 0.232987 0.0395116 -0.00125036
80 93.281 -12.1608 0.512599 0.0234401 -0.00093892
81 90.5968 -11.6676 0.582569 0.0117285 -0.000571819
82 98.9709 -15.0666 0.892053 0.00499368 -0.000635448
83 78.419 -7.19086 -0.107128 0.0562678 -0.00154633
84 71.0185 -5.81853 -0.158359 0.0531887 -0.0014012
85 65.189 -1.77161 -0.754151 0.0878619 -0.00209018
86 86.1194 -8.71607 0.068514 0.0477115 -0.00139491
87 65.9619 -4.91489 -0.204696 0.0561716 -0.00150285
88 71.557 -4.76631 -0.357238 0.0673913 -0.00172074
89 84.8829 -10.4069 0.396747 0.0280619 -0.00101658
90 79.518 -7.83796 0.0382166 0.0474617 -0.00138783
91 91.082 -11.4812 0.458584 0.0271618 -0.00104208
92 87.4411 -11.9761 0.62685 0.0140105 -0.000728878
93 88.9078 -11.8595 0.61476 0.0135386 -0.000689139
94 70.3849 -7.14367 0.0531529 0.0455948 -0.00135676
95 105.006 -18.8739 1.57279 -0.0344146 0.000100194
