0 48.8604 -2.29504 -0.436521 0.0693805 -0.00175785
1 44.7036 -1.36724 -0.564053 0.0773912 -0.00194546
2 52.9511 -4.837 -0.158326 0.0578035 -0.00161097
3 62.3736 -7.88652 0.262432 0.0336394 -0.00112753
4 57.1514 -4.68273 -0.177516 0.054074 -0.00141835
5 72.9425 -11.6822 0.748673 0.00750156 -0.000632185
6 61.2797 -8.32724 0.372698 0.0265898 -0.000989835
7 41.698 -1.15544 -0.524376 0.0721048 -0.0018
8 52.4543 -3.59727 -0.352128 0.0683117 -0.00180374
9 60.3768 -8.45714 0.351614 0.0309385 -0.00113167
10 54.273 -4.71846 -0.181438 0.0582082 -0.00160071
11 52.2529 -1.94878 -0.564438 0.077841 -0.00194109
12 48.2226 -3.02188 -0.379445 0.0676714 -0.00175884
13 51.475 -6.85678 0.222291 0.0340942 -0.00113611
14 45.537 -2.15706 -0.353378 0.058769 -0.00145746
15 53.2438 -4.17094 -0.265146 0.06382 -0.00173349
16 52.4454 -5.72571 0.0199077 0.0479662 -0.00145222
17 68.8782 -9.87682 0.50006 0.0213996 -0.000906238
18 41.3836 -2.02055 -0.39437 0.0657174 -0.00170185
19 47.2482 -2.12563 -0.411398 0.0653517 -0.00165469
20 43.4888 -2.3287 -0.383969 0.0664157 -0.00173425
21 53.2561 -4.27516 -0.222439 0.0600703 -0.00162482
22 49.7522 -2.05979 -0.489364 0.070252 -0.00173364
23 43.3568 -2.56557 -0.297437 0.0597189 -0.00157792
24 33.0236 3.15593 -1.1454 0.107149 -0.00248306
25 49.3109 -2.30391 -0.431833 0.0665439 -0.00165913
26 52.5304 -2.97884 -0.402794 0.0682558 -0.00174524
27 45.1418 -4.25672 -0.0434093 0.0443937 -0.0012567
28 47.3153 -2.56937 -0.402572 0.067922 -0.00174808
29 21.5563 4.79327 -1.19266 0.104678 -0.0023743
30 31.6731 4.40581 -1.21712 0.104443 -0.00231159
31 81.4113 -14.4992 1.11051 -0.00846478 -0.000432765
32 55.767 -3.24223 -0.449074 0.0751412 -0.00195983
33 71.9536 -8.12451 0.134046 0.0446301 -0.00137846
34 55.814 -1.56646 -0.656862 0.0828863 -0.00202779
35 31.8149 3.29435 -1.12445 0.104136 -0.00239648
36 53.6693 -5.20681 -0.115193 0.0568766 -0.00162952
37 63.3312 -6.55846 0.0184391 0.0488272 -0.0014472
38 48.1952 -4.36209 -0.125974 0.0551564 -0.00158245
39 45.9169 -2.19245 -0.409104 0.0658001 -0.00167409
40 61.0097 -5.78804 -0.0646442 0.0529259 -0.00152471
41 47.5924 -3.42856 -0.211995 0.0560781 -0.00152385
42 48.3171 -4.3495 -0.102897 0.0508634 -0.00143882
43 43.3829 -2.18161 -0.387936 0.0661816 -0.00172799
44 66.4588 -11.6966 0.879463 -0.00101185 -0.000499502
45 51.8795 -3.65468 -0.29434 0.0627284 -0.0016636
46 38.2965 0.0547848 -0.676069 0.0799421 -0.00195237
47 65.4005 -7.51816 0.143686 0.0415104 -0.00129516
48 52.2414 -4.20327 -0.207178 0.0583921 -0.00159839
49 73.243 -12.234 0.885376 -0.000528768 -0.000514863
50 46.1035 -3.87646 -0.16822 0.0535848 -0.00147081
51 60.027 -6.32753 0.0871658 0.0396389 -0.00117986
52 57.0298 -6.22488 0.10558 0.0400571 -0.00123819
53 49.8003 -2.40641 -0.422256 0.0680969 -0.00174839
54 39.0641 1.46212 -0.881769 0.0901156 -0.00211792
55 40.8653 -0.691169 -0.547325 0.0715671 -0.00177197
56 62.5322 -7.37087 0.15215 0.0407363 -0.00128238
57 62.5526 -7.74023 0.180863 0.0420808 -0.00135619
58 62.6134 -5.94522 -0.0108779 0.04765 -0.00137408
59 70.7152 -9.17273 0.41431 0.0233534 -0.000886372
60 35.8096 1.21404 -0.84985 0.0901635 -0.00216366
61 70.3013 -6.23701 -0.10879 0.0558956 -0.00155755
62 32.4908 4.18335 -1.2098 0.106318 -0.0023998
63 65.2582 -8.16553 0.326845 0.0311997 -0.00114078
64 56.7063 -0.613284 -0.834114 0.0908913 -0.00214499
65 65.8185 -2.97634 -0.62964 0.0839075 -0.00206042
66 69.8561 -4.5609 -0.41102 0.0708517 -0.00179207
67 61.4623 -2.87274 -0.467457 0.0671613 -0.00162032
68 106.811 -16.6199 0.969777 0.00776161 -0.00080186
69 74.1099 -5.83742 -0.223663 0.060315 -0.00158391
70 61.5784 -1.16183 -0.823894 0.0924033 -0.00219573
71 68.4206 -4.88297 -0.292657 0.0632736 -0.0016507
72 71.9373 -5.75167 -0.25792 0.0653405 -0.00174786
73 74.8136 -7.40504 -0.025098 0.0518703 -0.00147547
74 79.7103 -9.16148 0.239383 0.0364563 -0.00116199
75 89.5733 -11.0511 0.378489 0.0324757 -0.00115617
76 88.0314 -10.8596 0.379117 0.0323417 -0.00115022
77 59.4925 -1.61972 -0.74756 0.0883329 -0.00212806
78 60.1193 -3.55942 -0.405957 0.0685868 -0.00175368
79 68.7945 -4.48353 -0.385408 0.0703848 -0.00181699
80 59.0501 -1.7254 -0.68764 0.0847361 -0.0020639
81 66.148 -5.00367 -0.284042 0.0640332 -0.00169187
82 68.6715 -3.58018 -0.519779 0.0760405 -0.00188366
83 85.1862 -9.76221 0.267634 0.0335064 -0.0010634
84 70.6189 -6.25279 -0.0888621 0.0517352 -0.0014427
85 82.6057 -8.40549 0.0548576 0.0504311 -0.00151366
86 79.6154 -8.74272 0.16627 0.0406273 -0.00124976
87 92.5155 -11.6646 0.49912 0.0242355 -0.000962082
88 86.3077 -11.2612 0.45253 0.0289869 -0.00109814
89 86.463 -9.30013 0.141963 0.046217 -0.00141108
90 99.7984 -16.9105 1.27485 -0.0189778 -0.000137601
91 76.0361 -6.90316 -0.0195011 0.048763 -0.00138174
92 81.9262 -11.7996 0.656436 0.0143432 -0.000791588
93 99.0085 -14.7173 0.921252 0.00128953 -0.000529193
94 102.906 -17.6775 1.31618 -0.0169173 -0.000264264
95 81.5244 -10.2535 0.531969 0.0161547 -0.000731429
