0 48.1134 -4.01806 -0.148043 0.0515455 -0.00139833
1 37.7072 -2.02989 -0.341956 0.0624676 -0.00165048
2 36.1746 0.161975 -0.729147 0.0867276 -0.00215022
3 46.0097 -3.1052 -0.334584 0.0662247 -0.00176664
4 38.3143 -0.249034 -0.687086 0.0825735 -0.0020169
5 29.2844 0.628944 -0.692393 0.0811964 -0.0019909
6 51.3158 -3.26172 -0.389476 0.070339 -0.00183745
7 44.6726 -3.56805 -0.178548 0.0534786 -0.00146189
8 42.3275 -1.44107 -0.533519 0.0734233 -0.00181281
9 38.1258 -2.20747 -0.279867 0.05552 -0.00143638
10 42.0694 -1.63217 -0.514452 0.0746635 -0.0019053
11 34.1161 -0.16579 -0.549277 0.0717525 -0.00180096
12 66.7157 -9.21896 0.409687 0.0279684 -0.0010795
13 29.453 1.01784 -0.723833 0.0804284 -0.00193594
14 36.7064 0.358017 -0.706809 0.0816895 -0.00199321
15 43.6041 -0.508286 -0.686704 0.0834514 -0.00205553
16 47.3809 -2.17566 -0.498245 0.0760289 -0.00197028
17 31.7421 3.11097 -1.05731 0.0977954 -0.00222949
18 38.7993 -0.694932 -0.601086 0.0775144 -0.00193938
19 89.6607 -19.5938 1.86211 -0.0528589 0.00046284
20 29.7695 2.94846 -1.02745 0.0966062 -0.00222671
21 48.5087 -2.19246 -0.502463 0.0761659 -0.0019706
22 28.4525 2.00594 -0.797209 0.0797958 -0.00183131
23 30.723 1.40597 -0.762513 0.0814416 -0.00193734
24 15.0727 6.41981 -1.39738 0.112943 -0.00246586
25 43.5051 -1.31636 -0.515207 0.0709474 -0.00175957
26 41.1566 -1.28036 -0.502752 0.0712343 -0.00179784
27 45.2009 -1.90596 -0.494079 0.0722658 -0.001829
28 26.3762 3.67649 -1.08805 0.101022 -0.00234918
29 35.7809 -0.0961164 -0.628134 0.0789097 -0.00198563
30 38.5507 -1.33779 -0.43349 0.0660274 -0.00169233
31 32.5244 1.7903 -0.865167 0.0907724 -0.00219263
32 61.2132 -4.58973 -0.325586 0.0694698 -0.00184495
33 62.0308 -2.99479 -0.609749 0.0864743 -0.00218266
34 49.5065 -1.27777 -0.648293 0.0831051 -0.00206347
35 72.2821 -8.83922 0.197326 0.0438793 -0.00141488
36 62.2513 -7.41925 0.17043 0.0414361 -0.00132793
37 77.4411 -11.7286 0.657298 0.0185295 -0.000962514
38 88.0696 -13.0837 0.683407 0.0210149 -0.0010384
39 86.4292 -12.3711 0.653654 0.0191251 -0.000952471
40 56.5867 -1.19507 -0.725765 0.0878935 -0.0021445
41 78.5262 -11.0326 0.498715 0.027141 -0.0010982
42 95.2941 -15.3298 0.915618 0.00917864 -0.000801937
43 92.2518 -14.5027 0.894371 0.00731038 -0.000748102
44 76.4375 -9.96875 0.344243 0.0361186 -0.00127071
45 59.5114 -3.22282 -0.427333 0.0699411 -0.00176388
46 56.3547 -3.36205 -0.401678 0.0707754 -0.00184684
47 52.5623 -2.8274 -0.427526 0.0692896 -0.00176927
48 65.3087 -5.28014 -0.132621 0.0534717 -0.00146862
49 64.7892 -7.03168 0.162774 0.0366164 -0.00114931
50 77.24 -8.82048 0.21632 0.0404555 -0.001306
51 76.4817 -8.23866 0.187349 0.0388732 -0.00123512
52 87.8742 -12.8543 0.69555 0.0165588 -0.000883908
53 55.8602 -2.85894 -0.536916 0.0797751 -0.00201627
54 58.9998 -6.02301 0.0484155 0.0434267 -0.00128451
55 44.7391 0.376878 -0.794664 0.0869974 -0.00207121
56 53.8314 -1.63185 -0.574865 0.0753533 -0.00185453
57 27.0172 8.56025 -1.88876 0.145935 -0.00318216
58 71.5402 -9.00299 0.308725 0.0354862 -0.00123001
59 108.727 -24.7618 2.69774 -0.106789 0.00163275
60 46.9338 -0.0574182 -0.789919 0.0891711 -0.00214963
61 68.0427 -6.06168 -0.0713956 0.0503595 -0.00138062
62 59.3384 -2.82888 -0.456933 0.0715018 -0.00182726
63 52.597 -2.13522 -0.463807 0.0704221 -0.00180458
64 64.2955 -2.40779 -0.759847 0.0945819 -0.00232908
65 63.8832 -1.88741 -0.780405 0.093269 -0.00227275
66 45.7054 2.0272 -1.17063 0.111394 -0.00258691
67 45.9743 2.65555 -1.21289 0.109437 -0.0024621
68 71.9776 -6.3551 -0.186167 0.0636691 -0.00176691
69 67.361 -5.66924 -0.218204 0.0617496 -0.00167465
70 69.2392 -5.80665 -0.215444 0.0620451 -0.00167441
71 52.4249 -2.11264 -0.551427 0.0766371 -0.0019245
72 58.2049 -0.632825 -0.883762 0.0961705 -0.00227875
73 103.604 -20.1102 1.62199 -0.0318054 -1.45823e-05
74 75.0884 -6.70235 -0.162633 0.0608442 -0.00166316
75 66.6621 -5.3319 -0.212212 0.0577085 -0.00151661
76 89.0284 -14.3023 0.891554 0.0062122 -0.000707866
77 48.1269 0.543711 -0.912645 0.0940864 -0.00220477
78 87.5534 -12.1272 0.579566 0.0221406 -0.000988913
79 85.5361 -11.7402 0.577408 0.0215633 -0.000983188
80 94.4727 -14.0717 0.768387 0.013461 -0.000824968
81 72.3504 -7.04972 -0.035076 0.0514732 -0.00145952
82 60.3529 -3.87391 -0.384159 0.0666425 -0.0016839
83 60.899 -3.9341 -0.3757 0.0669495 -0.00171696
84 74.4745 -7.09123 -0.0466988 0.0512889 -0.00142987
85 85.2717 -12.613 0.701092 0.0146692 -0.000838181
86 77.7912 -9.37128 0.258035 0.0387225 -0.00129843
87 75.7497 -11.4161 0.679212 0.0129489 -0.000799011
88 68.9112 -5.4156 -0.275033 0.0663289 -0.00177368
89 62.7281 -4.38536 -0.302514 0.0642694 -0.00168981
90 75.0204 -8.09797 0.0714037 0.0493318 -0.00150082
91 76.2952 -7.79633 0.0554237 0.04853 -0.001452
92 64.3168 -8.00095 0.303739 0.0281331 -0.000976737
93 78.1563 -11.2946 0.625182 0.0170703 -0.000889408
94 98.6062 -16.7646 1.3049 -0.0208153 -0.00014148
95 52.3123 -1.34292 -0.49439 0.0676693 -0.00168284
