0 45.4442 0.114515
1 49.3318 0.112665
2 65.3929 0.11206
3 56.9785 0.114197
4 32.1903 0.114245
5 50.7562 0.114702
6 28.1355 0.113369
7 32.3914 0.11221
8 50.8815 0.113314
9 34.9493 0.112656
10 40.8208 0.112999
11 47.1161 0.114073
12 46.946 0.11018
13 44.6722 0.111852
14 62.7828 0.114945
15 36.5059 0.114092
16 47.4607 0.115569
17 51.6537 0.113537
18 72.4631 0.112516
19 32.243 0.111747
20 41.0093 0.11326
21 40.913 0.114933
22 55.2014 0.113596
23 38.6421 0.113917
24 28.2147 0.114965
25 39.6061 0.113398
26 40.6941 0.115551
27 45.8217 0.112852
28 15.7395 0.112792
29 43.3896 0.111801
30 42.2222 0.116383
31 39.84 0.112135
32 83.7906 0.110204
33 67.4108 0.107467
34 51.429 0.106988
35 77.7557 0.107824
36 48.3911 0.107933
37 75.3786 0.107615
38 97.2831 0.108798
39 84.1894 0.107672
40 83.8172 0.107971
41 66.7287 0.105984
42 65.8288 0.108142
43 68.3997 0.107282
44 87.7657 0.108762
45 80.2936 0.108977
46 78.1575 0.107978
47 68.021 0.107663
48 75.1938 0.108384
49 100.513 0.107436
50 59.1782 0.107423
51 88.6368 0.108521
52 91.2269 0.109339
53 73.8384 0.105373
54 110.555 0.110549
55 78.0974 0.107869
56 88.9527 0.108545
57 71.296 0.106824
58 54.7256 0.110229
59 54.1428 0.108595
60 59.1775 0.108302
61 58.8791 0.106457
62 72.7788 0.109492
63 75.503 0.107968
64 -12.1578 0.117091
65 8.81847 0.118205
66 -12.8111 0.116349
67 -14.3323 0.116718
68 0.440533 0.117144
69 -12.382 0.114447
70 4.45182 0.114834
71 -28.1777 0.114017
72 7.35863 0.11504
73 -10.6618 0.11703
74 10.0886 0.117626
75 -26.0735 0.115705
76 -10.4955 0.116994
77 -6.25061 0.114347
78 -8.26962 0.115338
79 18.8806 0.115571
80 4.79387 0.118071
81 19.5984 0.116735
82 13.9386 0.1162
83 3.24726 0.119087
84 15.9479 0.11913
85 -33.4699 0.116313
86 0.04145 0.116803
87 7.67111 0.117049
88 -1.54991 0.11812
89 0.622453 0.117423
90 4.77142 0.118466
91 -7.16515 0.117159
92 -15.0085 0.115808
93 7.32448 0.116901
94 14.7452 0.115125
95 -15.2535 0.114994
