0 71.5552 -12.8222 0.846801 0.0139397 -0.000977555
1 107.747 -25.4628 2.44919 -0.0693758 0.000531109
2 102.999 -27.0482 2.71245 -0.083329 0.00078109
3 100.233 -24.7635 2.38308 -0.0649816 0.000425122
4 74.7123 -12.3548 0.643814 0.0286446 -0.00128879
5 60.6743 -7.92955 0.13015 0.0531539 -0.00169291
6 95.468 -22.0333 2.04505 -0.049231 0.000172771
7 60.6615 -9.38209 0.420342 0.0354727 -0.00136508
8 84.0113 -16.6689 1.279 -0.00702411 -0.000618354
9 68.1452 -12.2198 0.758629 0.0200355 -0.00112351
10 100.443 -22.8601 2.06982 -0.048234 0.000135842
11 70.2487 -13.2391 0.941068 0.00814338 -0.000871973
12 111.63 -26.7499 2.49437 -0.0676034 0.000450731
13 69.1512 -10.8915 0.484073 0.0361905 -0.00141314
14 51.8455 -4.9117 -0.248155 0.0726002 -0.00205144
15 111.962 -27.8288 2.74984 -0.086358 0.00087019
16 105.5 -24.7079 2.33646 -0.0634797 0.000430798
17 72.6597 -11.2287 0.527889 0.0329406 -0.0013413
18 78.3454 -14.0962 0.953214 0.00899616 -0.000890693
19 54.7156 -7.34182 0.184699 0.0458525 -0.00151172
20 87.6432 -16.7554 1.20386 -0.000890741 -0.00075806
21 80.1566 -17.1706 1.45326 -0.0187553 -0.000385097
22 77.2258 -12.0937 0.62142 0.0277758 -0.00124633
23 76.4104 -15.8868 1.25019 -0.00758949 -0.000576592
24 67.1883 -10.2255 0.437397 0.0369485 -0.00140657
25 82.2129 -16.3638 1.21114 -0.00255122 -0.000703846
26 87.6541 -16.2127 1.10928 0.00426292 -0.000846422
27 90.6862 -18.2807 1.45032 -0.0158469 -0.000448323
28 43.1808 -2.41405 -0.470234 0.0801462 -0.00212918
29 74.8477 -13.0999 0.822328 0.0161928 -0.00102802
30 67.3865 -11.2903 0.664866 0.0222872 -0.00111247
31 134.364 -35.6337 3.75701 -0.137562 0.0017776
32 77.696 -11.1748 0.458185 0.0395672 -0.0015111
33 52.573 -2.94325 -0.483134 0.0839476 -0.00224959
34 69.1249 -8.7617 0.224593 0.0478254 -0.00158901
35 96.3407 -16.4508 1.03557 0.0124908 -0.00105538
36 75.9778 -11.0964 0.488574 0.0351226 -0.00136642
37 69.1937 -7.50501 -0.0362961 0.064608 -0.001933
38 126.261 -28.3383 2.55471 -0.0654467 0.000336491
39 146.978 -39.3938 4.33545 -0.176007 0.00264292
40 77.6364 -10.0897 0.286587 0.0481751 -0.00164476
41 114.599 -23.2947 1.94924 -0.036818 -0.000143893
42 106.623 -17.8869 1.13127 0.00817729 -0.000977174
43 70.127 -11.2388 0.620383 0.0256396 -0.00118496
44 90.52 -14.762 0.899148 0.0164792 -0.0010863
45 62.9552 -4.41692 -0.427542 0.08416 -0.00228007
46 88.7735 -14.0936 0.785192 0.0217147 -0.00115393
47 168.652 -47.8201 5.41791 -0.233663 0.00372874
48 98.5967 -18.0135 1.30132 -0.00469231 -0.000693733
49 96.7458 -16.5414 1.03555 0.0121839 -0.00103909
50 110.025 -25.1123 2.32103 -0.0594525 0.000313283
51 107.398 -24.5531 2.29095 -0.0612377 0.000397915
52 101.974 -17.7163 1.17313 0.00329835 -0.000836224
53 88.9041 -13.2723 0.644295 0.0296543 -0.00130164
54 95.3674 -15.5354 0.935804 0.0152482 -0.00106415
55 110.962 -24.3426 2.27015 -0.0600216 0.000364658
56 84.5569 -11.212 0.330755 0.0478679 -0.00165595
57 102.296 -21.8902 1.94188 -0.0419869 2.62579e-05
58 68.8645 -7.74986 0.0803053 0.0563499 -0.00177687
59 93.6045 -16.1228 1.08784 0.00484595 -0.000837174
60 72.07 -6.50279 -0.196619 0.0723404 -0.00206253
61 73.2909 -10.5148 0.471248 0.0340265 -0.0013406
62 95.1932 -19.6753 1.64944 -0.025585 -0.000281555
63 61.8984 -5.45795 -0.197631 0.0700739 -0.00199918
64 100.399 -14.7356 0.823539 0.0169999 -0.00102212
65 142.208 -29.8274 2.62847 -0.0707685 0.000485591
66 125.087 -25.3667 2.09096 -0.0420545 -5.70889e-05
67 112.463 -20.0141 1.40465 -0.00848219 -0.000622913
68 128.823 -27.4883 2.43328 -0.0630692 0.000369014
69 154.258 -32.8929 2.92597 -0.0839517 0.000707681
70 158.73 -37.1932 3.54838 -0.118162 0.00135402
71 184.539 -46.3313 4.72772 -0.18047 0.00250551
72 142.162 -30.924 2.82428 -0.0830996 0.000736563
73 118.443 -19.6429 1.28791 -0.0010112 -0.000762964
74 91.2966 -14.2597 0.811316 0.0193732 -0.00110498
75 111.624 -18.0371 1.1443 0.00417122 -0.000837523
76 137.543 -30.6687 2.80694 -0.0821674 0.000728997
77 121.785 -23.3991 1.79287 -0.0269657 -0.000318894
78 146.599 -32.5182 3.02848 -0.0938312 0.000941166
79 108.385 -21.038 1.67595 -0.026138 -0.000261053
80 89.9792 -13.5868 0.726394 0.0233959 -0.00117723
81 98.3782 -14.5338 0.729152 0.0249823 -0.00118777
82 98.7381 -14.2862 0.720395 0.0243506 -0.00117602
83 113.521 -21.1068 1.63194 -0.0226081 -0.000351255
84 97.7734 -15.2981 0.944005 0.00939176 -0.000852164
85 101.579 -15.3616 0.873156 0.0178555 -0.00109718
86 79.1139 -9.6132 0.235387 0.0492904 -0.00165512
87 99.6187 -16.5461 1.14815 -0.0010414 -0.000695032
88 89.9956 -11.4546 0.401523 0.0411014 -0.00149354
89 100.195 -17.268 1.23078 -0.00399904 -0.000656135
90 99.4689 -15.868 1.00556 0.00815179 -0.000872373
91 126.093 -25.9316 2.32847 -0.0609098 0.000363331
92 91.4215 -14.9846 0.993564 0.00657674 -0.000834402
93 92.3116 -15.9155 1.2032 -0.0061664 -0.000590939
94 97.2193 -17.4522 1.40327 -0.0183191 -0.000334204
95 138.998 -30.3057 2.9595 -0.097044 0.00107313
