0 94.9938 -20.4679 2.16565 -0.0835161 0.00135283
1 67.412 -7.24731 0.129215 0.0400665 -0.00122235
2 77.7839 -7.65337 0.0158584 0.051063 -0.00148266
3 85.1968 -13.342 0.795633 0.0117719 -0.000819661
4 66.2468 -3.51068 -0.539893 0.0803308 -0.00201007
5 88.558 -13.0667 0.741965 0.0130804 -0.000794537
6 45.2385 1.4348 -0.946799 0.0959614 -0.00225997
7 69.911 -7.57507 0.0928593 0.0456535 -0.00138785
8 65.4357 -3.58746 -0.435952 0.0719632 -0.0018237
9 62.8342 -3.62732 -0.429063 0.0721877 -0.00184574
10 63.2152 -4.60182 -0.278061 0.0639512 -0.00169605
11 93.3379 -13.3398 0.671839 0.0208815 -0.00100619
12 62.0063 -3.53682 -0.423984 0.070261 -0.0017808
13 76.119 -9.14137 0.244547 0.0395956 -0.0013002
14 57.9323 -4.02015 -0.331644 0.0671423 -0.00177584
15 42.3008 -0.476525 -0.596837 0.0748457 -0.0018466
16 90.8703 -13.1389 0.714801 0.0163858 -0.00091513
17 82.538 -11.1797 0.48937 0.0278053 -0.00110372
18 73.4191 -8.84143 0.264958 0.0374776 -0.00126461
19 80.4367 -9.63675 0.289964 0.0392313 -0.0013537
20 53.2035 -1.88657 -0.527726 0.0725421 -0.00178107
21 57.3519 -2.81467 -0.428839 0.0679297 -0.00170762
22 83.4732 -12.6597 0.725078 0.0133761 -0.000801162
23 86.121 -11.6248 0.528347 0.0261055 -0.00108624
24 62.4018 -3.82398 -0.396234 0.0708797 -0.00184387
25 91.315 -12.9904 0.685487 0.0176983 -0.000914146
26 61.8913 -3.22476 -0.489216 0.0770635 -0.00198059
27 59.4689 -3.42085 -0.388208 0.0688185 -0.00178409
28 45.8477 1.98585 -1.12344 0.10996 -0.002589
29 62.2319 -2.7123 -0.513624 0.0733922 -0.0018031
30 65.0477 -4.58467 -0.27456 0.0649455 -0.0017612
31 52.6475 -1.30943 -0.549061 0.0716907 -0.00175216
32 23.0679 5.26967 -1.28316 0.108249 -0.00238617
33 23.3564 6.96959 -1.5756 0.123527 -0.0026471
34 47.5262 -2.82073 -0.361825 0.0683264 -0.0018347
35 55.2361 -4.61557 -0.166374 0.0567531 -0.00157565
36 31.6953 4.19234 -1.27219 0.113327 -0.00258558
37 54.0927 -6.73579 0.173022 0.0379638 -0.00121993
38 78.1596 -13.5748 0.967085 0.0010161 -0.000633205
39 28.6253 4.50911 -1.26851 0.110505 -0.0024844
40 86.9623 -18.9384 1.74119 -0.0432812 0.000233127
41 31.2214 3.6094 -1.16074 0.104797 -0.00237086
42 48.4155 -4.42732 -0.146936 0.0552749 -0.00153893
43 62.5182 -8.68801 0.322201 0.0338978 -0.0011983
44 35.4465 0.111397 -0.678133 0.0809076 -0.0019752
45 52.0923 -3.75249 -0.193912 0.0521481 -0.00136478
46 60.5778 -8.16654 0.348016 0.0291435 -0.00107689
47 51.4106 -3.98057 -0.195723 0.0569508 -0.00156596
48 59.5966 -5.6175 -0.0375903 0.0499338 -0.00145716
49 62.3013 -7.28669 0.182703 0.0375851 -0.00118488
50 65.9916 -7.71025 0.186817 0.0381008 -0.0012025
51 37.9729 0.0932361 -0.681549 0.0809764 -0.00198408
52 33.8261 -0.234676 -0.521618 0.0698712 -0.00176898
53 46.9914 -1.73687 -0.50361 0.0721332 -0.00181741
54 35.8612 1.2599 -0.811437 0.087384 -0.00210482
55 57.7696 -8.99322 0.543984 0.0168842 -0.000842684
56 42.3679 0.644509 -0.837533 0.0888218 -0.00207778
57 27.1629 3.44021 -1.00144 0.0903234 -0.00200697
58 73.678 -12.2325 0.83773 0.00611789 -0.000712456
59 46.5453 -1.31914 -0.529096 0.0732791 -0.00183702
60 47.224 -1.74527 -0.519588 0.0740079 -0.00186925
61 40.2836 -0.555584 -0.571043 0.070746 -0.00168859
62 33.9231 2.55766 -0.967765 0.0939888 -0.00218605
63 36.1934 2.5377 -0.984215 0.0935921 -0.00213874
64 56.5777 -3.39655 -0.369004 0.067024 -0.00174404
65 52.0973 1.18326 -1.07746 0.106627 -0.00246596
66 71.5316 -7.6256 0.073466 0.0497204 -0.00153153
67 109.737 -22.1093 1.85696 -0.0409522 9.94131e-05
68 45.4649 1.68956 -1.04133 0.10217 -0.00235899
69 73.2497 -8.28526 0.174754 0.03895 -0.00119559
70 61.6294 -3.74657 -0.41141 0.0717579 -0.00185573
71 58.2226 -3.33966 -0.408174 0.0713909 -0.00185648
72 84.8291 -11.2869 0.453324 0.0326808 -0.0012391
73 65.2062 -7.77818 0.237081 0.0335734 -0.00107412
74 77.9818 -10.4522 0.476986 0.0266278 -0.00106352
75 67.5625 -5.6561 -0.166285 0.0586745 -0.00160448
76 92.0448 -14.4994 0.897541 0.00673786 -0.000712588
77 79.7573 -11.6517 0.62238 0.0156938 -0.000766289
78 65.7632 -5.12308 -0.210804 0.0598464 -0.00161395
79 66.4585 -6.03106 -0.083395 0.0554694 -0.00158556
80 82.3696 -12.0783 0.698693 0.010364 -0.000644054
81 65.6599 -8.68521 0.621874 -0.000857275 -0.000227752
82 65.6599 -8.68521 0.621874 -0.000857275 -0.000227752
83 64.4875 -4.32532 -0.330756 0.0683332 -0.00181203
84 30.1002 4.96356 -1.30449 0.110959 -0.00246999
85 56.8749 -2.37529 -0.529794 0.0778111 -0.00198106
86 68.9928 -5.58159 -0.151647 0.0589576 -0.00165193
87 54.157 -3.20658 -0.364311 0.0687063 -0.00182004
88 50.8061 -2.14792 -0.420184 0.0653915 -0.00163697
89 69.2023 -7.40909 0.104242 0.0456775 -0.00140409
90 83.5208 -13.1942 0.895683 0.00273991 -0.000616407
91 50.8874 -3.0903 -0.294901 0.0630764 -0.00171264
92 78.6817 -11.7771 0.686772 0.0159075 -0.000893077
93 62.4029 -4.65711 -0.12775 0.0509412 -0.00139288
94 73.9529 -11.049 0.746156 0.00726516 -0.00066688
95 47.7155 -1.04894 -0.528256 0.0733206 -0.00185952
