0 18.8787 6.26322 -1.39908 0.113584 -0.00250507
1 46.4146 -5.28772 0.141842 0.0305473 -0.000933227
2 54.0741 -7.1137 0.276845 0.0295664 -0.00101585
3 38.2098 -2.34974 -0.222291 0.0487451 -0.00125809
4 63.8872 -10.6893 0.724064 0.00483967 -0.000531033
5 68.7048 -12.8705 1.04878 -0.0131192 -0.000194071
6 76.3989 -14.1861 1.15903 -0.0180689 -9.67309e-05
7 43.7094 -2.99133 -0.139161 0.0426165 -0.00110082
8 79.8206 -15.2243 1.32804 -0.0285128 0.000111104
9 63.1277 -10.4846 0.794651 -0.00231565 -0.000353593
10 93.2762 -19.5037 1.79617 -0.0496562 0.000444005
11 40.0571 -1.56124 -0.328665 0.0542171 -0.0013583
12 85.6567 -18.6428 1.70418 -0.0436305 0.000311509
13 77.5016 -16.6264 1.44921 -0.0299645 4.67314e-05
14 65.0828 -12.0006 0.948992 -0.00902807 -0.000247921
15 48.0935 -3.64099 -0.102836 0.0430325 -0.00115158
16 73.0865 -15.2682 1.37086 -0.0294449 9.12298e-05
17 79.1211 -15.8719 1.36493 -0.0288012 9.3021e-05
18 63.2656 -11.7441 0.929499 -0.00696748 -0.000321544
19 51.8534 -3.79466 -0.131152 0.0464003 -0.00124365
20 49.7462 -7.03829 0.375621 0.0191821 -0.000745677
21 62.3124 -8.52352 0.480231 0.015394 -0.000693709
22 44.3022 -3.62995 -0.115788 0.0455969 -0.00123923
23 45.1325 -2.13331 -0.308429 0.0535507 -0.00133638
24 71.6038 -13.4619 1.14615 -0.0208028 -3.87489e-07
25 49.1465 -7.02375 0.34331 0.0232302 -0.000860712
26 70.7964 -12.5368 0.95001 -0.00586934 -0.000360387
27 49.084 -3.02271 -0.212177 0.0493676 -0.00127513
28 66.6169 -10.1552 0.635945 0.0100394 -0.000640551
29 65.6486 -11.1712 0.81918 -0.000831997 -0.000429629
30 47.7295 -3.18942 -0.19772 0.0524199 -0.00142494
31 38.1423 0.95832 -0.720108 0.0768777 -0.00180511
32 58.4258 -1.87796 -0.529533 0.073613 -0.00181622
33 55.658 -4.3985 -0.0815328 0.0473633 -0.00131455
34 92.9418 -16.4316 1.3474 -0.0227195 -9.9404e-05
35 68.6942 -6.84205 0.164735 0.034853 -0.00108737
36 55.4498 -5.95506 0.19945 0.0294386 -0.000941331
37 64.1692 -8.71825 0.569869 0.0122916 -0.000688984
38 86.9111 -14.2447 1.13777 -0.0145775 -0.000209438
39 70.9242 -10.3744 0.739116 0.000942819 -0.000405767
40 56.1074 -3.94293 -0.159541 0.0502664 -0.00133516
41 48.2611 -4.40173 0.0526738 0.0369434 -0.00108873
42 81.9391 -12.8829 0.984997 -0.00804149 -0.000311401
43 70.134 -7.85006 0.322427 0.025009 -0.000871794
44 81.5825 -11.4167 0.717462 0.00710939 -0.000587427
45 92.6807 -18.7062 1.71275 -0.0442288 0.000330525
46 85.9539 -17.5463 1.686 -0.0468228 0.000425706
47 70.9713 -9.04139 0.485069 0.0171719 -0.000750243
48 93.3866 -15.3631 1.16817 -0.0133152 -0.000257941
49 88.6372 -17.4868 1.6252 -0.0417443 0.000303122
50 98.785 -18.6143 1.64653 -0.0392615 0.000219875
51 70.1022 -7.82226 0.314151 0.0259857 -0.000897526
52 45.1246 -1.75919 -0.333843 0.0563236 -0.00140596
53 69.2878 -7.60304 0.27235 0.030547 -0.00103657
54 70.4483 -9.47014 0.603611 0.00919394 -0.000581285
55 62.8929 -7.89989 0.471179 0.0137821 -0.000631468
56 86.0641 -13.5245 0.984784 -0.00830273 -0.000259122
57 71.717 -9.94603 0.652865 0.00775439 -0.000571264
58 85.1648 -15.4436 1.34414 -0.0272821 5.04622e-05
59 73.1793 -8.14106 0.29358 0.0299546 -0.00102843
60 66.149 -7.4184 0.273622 0.0280134 -0.000944265
61 65.4761 -7.28557 0.282519 0.0281717 -0.000966829
62 67.4236 -7.9463 0.402268 0.0206887 -0.000817872
63 75.3259 -6.1264 -0.0162001 0.0463248 -0.00130883
64 133.122 -34.3728 3.85411 -0.172499 0.00301975
65 111.816 -25.5448 2.57211 -0.0960458 0.00143332
66 93.6946 -18.2911 1.58151 -0.0397815 0.000315446
67 82.1853 -14.5309 1.12915 -0.0178758 -5.89425e-05
68 78.9834 -13.6733 1.0141 -0.0111429 -0.000193668
69 90.7898 -17.6121 1.52778 -0.0388991 0.000317992
70 102.025 -22.0847 1.99244 -0.0571676 0.000572708
71 90.8714 -14.8169 1.08472 -0.0127607 -0.000199694
72 67.3904 -10.7315 0.757922 -0.00362312 -0.0002352
73 111.031 -21.9254 1.91451 -0.0548224 0.000574373
74 119.434 -24.7956 2.22722 -0.0665931 0.000702714
75 122.909 -25.8719 2.36721 -0.076198 0.000935713
76 65.4353 -8.9323 0.432311 0.0180377 -0.000721985
77 106.523 -22.5077 2.04246 -0.061787 0.000689621
78 105.894 -23.1023 2.1708 -0.0694973 0.000836645
79 102.563 -20.3734 1.80817 -0.051082 0.000512951
80 78.5001 -10.6514 0.547219 0.0141889 -0.000663933
81 86.5396 -14.3041 1.0441 -0.0119754 -0.000194147
82 96.3986 -20.4578 1.88916 -0.0573289 0.000653282
83 66.6006 -9.50707 0.54934 0.0101043 -0.000546754
84 56.2351 -3.85452 -0.176634 0.0452347 -0.0011308
85 61.6295 -6.42207 0.129657 0.0339996 -0.00102617
86 80.1175 -13.8655 1.09906 -0.017388 -6.59367e-05
87 58.696 -6.73083 0.240373 0.0249869 -0.00080492
88 56.3162 -3.82699 -0.219286 0.0503183 -0.00126891
89 84.4437 -15.1564 1.20204 -0.0194386 -8.78761e-05
90 87.365 -16.6636 1.38629 -0.0296484 0.000110028
91 68.0323 -10.0757 0.668493 0.00210347 -0.00038131
92 58.8649 -5.0176 -0.0764541 0.0430311 -0.00114477
93 61.9353 -6.28867 0.129876 0.0337352 -0.00102002
94 71.3686 -9.26315 0.419841 0.0228364 -0.000886888
95 56.7815 -3.94887 -0.166547 0.047761 -0.00124439
