0 50.5842 0.117336
1 28.9967 0.113984
2 38.8656 0.113616
3 54.3594 0.112327
4 23.5758 0.112863
5 34.8862 0.11235
6 83.576 0.113839
7 63.9519 0.112523
8 49.9166 0.109497
9 52.3279 0.112595
10 60.7475 0.112818
11 49.8486 0.112473
12 45.7801 0.113269
13 35.1504 0.110687
14 68.6731 0.112163
15 45.2341 0.113332
16 36.5648 0.11313
17 23.4208 0.111691
18 31.8901 0.11109
19 84.6425 0.112047
20 51.44 0.113507
21 52.7729 0.1128
22 33.4254 0.112749
23 50.3903 0.111566
24 45.3919 0.111682
25 35.8846 0.11073
26 24.0451 0.11188
27 50.2453 0.111421
28 37.4045 0.110799
29 40.3587 0.111409
30 33.8581 0.110709
31 58.4541 0.112281
32 -41.7569 0.114634
33 -31.2193 0.115326
34 -28.903 0.114644
35 -16.9818 0.114683
36 -23.6908 0.114883
37 -40.2031 0.115883
38 -26.1347 0.113444
39 -14.8557 0.116304
40 -22.9626 0.115828
41 -19.7427 0.114508
42 -11.1133 0.114193
43 -14.8284 0.11396
44 -0.818668 0.115788
45 -9.57762 0.114756
46 -2.76199 0.115857
47 -23.5688 0.114594
48 -26.0362 0.117543
49 -23.9017 0.114605
50 -13.3992 0.115788
51 -29.6875 0.113774
52 -34.933 0.114716
53 15.6464 0.114892
54 -11.5025 0.113904
55 -43.5067 0.116118
56 -23.0361 0.113438
57 10.5536 0.113302
58 -15.5265 0.114499
59 -25.0251 0.115334
60 2.41624 0.116261
61 -12.2876 0.114771
62 -27.6579 0.116996
63 -23.4299 0.113466
64 33.7474 0.111884
65 29.0913 0.112235
66 63.8326 0.112973
67 21.5949 0.112093
68 58.2075 0.113192
69 44.7612 0.111466
70 47.7654 0.112658
71 32.4704 0.110057
72 32.0569 0.115008
73 30.1226 0.112017
74 44.7957 0.114636
75 25.29 0.11286
76 39.7757 0.113084
77 22.2487 0.113014
78 21.1105 0.111896
79 47.9761 0.112015
80 53.8086 0.110915
81 27.4807 0.115091
82 27.4807 0.115091
83 63.3027 0.115105
84 25.6804 0.112051
85 14.7506 0.112029
86 21.7467 0.111671
87 31.4567 0.112274
88 43.9307 0.11343
89 53.5549 0.112681
90 46.9633 0.112558
91 28.6303 0.111725
92 12.5402 0.112095
93 29.0081 0.111663
94 26.6955 0.110712
95 24.8762 0.110743
