0 40.3345 3.13273 -1.10512 0.097026 -0.00214279
1 64.5864 -8.69206 0.458463 0.0168146 -0.00071225
2 59.8121 -9.57672 0.712744 -0.00107698 -0.000317867
3 41.8677 -2.42368 -0.180173 0.043434 -0.00110241
4 75.5999 -12.461 0.969855 -0.0138844 -6.47671e-05
5 71.1044 -12.7869 1.07913 -0.0176943 -6.82124e-05
6 67.1664 -9.97486 0.656379 0.00589063 -0.000514518
7 61.8376 -6.86052 0.272066 0.0218634 -0.000718148
8 61.1812 -7.85093 0.362104 0.0216639 -0.000790858
9 82.7737 -15.8599 1.38662 -0.0312535 0.000155659
10 79.1158 -13.4898 1.07117 -0.0144851 -0.000158718
11 55.6783 -5.88918 0.156231 0.0301957 -0.000924963
12 92.4647 -19.0303 1.75823 -0.0501047 0.000505967
13 94.8276 -19.3856 1.76961 -0.0492243 0.000460171
14 86.9058 -17.1974 1.51322 -0.0364093 0.000228324
15 64.0125 -8.30943 0.440511 0.0147738 -0.000627616
16 91.5956 -18.1381 1.62803 -0.0430708 0.000367402
17 87.333 -17.3635 1.5313 -0.0365892 0.000216278
18 77.4649 -13.7376 1.10378 -0.016 -0.00013485
19 55.7022 -5.10895 0.0857261 0.030776 -0.000882358
20 63.3223 -10.013 0.736674 -0.00141087 -0.000331941
21 71.6973 -11.039 0.764593 0.00103897 -0.000437059
22 78.4514 -13.8443 1.16176 -0.0223503 4.56336e-05
23 43.2223 -1.59344 -0.303688 0.0492476 -0.00119945
24 82.0989 -11.8917 0.728276 0.00474213 -0.000499973
25 77.3705 -12.5594 0.916351 -0.00737904 -0.000259513
26 79.9415 -14.1659 1.20017 -0.0233603 3.73805e-05
27 47.7626 -2.5046 -0.235827 0.0474495 -0.00119269
28 57.1547 -7.02705 0.32217 0.0219506 -0.000798752
29 67.2659 -8.83513 0.487073 0.013807 -0.000635663
30 77.5225 -11.2429 0.73734 0.00281449 -0.000466726
31 45.1814 -1.13255 -0.405583 0.0562428 -0.00135419
32 35.9983 0.444306 -0.666493 0.0717617 -0.00164435
33 51.0883 -5.4338 0.0792823 0.0350358 -0.00101832
34 61.5043 -10.0557 0.740209 -0.00138995 -0.000333958
35 31.863 -1.2922 -0.283332 0.0480344 -0.00118416
36 53.1654 -7.5494 0.380854 0.0187603 -0.000720154
37 57.61 -9.4502 0.597376 0.00941273 -0.000583528
38 75.4375 -14.1125 1.1638 -0.0201322 -3.53298e-05
39 43.6522 -4.19974 0.0244201 0.0335316 -0.000929466
40 43.7738 -3.9242 -0.0521222 0.0384478 -0.00103018
41 51.7625 -6.64153 0.271845 0.0241173 -0.000821975
42 71.8124 -13.2574 1.04856 -0.0140747 -0.000148688
43 44.8793 -3.80715 -0.0463768 0.037354 -0.00100476
44 59.5846 -7.11435 0.21552 0.0304582 -0.000974799
45 83.8116 -16.4499 1.37812 -0.0286445 7.93327e-05
46 76.9741 -15.471 1.35168 -0.0308728 0.000174943
47 49.1387 -5.68272 0.173733 0.0276752 -0.000858416
48 61.9381 -8.32795 0.416514 0.0166673 -0.000660664
49 66.7625 -11.9816 0.912771 -0.00793479 -0.000246116
50 77.4019 -16.5083 1.53769 -0.0424251 0.000410874
51 60.8016 -8.30082 0.450144 0.0124992 -0.000545724
52 60.2581 -6.79771 0.213654 0.0264607 -0.000824576
53 74.1449 -13.9757 1.18879 -0.0247607 0.000107935
54 47.9046 -4.70808 -0.0174162 0.0404054 -0.00113521
55 49.5847 -5.23131 0.161372 0.0251344 -0.000748756
56 51.7749 -5.81505 0.16119 0.0261232 -0.000768734
57 59.623 -9.71755 0.652199 0.00562709 -0.000506068
58 67.8715 -12.3406 0.947533 -0.00884457 -0.000258027
59 64.1036 -9.14182 0.572079 0.00661258 -0.000453666
60 62.1461 -9.06171 0.566195 0.00628621 -0.000428551
61 46.443 -3.75647 -0.125742 0.0451756 -0.00121546
62 51.4613 -5.08982 0.0408036 0.036986 -0.00107308
63 28.047 1.58302 -0.716223 0.0739029 -0.00171426
64 92.3247 -18.0627 1.61898 -0.0507529 0.00070543
65 91.3855 -18.3145 1.64685 -0.0491371 0.000600613
66 99.6166 -18.2292 1.49695 -0.0357212 0.000272935
67 88.3728 -14.4872 1.06607 -0.0163543 -4.18474e-05
68 81.1361 -15.0428 1.29431 -0.0327098 0.000322836
69 73.0322 -11.5048 0.794427 -0.00341753 -0.00028624
70 93.6807 -16.737 1.31405 -0.025629 5.82148e-05
71 77.1567 -11.3657 0.73497 0.000848892 -0.000382301
72 66.8426 -6.85131 0.0952323 0.0362674 -0.0010527
73 78.033 -11.6187 0.718907 0.00244231 -0.000407955
74 107.33 -22.5854 2.06921 -0.0664559 0.000845785
75 100.105 -19.595 1.73444 -0.0505699 0.000572801
76 77.4688 -13.7537 1.09734 -0.020045 4.74278e-05
77 98.4936 -19.527 1.64803 -0.0415584 0.000331738
78 125.388 -29.3822 2.81784 -0.0981136 0.00130681
79 112.353 -25.423 2.4555 -0.0848333 0.00113251
80 100.429 -18.3938 1.45648 -0.0316151 0.000165819
81 100.289 -18.2177 1.45368 -0.0319837 0.000177186
82 101.744 -19.5247 1.65909 -0.0437508 0.000400555
83 91.3143 -17.7384 1.51972 -0.0392398 0.000354363
84 78.5853 -13.4644 1.0403 -0.0180474 3.38446e-05
85 68.9006 -9.35716 0.501258 0.0133211 -0.000616772
86 60.7808 -9.13779 0.595236 0.0047392 -0.000409274
87 115.664 -23.6122 2.13961 -0.067231 0.000805542
88 73.5785 -9.77014 0.518772 0.0108394 -0.000522422
89 74.1195 -10.7054 0.637468 0.00780701 -0.000534377
90 89.374 -17.1334 1.48659 -0.0388614 0.000362354
91 62.3555 -8.53885 0.434271 0.0165158 -0.000684038
92 66.4593 -7.76514 0.300594 0.0214898 -0.000715945
93 75.0964 -10.4431 0.620892 0.0078033 -0.000525121
94 48.0318 -3.71868 -0.0589355 0.0368945 -0.000971356
95 41.3023 -0.184511 -0.524494 0.0613326 -0.00142391
