0 155.108 -39.8321 4.37937 -0.182888 0.00292317
1 116.607 -27.2505 2.95732 -0.115246 0.00176815
2 140.755 -35.791 3.90707 -0.158201 0.0024524
3 84.7655 -17.6121 1.82177 -0.0584996 0.000753091
4 196.088 -52.1868 5.63834 -0.238481 0.00381786
5 130.082 -31.3668 3.3556 -0.131491 0.00199309
6 157.87 -41.1127 4.47871 -0.183851 0.00285885
7 122.341 -29.844 3.20352 -0.124522 0.0018899
8 207.802 -56.4557 6.15126 -0.261743 0.00417534
9 159.843 -42.2357 4.63055 -0.193043 0.00306024
10 141.132 -35.8328 3.88694 -0.15664 0.00241349
11 135.587 -32.2931 3.43822 -0.13489 0.0020482
12 149.349 -37.8255 4.15072 -0.172268 0.00273598
13 171.743 -45.3673 4.9977 -0.211657 0.00338635
14 127.576 -31.5725 3.40382 -0.13389 0.00203628
15 148.546 -38.1082 4.1693 -0.172372 0.00273565
16 88.4094 -19.2627 2.02055 -0.0680856 0.000916504
17 171.82 -45.3719 4.96831 -0.208612 0.00331061
18 180.399 -47.884 5.22675 -0.220861 0.00353607
19 128.299 -32.4954 3.59179 -0.146179 0.00229339
20 192.847 -51.7757 5.68053 -0.242533 0.00389945
21 172.214 -45.8779 5.08813 -0.218143 0.0035483
22 181.67 -49.5456 5.50605 -0.237186 0.00385173
23 140.735 -33.8821 3.6534 -0.146563 0.00226975
24 167.436 -43.3158 4.71139 -0.196053 0.003102
25 134.391 -33.51 3.6759 -0.149835 0.00235847
26 174.665 -46.2497 5.12137 -0.218518 0.00352444
27 163.593 -43.6035 4.81846 -0.202848 0.0032351
28 136.943 -34.9391 3.844 -0.157246 0.00247271
29 132.26 -33.9644 3.82191 -0.159978 0.00257466
30 104.832 -25.3001 2.81925 -0.1102 0.00167496
31 172.313 -45.7789 5.09078 -0.216715 0.00347264
32 106.374 -29.149 3.3522 -0.134731 0.00208755
33 109.052 -26.0371 2.88197 -0.109872 0.00163715
34 197.539 -56.6328 6.40863 -0.278916 0.00452839
35 133.103 -36.0056 4.0887 -0.1692 0.00266369
36 71.213 -15.8563 1.78888 -0.0584424 0.000753623
37 93.4339 -21.9056 2.42837 -0.0884602 0.0012764
38 129.687 -34.1137 3.85712 -0.157329 0.00245625
39 116.563 -30.582 3.47178 -0.140186 0.00217273
40 73.1368 -16.2718 1.79862 -0.0577241 0.000732229
41 130.97 -35.3838 3.97745 -0.162304 0.00252805
42 105.86 -25.9453 2.89861 -0.11059 0.00163567
43 142.932 -40.1691 4.63579 -0.197422 0.00317525
44 132.967 -35.776 4.02185 -0.165066 0.00258853
45 161.367 -46.1019 5.24587 -0.224966 0.0036395
46 140.921 -39.2534 4.50654 -0.192941 0.00314102
47 138.625 -38.1403 4.32661 -0.180407 0.00285762
48 100.33 -21.9722 2.33527 -0.0815828 0.00112309
49 94.8059 -22.7101 2.5146 -0.0926445 0.00134124
50 177.916 -50.5226 5.74565 -0.248522 0.00402574
51 124.359 -31.9446 3.58669 -0.144152 0.00221779
52 176.725 -50.3404 5.70997 -0.246735 0.00399328
53 122.934 -32.691 3.71992 -0.15315 0.00241995
54 123.507 -31.521 3.50425 -0.13907 0.00212187
55 82.1968 -19.4983 2.19474 -0.0778769 0.00109011
56 126.808 -32.5571 3.60552 -0.144421 0.00223306
57 182.21 -54.262 6.25029 -0.274452 0.00448528
58 114.632 -29.1468 3.29398 -0.130329 0.0019857
59 124.177 -31.6217 3.59476 -0.146433 0.00229345
60 74.1714 -16.7667 1.89869 -0.0648916 0.000883241
61 132.146 -35.983 4.12043 -0.171994 0.00272599
62 75.8065 -17.2013 1.93422 -0.0651773 0.000873636
63 157.757 -46.0495 5.34839 -0.232267 0.00376471
64 142.658 -36.2448 3.96306 -0.161107 0.00251766
65 134.647 -32.8679 3.56955 -0.142832 0.00221297
66 204.699 -55.5912 6.18301 -0.268026 0.00434947
67 166.565 -42.5365 4.62185 -0.190924 0.00300366
68 154.16 -41.5318 4.61907 -0.192856 0.00306332
69 196.629 -54.0224 5.97776 -0.255833 0.00409625
70 220.795 -61.2226 6.77377 -0.293024 0.00472099
71 106.466 -22.4989 2.33048 -0.0809521 0.00110437
72 100.33 -21.0825 2.17812 -0.0739501 0.000995595
73 173.999 -46.4606 5.13388 -0.216921 0.00346313
74 172.428 -45.0175 4.95668 -0.207086 0.00326244
75 111.7 -26.4521 2.89646 -0.112513 0.00171035
76 96.297 -19.2397 1.96892 -0.0641109 0.00082336
77 108.045 -25.0456 2.68843 -0.100659 0.00148443
78 151.672 -39.4643 4.35296 -0.180705 0.0028624
79 97.2757 -20.2889 2.1337 -0.0735334 0.0010044
80 168.215 -43.7443 4.80804 -0.20144 0.00320107
81 148.534 -37.3272 4.04378 -0.164293 0.00256352
82 132.65 -31.747 3.41597 -0.133948 0.00202945
83 84.8088 -18.1431 1.9642 -0.068418 0.000960726
84 134.091 -33.2293 3.62019 -0.145874 0.00226705
85 95.0361 -20.7483 2.23907 -0.0783997 0.00106948
86 97.6088 -21.8667 2.35923 -0.0848194 0.00119603
87 97.9324 -21.2819 2.28251 -0.0814916 0.0011494
88 132.506 -34.1254 3.78496 -0.153132 0.00237143
89 173.774 -45.8269 5.13845 -0.219658 0.0035262
90 131.117 -29.8807 3.22891 -0.126502 0.0019166
91 89.753 -20.9783 2.38657 -0.0915902 0.00139348
92 90.1571 -18.3765 1.98066 -0.0673874 0.000913769
93 109.713 -25.4428 2.79347 -0.106389 0.00157122
94 102.872 -21.7242 2.32905 -0.0839646 0.0011926
95 72.5491 -14.2337 1.58597 -0.0500187 0.000619782
