0 157.815 -49.0754 5.8885 -0.262993 0.00430608
1 160.527 -49.0097 5.87855 -0.263518 0.00433207
2 167.455 -54.5197 6.58978 -0.299578 0.00498843
3 161.235 -51.875 6.3009 -0.285928 0.00474465
4 188.231 -58.3448 6.83784 -0.303702 0.00493082
5 169.477 -52.191 6.10195 -0.266318 0.00424912
6 161.884 -50.1692 5.9942 -0.268501 0.00442467
7 179.727 -57.0786 6.83309 -0.309954 0.0051423
8 175.865 -54.8883 6.53838 -0.294109 0.00484499
9 187.422 -59.7988 7.16104 -0.325756 0.00541169
10 168.597 -52.2257 6.21367 -0.277819 0.00455546
11 172.24 -54.4962 6.56478 -0.29816 0.00495713
12 150.379 -47.5827 5.75336 -0.258668 0.00427605
13 182.82 -57.0024 6.72003 -0.299452 0.00488252
14 172.036 -53.3209 6.26336 -0.276858 0.00449174
15 125.736 -39.3859 4.84474 -0.217477 0.00360545
16 142.782 -43.7193 5.27418 -0.234834 0.00385665
17 173.459 -52.9414 6.24666 -0.277623 0.00452614
18 167.007 -51.1859 6.08877 -0.272401 0.00447211
19 191.223 -60.4199 7.19055 -0.326306 0.00541116
20 147.097 -45.5365 5.52606 -0.249731 0.00415939
21 156.248 -49.3687 5.98819 -0.271474 0.00451594
22 178.153 -53.6456 6.30958 -0.281628 0.0046165
23 209.731 -66.9097 7.92042 -0.360125 0.00596896
24 176.727 -54.3921 6.39503 -0.283397 0.00460371
25 205.096 -64.8386 7.65847 -0.34693 0.00573752
26 177.447 -54.6215 6.49702 -0.293393 0.00485578
27 151.476 -46.8431 5.64673 -0.25339 0.00418081
28 206.658 -64.2672 7.49602 -0.334218 0.00542566
29 166.581 -51.8011 6.19253 -0.277968 0.00456907
30 157.914 -50.4052 6.1669 -0.28122 0.00467875
31 119.347 -36.5343 4.54093 -0.202127 0.00331455
32 174.651 -51.7232 6.07197 -0.268232 0.00435867
33 205.171 -62.2873 7.339 -0.330718 0.00543743
34 200.666 -60.4602 7.06785 -0.315114 0.00513723
35 196.643 -59.2676 7.02987 -0.318662 0.00529384
36 181.096 -54.375 6.36987 -0.280891 0.00453168
37 196.879 -58.9542 6.86829 -0.304052 0.0049166
38 160.793 -48.3058 5.81956 -0.262012 0.0043392
39 113.336 -31.9373 3.8712 -0.167026 0.00269357
40 198.876 -59.6136 7.00644 -0.314399 0.00516426
41 164.743 -47.9501 5.69212 -0.25365 0.0041676
42 203.164 -58.9427 6.87149 -0.308891 0.00510478
43 177.17 -55.419 6.66517 -0.302497 0.00501241
44 201.028 -59.7611 7.00452 -0.313502 0.00513255
45 210.904 -62.4146 7.2137 -0.319743 0.00518159
46 189.014 -56.316 6.64655 -0.299761 0.00496615
47 84.4786 -22.3091 2.71549 -0.10936 0.00167207
48 187.925 -55.6971 6.53425 -0.292105 0.00480031
49 198.171 -58.9722 6.90341 -0.308982 0.0050702
50 150.141 -46.0524 5.58107 -0.250346 0.0041337
51 145.73 -44.0176 5.30808 -0.237971 0.00394315
52 195.578 -58.0169 6.79958 -0.305539 0.00504158
53 184.494 -53.6253 6.2059 -0.272053 0.0043731
54 189.18 -55.9625 6.64307 -0.301681 0.0050297
55 149.091 -43.3146 5.18444 -0.229847 0.00376358
56 174.706 -50.0083 5.75913 -0.250215 0.00401265
57 145.455 -43.6426 5.30025 -0.238261 0.00394946
58 195.22 -58.4985 6.92576 -0.312608 0.00515791
59 198.293 -59.0642 6.93417 -0.311328 0.00511858
60 220.208 -64.5249 7.44656 -0.332267 0.00543283
61 190.804 -57.5619 6.77682 -0.304081 0.00499771
62 160.84 -49.1053 5.90451 -0.264811 0.00436772
63 182.9 -54.589 6.43494 -0.28455 0.0045779
64 202.197 -54.8494 6.17425 -0.270409 0.00440061
65 196.508 -54.6835 6.25787 -0.276488 0.00452037
66 215.183 -62.1587 7.14959 -0.320306 0.0053002
67 199.076 -56.8278 6.53781 -0.290814 0.00477043
68 219.954 -64.2567 7.42348 -0.334727 0.00555648
69 186.356 -50.9773 5.81826 -0.255748 0.00418335
70 198.215 -56.4579 6.45651 -0.286068 0.00469871
71 171.337 -48.1673 5.59171 -0.247108 0.0040497
72 160.158 -43.5769 4.99799 -0.216357 0.00349442
73 212.003 -58.6302 6.62075 -0.289597 0.00467168
74 221.945 -64.2917 7.36601 -0.328631 0.00539295
75 198.221 -54.8383 6.27668 -0.27876 0.00458663
76 190.114 -54.7204 6.33521 -0.282679 0.00466566
77 194.871 -54.8419 6.24648 -0.275679 0.00450711
78 180.818 -50.1418 5.76755 -0.254636 0.00417881
79 206.058 -59.7449 6.87139 -0.30584 0.00501569
80 215.178 -62.6525 7.23761 -0.325143 0.00537158
81 204.509 -55.7742 6.13691 -0.258938 0.00402619
82 187.293 -51.4647 5.83706 -0.253565 0.00406981
83 179.565 -50.7291 5.9324 -0.266441 0.00443316
84 203.921 -57.3208 6.51343 -0.285926 0.00462829
85 201.102 -56.2975 6.48943 -0.288604 0.00473124
86 203.245 -58.0561 6.68059 -0.296283 0.00484108
87 187.684 -51.7962 5.91512 -0.259115 0.00419919
88 178.802 -47.5154 5.30427 -0.223717 0.00348916
89 178.771 -50.2535 5.80739 -0.254835 0.00412931
90 191.762 -53.3188 6.09432 -0.266904 0.00431309
91 175.412 -48.4157 5.63913 -0.25025 0.00411332
92 187.684 -53.0445 6.12023 -0.271124 0.00444475
93 156.142 -43.0387 5.03008 -0.218763 0.00352366
94 164.925 -45.9748 5.41397 -0.241562 0.00400055
95 192.966 -53.473 6.26767 -0.283436 0.00474178
