0 113.259 -24.3982 2.57409 -0.0940647 0.00136825
1 79.3331 -15.1071 1.55684 -0.0457576 0.000530196
2 97.548 -18.8993 1.88982 -0.0593626 0.000733265
3 113.059 -27.1309 2.98042 -0.115873 0.00176984
4 183.694 -47.9378 5.22283 -0.220694 0.00355199
5 138.629 -33.653 3.62958 -0.144844 0.00224102
6 191.015 -52.5962 5.86392 -0.252368 0.0040791
7 164.48 -41.1877 4.43631 -0.182559 0.0028724
8 101.295 -21.4967 2.22792 -0.0767488 0.00105013
9 148.776 -36.7991 3.97288 -0.160943 0.00251723
10 189.344 -50.1739 5.48478 -0.232224 0.0037192
11 159.443 -40.2148 4.36751 -0.179605 0.00281384
12 167.98 -43.758 4.77575 -0.199398 0.00316841
13 132.163 -33.5557 3.71751 -0.152759 0.00242787
14 96.916 -18.9386 1.90854 -0.0625839 0.000850253
15 216.839 -59.325 6.57817 -0.286527 0.0046624
16 159.889 -41.5564 4.59316 -0.194138 0.00313507
17 151.401 -39.2318 4.31521 -0.178667 0.00281675
18 232.885 -63.348 6.92893 -0.298969 0.00481177
19 130.665 -30.3403 3.23596 -0.125674 0.00189805
20 176.041 -47.2889 5.27092 -0.226699 0.00368054
21 135.184 -32.9371 3.57655 -0.143207 0.00222694
22 180.62 -47.9417 5.29676 -0.226416 0.00366271
23 151.387 -37.6045 4.12154 -0.170188 0.00268954
24 127.15 -31.0735 3.40643 -0.136993 0.00215264
25 144.412 -33.622 3.59366 -0.143522 0.00222352
26 116.637 -26.3102 2.82618 -0.107999 0.00164038
27 109.772 -23.3288 2.47178 -0.090928 0.00133102
28 121.695 -27.5241 2.96438 -0.114762 0.00175877
29 90.1641 -18.3063 1.94533 -0.0658194 0.000893242
30 140.064 -34.882 3.87795 -0.161254 0.00258586
31 167.278 -44.0548 4.92504 -0.209937 0.00338791
32 69.8276 -14.8599 1.6268 -0.0523576 0.000689542
33 12.3662 5.45389 -0.863294 0.0751753 -0.00163099
34 89.4332 -19.6648 2.12745 -0.0742312 0.00102958
35 127.671 -32.1097 3.54858 -0.142523 0.00219687
36 97.5339 -22.1254 2.39602 -0.0872938 0.00125864
37 33.8126 1.13585 -0.519856 0.0635501 -0.00148475
38 86.5346 -16.7843 1.71347 -0.0521101 0.000620632
39 140.366 -36.3856 4.05963 -0.167956 0.00264508
40 108.308 -26.1533 2.85482 -0.107672 0.00157879
41 91.6251 -19.6797 2.06777 -0.0697372 0.000934922
42 130.455 -33.7588 3.71185 -0.149352 0.00230601
43 103.503 -24.1174 2.62259 -0.0978361 0.00142611
44 91.8023 -20.602 2.19982 -0.075992 0.00103259
45 165.562 -45.0086 4.96349 -0.209197 0.00334907
46 133.231 -33.2313 3.634 -0.145978 0.00226142
47 141.305 -37.873 4.24943 -0.177655 0.00283152
48 83.6131 -16.5514 1.72816 -0.0555887 0.000731013
49 130.594 -31.74 3.44187 -0.136092 0.00208148
50 135.636 -35.0312 3.8909 -0.159773 0.00251588
51 110.184 -27.1313 2.9738 -0.11556 0.0017523
52 146.101 -39.2967 4.40872 -0.185935 0.00299034
53 72.1102 -12.022 1.1538 -0.0256803 0.000173367
54 3.69513 12.675 -2.21648 0.164669 -0.00356442
55 123.23 -31.1852 3.47467 -0.140023 0.00216626
56 174.614 -47.0476 5.18729 -0.219378 0.00350452
57 144.982 -39.2703 4.39883 -0.18355 0.00290883
58 135.211 -36.1081 4.05778 -0.168729 0.00267348
59 113.247 -28.4214 3.21304 -0.130063 0.00204131
60 98.0236 -23.3511 2.60838 -0.100728 0.00153826
61 98.9337 -23.4626 2.61601 -0.100219 0.00150672
62 75.3003 -15.2222 1.64755 -0.0525248 0.000669675
63 97.1862 -23.4932 2.68922 -0.1056 0.00161679
64 144.58 -37.4123 4.04636 -0.163588 0.00254065
65 10.8179 8.50919 -1.43537 0.109585 -0.00231778
66 125.97 -31.7094 3.46509 -0.137474 0.00210759
67 120.947 -28.4473 3.01235 -0.114983 0.00171855
68 97.4522 -21.6099 2.24821 -0.0765895 0.0010248
69 120.756 -29.0003 3.05117 -0.114636 0.00167764
70 91.4747 -20.4163 2.14052 -0.0726234 0.00097472
71 83.8268 -17.9945 1.88289 -0.0603964 0.000752549
72 174.022 -46.2788 5.00584 -0.20658 0.00322414
73 94.7104 -18.4642 1.7833 -0.051422 0.000552743
74 105.115 -23.5906 2.47988 -0.0890927 0.00127789
75 111.317 -25.6595 2.68982 -0.0985082 0.00140932
76 118.402 -28.2324 3.02177 -0.1146 0.00168219
77 170.579 -44.3437 4.77309 -0.197312 0.00310481
78 199.775 -53.4329 5.78139 -0.24293 0.00383241
79 264.25 -75.0223 8.16894 -0.353911 0.00569404
80 170.673 -45.6552 4.97795 -0.207988 0.00329407
81 141.134 -36.7355 3.981 -0.160736 0.00248641
82 132.979 -33.2531 3.55939 -0.140354 0.00214425
83 106.73 -24.1852 2.56057 -0.0943709 0.00137667
84 166.025 -44.3776 4.81784 -0.19993 0.00314755
85 194.349 -52.5324 5.76237 -0.244866 0.00389964
86 84.849 -16.6624 1.68624 -0.0507363 0.000597216
87 154.313 -40.4968 4.43487 -0.182281 0.00283766
88 56.1589 -8.7741 0.80296 -0.00759397 -0.000157217
89 146.83 -39.2632 4.40777 -0.18486 0.00293684
90 174.226 -45.6668 5.00221 -0.209783 0.00332319
91 103.354 -25.6945 2.87886 -0.112912 0.00172118
92 99.0645 -21.4281 2.28753 -0.0817352 0.00115638
93 109.412 -25.657 2.80729 -0.107494 0.00159911
94 85.9089 -18.4251 1.98081 -0.0674608 0.000903135
95 63.2008 -14.0723 1.64998 -0.05621 0.000771566
