0 147.215 -40.289 4.54102 -0.188053 0.00294257
1 138.837 -37.3829 4.20005 -0.171449 0.00264178
2 142.697 -39.0847 4.45232 -0.186474 0.00296253
3 156.023 -44.4268 5.10801 -0.219228 0.00353732
4 69.6625 -14.5265 1.5198 -0.0402501 0.000358681
5 173.494 -48.4711 5.40007 -0.225733 0.00351528
6 154.447 -42.7554 4.84758 -0.204007 0.00322358
7 159.543 -46.0084 5.22831 -0.222212 0.00354092
8 187.917 -53.0811 5.88566 -0.246908 0.00385265
9 197.334 -57.4706 6.47511 -0.279269 0.00448448
10 159.674 -44.0894 4.8514 -0.195365 0.00292069
11 184.323 -53.2741 6.04038 -0.261167 0.00421457
12 175.948 -51.3223 5.88026 -0.255439 0.00414598
13 216.867 -63.7792 7.16208 -0.311298 0.00501554
14 141.983 -38.663 4.40109 -0.18473 0.0029438
15 208.748 -60.3436 6.72551 -0.287242 0.00454594
16 198.643 -56.0141 6.13445 -0.254358 0.00391077
17 163.878 -47.2752 5.42022 -0.234485 0.00380787
18 187.79 -53.5087 6.04623 -0.261179 0.00421006
19 125.424 -32.3832 3.68378 -0.151235 0.00237798
20 158.347 -44.8081 5.11977 -0.219299 0.00353122
21 151.594 -38.8203 3.92356 -0.135869 0.00163649
22 160.231 -44.6112 5.07269 -0.215727 0.00343873
23 223.822 -65.9644 7.45183 -0.327188 0.00532419
24 191.674 -54.1774 6.01053 -0.253885 0.00400177
25 220.928 -63.08 6.85558 -0.285276 0.00437842
26 150.483 -42.5482 4.90096 -0.210251 0.00340108
27 166.69 -48.4812 5.5662 -0.24183 0.00393635
28 171.412 -49.4265 5.67953 -0.247176 0.00401079
29 164.851 -47.27 5.46587 -0.23747 0.00385056
30 163.434 -47.2827 5.46462 -0.237541 0.00385545
31 164.664 -46.2965 5.27506 -0.225878 0.00361116
32 170.753 -47.7174 5.31084 -0.222288 0.00346607
33 162.675 -45.2083 5.10572 -0.21725 0.00347069
34 161.754 -45.5107 5.00114 -0.203055 0.00305733
35 147.991 -41.4528 4.72383 -0.201255 0.00322912
36 153.551 -42.0325 4.56548 -0.180839 0.00264627
37 144.056 -38.9134 4.20259 -0.162542 0.00230712
38 195.161 -53.457 5.93696 -0.253261 0.00403102
39 159.554 -44.8093 5.06838 -0.216163 0.00346004
40 96.6235 -24.1629 2.72423 -0.104747 0.00157863
41 35.7321 -2.75019 0.0761882 0.0305749 -0.000875094
42 170.034 -46.3822 5.21571 -0.222688 0.00356863
43 121.375 -33.161 3.79265 -0.156874 0.00246934
44 150.774 -41.7245 4.73947 -0.201251 0.0032208
45 175.796 -51.4599 5.83391 -0.25193 0.00406199
46 147.123 -39.4801 4.4897 -0.191897 0.00311301
47 115.699 -30.47 3.49459 -0.144834 0.00231111
48 149.468 -42.5362 4.81177 -0.202523 0.00319554
49 157.942 -45.382 5.15057 -0.21915 0.00349752
50 160.639 -43.9838 4.84983 -0.199551 0.00306179
51 131.115 -36.1859 4.15245 -0.175307 0.00280827
52 186.902 -52.3143 5.81467 -0.24687 0.00389684
53 179.659 -49.663 5.57034 -0.238903 0.0038282
54 130.853 -36.3333 4.19329 -0.178627 0.00289136
55 130.764 -35.4273 4.07144 -0.172555 0.00278853
56 165.908 -43.6892 4.59847 -0.178229 0.0025519
57 138.136 -36.0732 3.81182 -0.140407 0.00187344
58 132.566 -35.6021 4.07285 -0.172637 0.00279462
59 151.531 -42.9233 4.85652 -0.20486 0.00323971
60 129.179 -36.0768 4.14534 -0.175212 0.00281221
61 151.656 -41.5035 4.6616 -0.193989 0.00301816
62 169.901 -46.3391 5.14903 -0.215869 0.00338219
63 133.148 -34.5779 3.92071 -0.163191 0.0025911
64 201.721 -53.6121 5.7262 -0.238724 0.00374703
65 186.44 -47.5611 4.97413 -0.198638 0.00297449
66 194.864 -50.4196 5.42138 -0.226768 0.00358825
67 161.262 -41.6015 4.48961 -0.184856 0.00290458
68 208.374 -54.5422 5.71861 -0.231478 0.00349967
69 180.957 -48.4485 5.25407 -0.22094 0.00351383
70 154.865 -40.106 4.39297 -0.18261 0.00289656
71 153.953 -37.9594 4.06948 -0.164855 0.00256977
72 209.67 -55.605 5.88463 -0.241898 0.00372382
73 177.574 -47.0682 5.10986 -0.212829 0.0033412
74 126.358 -24.5514 1.91746 -0.0334794 -0.000142518
75 198.994 -51.8958 5.41072 -0.217144 0.00326348
76 139.765 -34.4821 3.71 -0.148428 0.00228841
77 179.927 -46.1178 4.87811 -0.197923 0.00303249
78 185.501 -48.1301 5.09678 -0.206539 0.0031396
79 170.935 -44.922 4.82891 -0.197246 0.00302867
80 171.429 -44.1965 4.71268 -0.192481 0.00298107
81 115.63 -20.3218 1.36291 -0.00333763 -0.000716596
82 189.318 -51.1307 5.60558 -0.239799 0.00386553
83 185.632 -48.0752 5.04653 -0.202641 0.00305958
84 162.69 -41.5416 4.33996 -0.169531 0.00248322
85 162.614 -38.8213 3.84398 -0.136293 0.00175757
86 179.453 -45.4125 4.78004 -0.190434 0.00284663
87 158.943 -41.1076 4.48101 -0.185907 0.00293646
88 168.351 -43.6048 4.66281 -0.187428 0.00282911
89 148.526 -37.7791 4.10245 -0.165338 0.00251989
90 143.012 -34.989 3.70416 -0.144684 0.00216144
91 145.995 -36.0879 3.87436 -0.154353 0.00233246
92 176.082 -46.4599 5.0298 -0.208568 0.0032578
93 155.428 -38.8769 4.079 -0.157095 0.00225668
94 138.052 -36.7673 4.15096 -0.174068 0.0027759
95 128.278 -31.7829 3.5724 -0.148597 0.00239667
