0 46.9478 -3.33122 -0.186553 0.0578975 -0.00154958
1 173.374 -48.0428 5.31418 -0.221796 0.00346355
2 177.705 -48.3223 5.32543 -0.220808 0.00341504
3 135.932 -37.3138 4.20872 -0.173567 0.00271397
4 174.839 -46.0292 4.8558 -0.188855 0.00271311
5 192.77 -52.8203 5.76648 -0.239254 0.00369761
6 176.156 -47.546 5.18732 -0.212654 0.00325309
7 179.418 -50.0179 5.57151 -0.237198 0.00378784
8 205.756 -55.6624 5.98395 -0.244039 0.00367403
9 182.884 -50.6285 5.53949 -0.227899 0.0034752
10 200.19 -56.4794 6.25777 -0.266294 0.00421638
11 172.034 -47.8887 5.43283 -0.234248 0.00378879
12 152.373 -39.6178 4.20591 -0.162072 0.00231899
13 196.6 -55.7524 6.22598 -0.267352 0.00427751
14 214.539 -61.7249 6.88136 -0.298445 0.00481377
15 183.092 -51.7134 5.75823 -0.245518 0.00391935
16 137.983 -35.5251 3.93318 -0.161201 0.00254033
17 179.66 -50.2521 5.62058 -0.238858 0.00379243
18 145.439 -40.3024 4.59407 -0.193888 0.00307923
19 153.19 -41.5905 4.73105 -0.202001 0.0032632
20 196.822 -55.2799 6.09307 -0.256673 0.00401873
21 193.735 -53.4348 5.84594 -0.243105 0.00374468
22 193.617 -55.9188 6.30873 -0.273145 0.00439855
23 150.372 -40.4999 4.55217 -0.190399 0.00299966
24 174.385 -48.7437 5.50325 -0.23695 0.00382319
25 187.382 -52.0539 5.84239 -0.251479 0.00404638
26 173.143 -48.3652 5.4688 -0.234166 0.00374468
27 153.708 -42.6261 4.83024 -0.203237 0.00319832
28 159.878 -45.0773 5.18855 -0.22475 0.00364842
29 200.012 -56.1926 6.25453 -0.266057 0.0041871
30 157.216 -43.0112 4.88464 -0.207655 0.00331589
31 167.259 -46.2245 5.23341 -0.223625 0.00356776
32 160.516 -47.7149 5.40033 -0.226637 0.0035272
33 113.6 -28.1165 2.73004 -0.0796416 0.000690633
34 126.812 -36.5272 4.22177 -0.177283 0.0028233
35 153.73 -44.7174 5.10882 -0.218426 0.00350499
36 160.847 -46.5393 5.30486 -0.226742 0.00362053
37 157.46 -48.3742 5.608 -0.243655 0.00394667
38 103.118 -28.6404 3.32115 -0.133392 0.00205133
39 148.312 -43.4212 4.94996 -0.209079 0.00330027
40 70.8128 -18.9702 2.23855 -0.0839047 0.00124967
41 160.235 -47.5954 5.45276 -0.234227 0.00374733
42 160.547 -48.4878 5.54932 -0.238949 0.00384856
43 143.972 -43.0142 4.9591 -0.212766 0.00343668
44 164.866 -50.1997 5.78726 -0.251235 0.00405891
45 152.578 -42.6409 4.6666 -0.186029 0.00273507
46 130.206 -38.1984 4.45958 -0.191352 0.00309847
47 151.382 -44.2254 5.09324 -0.219477 0.00354849
48 121.279 -33.2154 3.80154 -0.157727 0.00250478
49 173.793 -51.4349 5.85841 -0.250959 0.00398556
50 163.746 -47.3472 5.38626 -0.231121 0.00371209
51 147.346 -44.2564 5.18123 -0.226884 0.00371904
52 128.926 -38.22 4.48666 -0.193915 0.00316571
53 160.32 -46.5302 5.31363 -0.229089 0.0036969
54 137.961 -40.3447 4.69799 -0.202102 0.00326636
55 108.276 -31.218 3.65698 -0.153254 0.00245745
56 172.763 -49.5234 5.4838 -0.22715 0.00348211
57 77.8635 -16.3902 1.32253 -0.00838269 -0.000592096
58 102.253 -28.5217 3.36448 -0.138925 0.00219631
59 173.129 -50.2905 5.76358 -0.25013 0.00403997
60 167.39 -48.8173 5.58427 -0.242728 0.0039466
61 149.457 -41.7857 4.48492 -0.172475 0.0024182
62 153.83 -44.9274 5.17807 -0.222296 0.00356119
63 183.331 -53.9636 6.16544 -0.267661 0.00430086
64 156.279 -42.9046 4.77067 -0.199645 0.0031732
65 190.683 -52.6492 5.79239 -0.242067 0.00377417
66 134.222 -35.9197 4.05951 -0.168558 0.00268499
67 134.759 -36.4216 4.06355 -0.167129 0.00265698
68 175.855 -48.9655 5.40133 -0.223539 0.00345588
69 216.691 -61.1827 6.66622 -0.280486 0.00437156
70 185.173 -51.9456 5.78667 -0.247268 0.00396471
71 175.326 -49.7259 5.63337 -0.242224 0.00390412
72 160.198 -43.5619 4.85383 -0.203207 0.00324041
73 185.062 -48.7453 4.91793 -0.178984 0.00234815
74 168.254 -46.8812 5.27958 -0.224789 0.00360905
75 152.001 -41.629 4.68973 -0.197121 0.00312561
76 190.198 -53.6488 5.99666 -0.256709 0.00410812
77 194.847 -53.505 5.67298 -0.227397 0.00338694
78 172.911 -47.9281 5.34844 -0.226856 0.00361483
79 155.51 -42.8939 4.85859 -0.205816 0.00329259
80 175.047 -48.6071 5.36127 -0.223237 0.00348304
81 47.2996 -2.25553 -0.388393 0.0687622 -0.00174843
83 172.397 -47.2684 5.28767 -0.224519 0.0035917
84 162.195 -45.6141 5.12703 -0.216507 0.00343114
85 160.576 -43.8955 4.90682 -0.204951 0.00322581
86 127.167 -32.2214 3.59922 -0.143404 0.0021729
87 171.278 -49.1213 5.6114 -0.242474 0.00392426
88 159.116 -44.1238 4.90964 -0.202273 0.0031078
89 154.068 -42.6283 4.78322 -0.198063 0.00307751
90 128.221 -34.6959 3.98477 -0.166864 0.00267344
91 146.615 -41.6669 4.83839 -0.208986 0.00340086
92 145.481 -41.4262 4.82693 -0.209872 0.00346108
93 170.681 -45.4757 5.01553 -0.207466 0.00320816
94 124.844 -33.5984 3.87662 -0.16152 0.00257508
95 137.086 -37.7507 4.39366 -0.187316 0.00301393
