0 51.0152 -15.1526 1.89844 -0.0711334 0.00107239
1 108.032 -33.9377 3.98036 -0.166597 0.00263217
2 179.776 -55.7342 6.36009 -0.278181 0.00453672
3 46.1013 -14.593 1.82124 -0.0663893 0.000971253
4 33.2451 -12.983 1.7992 -0.0715002 0.00114814
5 322.562 -98.4769 10.8976 -0.48433 0.00793502
6 138.032 -43.6871 5.03699 -0.21626 0.00348952
7 191.78 -58.7418 6.65704 -0.292028 0.00476627
8 119.334 -38.656 4.56962 -0.198381 0.00324488
9 182.186 -55.7775 6.38178 -0.281036 0.00461096
10 108.155 -34.4376 4.03425 -0.170719 0.00273888
11 106.748 -34.069 4.03095 -0.171669 0.00276767
12 63.9254 -20.9489 2.62662 -0.108593 0.00175163
13 149.684 -46.2852 5.32992 -0.231748 0.00378478
14 201.221 -61.2577 6.92913 -0.304224 0.00496704
15 206.352 -63.455 7.26682 -0.324502 0.00537459
16 63.3947 -22.0574 2.81248 -0.119173 0.00194953
17 223.144 -68.6437 7.71622 -0.340942 0.00559329
18 308.76 -94.4504 10.5006 -0.467622 0.00767669
19 58.8683 -18.1 2.21913 -0.084626 0.00125984
20 50.9731 -16.5412 2.18611 -0.0897775 0.00144995
21 72.2373 -22.1331 2.66699 -0.107373 0.00168077
22 223.186 -68.6237 7.72706 -0.341927 0.0056126
23 139.807 -43.9266 5.09239 -0.220794 0.00359839
24 145.013 -45.2488 5.30755 -0.234345 0.00387395
25 133.609 -41.5128 4.89304 -0.214083 0.00351063
26 171.149 -52.9474 6.0723 -0.266385 0.00435269
27 147.705 -45.7723 5.27208 -0.228428 0.00370359
28 8.30302 -2.34415 0.507539 -0.00661489 -2.60035e-05
29 67.8921 -21.0282 2.58455 -0.104281 0.00163694
30 0.588886 -0.529253 0.35944 -0.000299883 -0.000131785
31 209.071 -65.4781 7.58917 -0.341235 0.0056594
32 109.222 -29.5368 3.46895 -0.146169 0.00237705
33 132.863 -35.1439 4.06244 -0.173569 0.00283147
34 75.3715 -17.76 2.05638 -0.0760147 0.00114083
35 65.9389 -13.829 1.5835 -0.0527375 0.000716767
36 155.112 -44.624 5.18908 -0.228455 0.00378979
37 121.439 -32.0793 3.70646 -0.156286 0.00253213
38 38.0053 -2.86314 0.232076 0.0159231 -0.000516774
39 143.728 -38.0716 4.35394 -0.186387 0.00303537
40 149.449 -38.7372 4.3572 -0.185013 0.00299774
41 217.74 -62.0276 6.99634 -0.307934 0.00503187
42 67.1041 -14.9908 1.74472 -0.0617055 0.000899454
43 127.05 -33.3543 3.84034 -0.162785 0.00263435
44 200.861 -55.607 6.27654 -0.276198 0.00455108
45 134.714 -35.121 4.0138 -0.170299 0.00277159
46 141.308 -37.351 4.20493 -0.177892 0.00287531
47 212.28 -60.1344 6.83567 -0.304768 0.00504555
48 102.35 -25.2038 2.89158 -0.117585 0.00187656
49 131.482 -33.9799 3.88153 -0.163832 0.00265975
50 93.6662 -20.5241 2.24981 -0.0820077 0.00120117
51 61.2896 -10.5191 1.12699 -0.0295239 0.000316731
52 188.379 -53.6875 6.16409 -0.273776 0.00454219
53 133.612 -35.18 3.98889 -0.167791 0.002691
54 132.678 -34.7094 3.97608 -0.169182 0.00275419
55 111.509 -29.2726 3.41763 -0.143994 0.00234179
56 67.3084 -12.8512 1.39415 -0.0415835 0.000512094
57 108.897 -27.1443 3.13883 -0.129056 0.00206587
58 179.026 -51.05 5.89978 -0.261671 0.00433404
59 125.161 -32.6744 3.77433 -0.160108 0.0025993
60 46.0946 -5.64741 0.589366 -0.0045856 -0.000106059
61 127.655 -34.1365 3.95284 -0.168795 0.00275897
62 97.9241 -22.8849 2.61267 -0.102919 0.00159651
63 98.6513 -24.3041 2.84745 -0.115455 0.00181668
64 118.044 -29.9163 3.35974 -0.137634 0.00220448
65 128.129 -34.4717 3.95208 -0.167295 0.00271615
66 122.463 -31.5579 3.55067 -0.145115 0.00229414
67 90.3664 -22.8239 2.64491 -0.10449 0.00163502
68 76.1772 -17.9284 2.027 -0.0723204 0.00105334
69 86.3364 -21.5459 2.48977 -0.0972096 0.00152328
70 151.444 -41.6156 4.75438 -0.205266 0.00336218
71 131.25 -37.6166 4.47816 -0.197428 0.00330358
72 172.856 -48.8463 5.53424 -0.240275 0.0039332
73 62.1771 -11.2382 1.19167 -0.0311574 0.000332181
74 104.616 -26.2863 2.9614 -0.117309 0.00181894
75 95.3479 -24.29 2.80833 -0.112679 0.0017895
76 109.496 -27.8007 3.18476 -0.129218 0.00204249
77 145.711 -41.3335 4.80069 -0.210636 0.00350465
78 119.256 -30.6847 3.49551 -0.145623 0.00235146
79 106.759 -26.8284 3.07789 -0.125682 0.00200384
80 70.4774 -12.7577 1.32308 -0.037226 0.000432091
81 145.458 -39.4504 4.49276 -0.191862 0.00312212
82 80.7066 -18.7074 2.13701 -0.0800845 0.0012323
83 113.936 -28.6438 3.23914 -0.132051 0.00210167
84 54.7932 -8.24698 0.805019 -0.011243 -3.98705e-05
85 107.694 -29.0873 3.40167 -0.141287 0.00225885
86 85.3963 -18.4699 2.02702 -0.0710757 0.00101187
87 131.83 -35.1829 4.0345 -0.170396 0.00275244
88 122.678 -31.8967 3.65838 -0.151911 0.00243518
89 162.58 -45.3102 5.22038 -0.226538 0.00368906
90 72.083 -16.3326 1.91197 -0.0691061 0.00101408
91 116.561 -27.828 3.13111 -0.126047 0.00197063
92 -8.69905 9.8127 -1.14061 0.0819871 -0.00166101
93 94.152 -22.1436 2.54824 -0.0994127 0.00152859
94 24.9739 -0.300549 0.0517295 0.0213476 -0.000560918
95 113.058 -28.1218 3.24097 -0.131056 0.0020387
