0 101.065 -32.2037 4.0484 -0.177045 0.00285841
1 153.112 -50.0241 6.1324 -0.278858 0.0046321
2 85.0393 -26.284 3.33168 -0.139828 0.00216052
3 112.319 -36.8465 4.63421 -0.20793 0.00342547
4 134.403 -43.7824 5.38381 -0.241335 0.00396655
5 141.517 -46.399 5.71072 -0.259548 0.00433701
6 190.021 -62.1024 7.48149 -0.342768 0.00573384
7 127.426 -41.0422 5.02448 -0.222604 0.00362045
8 109.918 -35.4298 4.38801 -0.193021 0.00314603
9 173.193 -55.8048 6.68853 -0.302087 0.0049931
10 123.55 -40.5955 4.99057 -0.221016 0.00359339
11 97.8147 -31.1614 3.91472 -0.171361 0.00278272
12 172.945 -56.1979 6.72574 -0.302807 0.00499217
13 130.387 -42.2245 5.21032 -0.234759 0.00389319
14 142.593 -45.701 5.54777 -0.247785 0.00406074
15 165.302 -53.5527 6.45871 -0.29251 0.00485226
16 162.943 -53.0221 6.41502 -0.289851 0.00478744
17 148.613 -47.8869 5.83794 -0.263177 0.00434687
18 127.744 -40.7437 4.94454 -0.217093 0.00351033
19 124.345 -39.6761 4.91688 -0.220637 0.00364349
20 125.369 -40.4028 4.98832 -0.223323 0.00368065
21 120.594 -38.4467 4.74216 -0.210337 0.00342887
22 115.655 -36.3854 4.50003 -0.19908 0.00325076
23 133.855 -42.7154 5.23833 -0.234508 0.0038554
24 166.88 -53.6912 6.43936 -0.289407 0.00475728
25 106.339 -33.5744 4.17179 -0.181398 0.00290731
26 84.1034 -26.8099 3.45027 -0.149606 0.00240859
27 122.125 -37.2858 4.62211 -0.206895 0.00341653
28 142.449 -46.7183 5.71299 -0.258532 0.00429908
29 151.418 -49.4845 6.1401 -0.283092 0.00476226
30 107.439 -34.8965 4.41906 -0.197245 0.00323809
31 124.156 -39.4211 4.95845 -0.226381 0.00379447
32 153.883 -44.4887 5.20689 -0.225151 0.0035959
33 211.758 -64.9291 7.50425 -0.331302 0.00533354
34 185.19 -57.5284 6.82319 -0.305849 0.00500659
35 197.656 -60.0783 7.04791 -0.316643 0.0052163
36 144.654 -45.179 5.44201 -0.241522 0.00394237
37 169.922 -53.0386 6.31351 -0.281757 0.00460026
38 180.596 -58.6731 7.07379 -0.321803 0.00533787
39 180.803 -56.0056 6.66775 -0.299875 0.00492925
40 174.062 -53.6659 6.31441 -0.279568 0.00453809
41 181.158 -57.0176 6.74794 -0.301413 0.00492067
42 142.276 -43.22 5.14237 -0.224917 0.0036319
43 160.697 -51.0746 6.15176 -0.277072 0.00457432
44 136.112 -43.6786 5.3549 -0.242413 0.00406223
45 198.772 -62.8794 7.43963 -0.336169 0.00554616
46 137.465 -42.093 5.07613 -0.224943 0.00369026
47 139.263 -42.9225 5.19017 -0.231669 0.00381457
48 173.026 -53.8194 6.42796 -0.289224 0.00476967
49 164.453 -51.0428 6.09123 -0.271816 0.00445457
50 164.233 -51.8816 6.18826 -0.277148 0.00457005
51 160.538 -50.48 6.0298 -0.26907 0.00440499
52 175.14 -53.4002 6.35176 -0.285418 0.00471056
53 155.891 -48.3028 5.8196 -0.261429 0.00430951
54 122.105 -36.5526 4.45275 -0.195584 0.00318335
55 146.652 -43.7475 5.20255 -0.229128 0.00373727
56 168.258 -50.9343 5.98948 -0.264393 0.00428676
57 136.276 -40.9823 4.95203 -0.218116 0.00353834
58 141.277 -42.5995 5.12798 -0.227972 0.00375784
59 118.281 -36.3878 4.49877 -0.200324 0.00330191
60 167.332 -53.2887 6.42737 -0.29181 0.00485047
61 153.979 -46.7146 5.58491 -0.249305 0.00410102
62 183.318 -56.882 6.74692 -0.302446 0.00495427
63 125.44 -38.5222 4.73203 -0.211161 0.00349009
64 159.765 -48.9923 5.90139 -0.267082 0.00447149
65 198.774 -61.9135 7.34488 -0.332791 0.00552207
66 172.959 -52.6898 6.30642 -0.283608 0.00467972
67 150.553 -45.7812 5.59643 -0.254453 0.00425652
68 220.83 -69.4885 8.19181 -0.372659 0.00621
69 248.321 -77.7146 9.04691 -0.408184 0.00670265
70 177.208 -55.5673 6.72384 -0.307602 0.00515807
71 137.212 -41.3025 5.08389 -0.22822 0.00377084
72 196.857 -60.7233 7.15287 -0.321616 0.0053046
73 225.176 -69.6924 8.17254 -0.369403 0.00609649
74 164.575 -49.021 5.85531 -0.260437 0.00425182
75 196.768 -60.4919 7.1342 -0.32056 0.0052668
76 245.374 -78.0402 9.19855 -0.421537 0.00704893
77 189.277 -58.9846 7.03657 -0.320831 0.0053802
78 167.345 -51.589 6.28364 -0.287947 0.00484865
79 194.751 -61.225 7.30145 -0.332635 0.00555027
80 153.602 -45.1068 5.40919 -0.241673 0.00400109
81 163.213 -48.2597 5.53415 -0.232723 0.00356214
82 124.958 -36.6537 4.40354 -0.190425 0.00305799
83 126.969 -36.3744 4.39798 -0.19115 0.00307653
84 242.709 -75.3867 8.74276 -0.394146 0.00648976
85 154.682 -46.3082 5.59671 -0.248839 0.00404832
86 138.942 -42.156 5.17463 -0.232342 0.00384244
87 164.518 -50.906 6.16972 -0.278902 0.0046038
88 105.805 -30.1933 3.67224 -0.153677 0.00239073
89 185.184 -56.6109 6.76783 -0.305607 0.00504365
90 143.839 -44.5712 5.4587 -0.246784 0.00410534
91 155.535 -49.33 6.08204 -0.28015 0.0047393
92 210.491 -66.0656 7.86902 -0.360515 0.0060432
93 158.842 -47.0949 5.66086 -0.252996 0.00415098
94 102.469 -31.1042 3.94918 -0.173802 0.00283202
95 121.781 -36.8109 4.64108 -0.208713 0.00344882
