0 93.7919 -22.9525 2.67337 -0.108139 0.00173857
1 22.8796 2.58485 -0.489857 0.0543624 -0.00123408
2 90.2206 -20.9829 2.362 -0.0884975 0.00130494
3 113.76 -30.4721 3.52929 -0.147681 0.00236606
4 131.93 -36.8848 4.31642 -0.188785 0.00314909
5 151.727 -39.6098 4.44585 -0.189873 0.00309026
6 154.131 -42.2032 4.78908 -0.206107 0.00335531
7 160.003 -44.3685 5.02118 -0.217238 0.00354576
8 114.422 -28.8548 3.29001 -0.136654 0.00221844
9 108.109 -24.8131 2.69127 -0.101687 0.00150538
10 168.591 -48.8945 5.70513 -0.256132 0.00430947
11 66.9322 -11.5128 1.19601 -0.0307115 0.000289433
12 125.048 -33.4281 3.88383 -0.167334 0.00276317
13 163.612 -43.9809 5.01936 -0.220339 0.00365096
14 131.319 -32.5805 3.60772 -0.148403 0.00235278
15 137.736 -36.8833 4.23848 -0.183197 0.00302014
16 68.2945 -13.3182 1.45196 -0.0459601 0.000611135
17 142.822 -35.1367 3.8449 -0.156201 0.00243456
18 180.507 -50.499 5.74043 -0.252285 0.00416557
19 91.1111 -20.7559 2.32197 -0.0872919 0.00130554
20 106.539 -27.7482 3.23351 -0.136348 0.00223278
21 148.903 -42.3052 4.91194 -0.216244 0.00358819
22 122.546 -31.9128 3.63424 -0.151784 0.00243915
23 154.789 -42.4764 4.87625 -0.21284 0.00350464
24 172.674 -48.4518 5.53607 -0.244088 0.00404595
25 151.321 -41.1682 4.78673 -0.211011 0.00350181
26 162.683 -45.5684 5.23847 -0.229688 0.00377788
27 156.305 -41.5641 4.72297 -0.20421 0.00333575
28 154.649 -42.3689 4.89789 -0.215865 0.00359318
29 57.7269 -9.66869 1.0861 -0.0293331 0.00032232
30 132.165 -35.3524 4.08642 -0.175973 0.00287885
31 109.598 -28.0442 3.31502 -0.141434 0.00233101
32 58.5387 -12.3583 1.45062 -0.0472052 0.000645684
33 179.809 -53.1129 6.14478 -0.273121 0.00453285
34 107.896 -31.2747 3.74462 -0.161482 0.00266507
35 140.352 -40.2046 4.65705 -0.201278 0.00328477
36 88.4381 -23.6925 2.82429 -0.115666 0.00186194
37 86.7349 -20.8706 2.41786 -0.0937844 0.00144781
38 114.027 -33.5236 4.0505 -0.177412 0.00295172
39 111.777 -31.0462 3.67857 -0.157405 0.00258253
40 61.3476 -15.1908 1.84159 -0.0685759 0.00105071
41 113.464 -30.3632 3.52974 -0.148152 0.00240016
42 34.7438 -6.15371 0.745926 -0.0127639 2.93171e-05
43 125.431 -34.5638 4.03479 -0.173223 0.00283842
44 2.19949 6.10989 -0.741823 0.0625605 -0.00132742
45 110.252 -30.992 3.66129 -0.15566 0.00253586
46 86.3605 -22.1553 2.62019 -0.105755 0.00168886
47 127.926 -36.5312 4.31142 -0.188751 0.00313033
48 47.8039 -9.0733 1.06436 -0.0294473 0.00035315
49 121.272 -33.6481 3.92938 -0.168249 0.00275173
50 136.034 -39.2108 4.62575 -0.203302 0.00337143
51 137.757 -38.6777 4.48036 -0.194915 0.00321979
52 112.695 -30.3368 3.60093 -0.155617 0.00257674
53 147.311 -41.6059 4.85114 -0.214438 0.00358068
54 164.387 -47.9881 5.59158 -0.248154 0.00411689
55 170.163 -50.5027 5.91769 -0.264845 0.00441445
56 157.286 -44.9873 5.16407 -0.225328 0.00370674
57 155.622 -43.3005 4.99389 -0.217961 0.00358495
58 105.342 -28.3897 3.37016 -0.14192 0.00229255
59 104.965 -28.4765 3.37207 -0.14168 0.00228348
60 68.8997 -15.4427 1.80957 -0.0658397 0.000979468
61 120.358 -35.2105 4.17714 -0.181409 0.00298385
62 27.0849 -2.10271 0.312108 0.0059272 -0.000265864
63 46.378 -9.87886 1.30322 -0.0452236 0.000662215
64 135.274 -35.1344 3.90794 -0.162241 0.00259402
65 159.48 -45.3168 5.13911 -0.221737 0.00363318
66 192.661 -55.0425 6.18612 -0.269848 0.00442714
67 126.577 -36.6709 4.27527 -0.18297 0.00297775
68 85.2892 -20.5521 2.31952 -0.0862629 0.00127538
69 116.564 -30.3522 3.42434 -0.13946 0.00219967
70 220.113 -63.2426 7.04847 -0.305588 0.00491984
71 29.4549 -3.36813 0.405435 0.00511124 -0.000291175
72 113.466 -31.2393 3.57845 -0.148884 0.00240645
73 80.6766 -20.4229 2.37828 -0.091543 0.00141121
74 145.65 -41.8787 4.80506 -0.206526 0.00336455
75 64.226 -13.7239 1.52026 -0.0480136 0.000639488
76 213.132 -61.5833 6.97375 -0.307945 0.00506094
77 116.637 -31.3371 3.53958 -0.146539 0.00236269
78 170.492 -50.0526 5.73292 -0.250435 0.00409605
79 185.431 -54.3049 6.18714 -0.272141 0.00448469
80 105.824 -26.2397 2.95522 -0.117991 0.00185446
81 145.213 -41.2705 4.75378 -0.206553 0.00340902
82 145.372 -41.5823 4.76163 -0.20565 0.00337425
83 107.464 -27.6625 3.13499 -0.127029 0.00201874
84 110.45 -30.0099 3.48636 -0.147794 0.00242661
85 80.4618 -19.8813 2.31421 -0.0877959 0.00131874
86 135.796 -39.423 4.61977 -0.201098 0.00330907
87 118.386 -32.9633 3.88289 -0.166445 0.00272306
88 96.3586 -24.5637 2.79436 -0.108766 0.00165269
89 140.883 -39.5902 4.57955 -0.198073 0.00324806
90 125.386 -33.913 3.91676 -0.165572 0.00267802
91 134.447 -37.1552 4.27133 -0.181364 0.00293055
92 114.651 -32.3266 3.81451 -0.162723 0.00265746
93 204.075 -57.697 6.54021 -0.287275 0.00470198
94 50.5139 -10.4118 1.23866 -0.0356139 0.000417026
95 83.2268 -23.3786 2.92302 -0.123789 0.00203004
