0 276.569 -77.1704 8.2469 -0.33517 0.00498001
1 308.083 -88.6089 9.71241 -0.413203 0.00645226
2 140.606 -36.8415 4.02536 -0.145513 0.00188741
3 202.558 -55.7041 6.06147 -0.236325 0.00330701
4 288.674 -81.5123 8.82211 -0.365172 0.00550746
5 263.322 -74.6053 8.12995 -0.33571 0.00506287
6 328.691 -92.3372 9.83519 -0.405442 0.00610012
7 368.8 -105.365 11.3016 -0.475509 0.00730173
8 233.225 -62.8509 6.56871 -0.250172 0.00341535
9 303.788 -84.1321 8.82503 -0.349754 0.00497013
10 240.79 -66.7562 7.20273 -0.291256 0.00431825
11 172.91 -41.0026 3.86712 -0.113238 0.000967621
12 208.49 -56.7497 6.1104 -0.244418 0.00364493
13 360.028 -101.488 10.7962 -0.451544 0.00691913
14 104.955 -22.6166 2.07987 -0.0417223 -1.33997e-05
15 180.323 -46.9269 4.81627 -0.171625 0.00219454
16 211.365 -56.424 5.93692 -0.228829 0.00324741
17 141.445 -33.6957 3.37916 -0.105033 0.00106104
18 296.999 -82.1141 8.69301 -0.354617 0.00532128
19 287.913 -80.8257 8.69326 -0.35859 0.00542438
20 229.505 -61.0209 6.44323 -0.256582 0.00384871
21 222.99 -59.6976 6.26313 -0.241114 0.00339076
22 641.457 -179.877 18.6738 -0.793237 0.0123553
23 281.822 -76.5988 8.03924 -0.320956 0.0046812
24 324.727 -89.2621 9.31831 -0.375331 0.00551053
25 71.1384 -9.40812 0.344747 0.0542862 -0.00191152
26 367.741 -102.839 10.9283 -0.460956 0.0072041
27 361.951 -100.978 10.6316 -0.440295 0.00669411
28 484.244 -136.306 14.3067 -0.604185 0.00935962
29 301.71 -80.3716 8.16848 -0.313484 0.00433304
30 216.331 -54.9355 5.51313 -0.19693 0.00249735
31 340.982 -95.198 10.0765 -0.416167 0.00629359
32 394.102 -112.911 11.9885 -0.499925 0.00760154
33 243.074 -67.2559 6.99693 -0.262161 0.00344242
34 234.528 -65.8091 6.9672 -0.268629 0.00370581
35 302.051 -86.9946 9.35931 -0.386028 0.00581142
36 546.241 -162.451 17.7987 -0.795564 0.0131012
37 243.682 -67.1998 7.02211 -0.268322 0.00366935
38 133.314 -33.3177 3.30874 -0.09749 0.000866834
39 168.842 -45.05 4.73164 -0.172568 0.00229178
40 330.753 -92.5984 9.70046 -0.392284 0.00578487
41 175.45 -45.6728 4.60785 -0.161245 0.0020568
42 155.458 -43.5683 4.64371 -0.167177 0.00213874
43 485.092 -141.04 15.0739 -0.64626 0.0101314
44 226.893 -65.3359 7.04027 -0.279959 0.00406218
45 169.271 -45.7236 4.8373 -0.179311 0.00244024
46 244.147 -67.9927 7.13888 -0.275935 0.00384209
47 126.034 -31.256 3.12234 -0.0939855 0.000913071
48 455.46 -134.092 14.5348 -0.632841 0.0101349
49 221.224 -59.511 6.12344 -0.23088 0.00319875
50 297.06 -84.4149 9.03182 -0.37612 0.00582285
51 224.909 -62.3491 6.5822 -0.256966 0.00367908
52 223.918 -62.0818 6.57634 -0.258266 0.00373369
53 138.249 -36.3238 3.66683 -0.114416 0.00113503
54 103.684 -26.13 2.58882 -0.0681528 0.000442807
55 250.177 -71.3042 7.61308 -0.305805 0.00450373
56 78.9191 -17.978 1.72926 -0.0314093 -0.000116104
57 206.499 -57.6275 6.18902 -0.243975 0.00355547
58 159.694 -41.2976 4.14899 -0.137352 0.00156222
59 38.5774 -6.64437 0.500958 0.0290575 -0.00121308
60 -3.22087 5.41463 -0.724896 0.0820539 -0.00203619
61 185.884 -51.4324 5.48897 -0.20925 0.00290978
62 179.461 -50.0997 5.45025 -0.216188 0.00323242
63 229.439 -60.0082 5.96634 -0.215735 0.00283136
64 199.965 -63.5855 7.94511 -0.388731 0.00715456
65 123.449 -32.7919 3.55205 -0.122542 0.00151494
66 204.479 -59.0734 6.51504 -0.260454 0.00379048
67 246.575 -73.4714 8.36975 -0.365619 0.00593499
68 142.801 -38.3637 4.11424 -0.144143 0.0017745
69 284.885 -80.7667 8.55397 -0.344213 0.00505982
70 170.277 -50.2999 5.93758 -0.257826 0.0042499
71 178.133 -50.7179 5.61737 -0.221344 0.00318398
72 214.918 -61.9152 6.81842 -0.277101 0.00412076
73 161.566 -43.1092 4.46888 -0.154584 0.00187179
74 234.904 -67.1599 7.21411 -0.286604 0.00414733
75 543.947 -159.175 17.0024 -0.732171 0.0115081
76 84.1433 -19.7947 2.02903 -0.0467378 0.000152399
77 101.743 -25.85 2.77733 -0.0895818 0.00106362
78 134.707 -37.4142 4.19789 -0.162364 0.00239183
79 187.999 -53.7121 5.93932 -0.237735 0.00350291
80 221.192 -62.4834 6.71778 -0.266326 0.0038569
81 160.115 -43.199 4.5031 -0.159834 0.00204577
82 282.086 -83.5592 9.21197 -0.393142 0.00621131
83 193.391 -55.482 6.13184 -0.246415 0.00364755
84 246.75 -71.7868 7.8586 -0.326385 0.00499436
85 181.117 -50.6683 5.45007 -0.205371 0.00277218
86 173.3 -49.8432 5.61477 -0.226185 0.00334945
87 231.472 -68.0641 7.57227 -0.315471 0.00483132
88 272.248 -80.1828 8.75678 -0.363396 0.00550797
89 243.973 -72.9687 8.20878 -0.349432 0.00546622
90 201.941 -59.3957 6.72192 -0.281115 0.00433682
91 222.874 -66.3842 7.51102 -0.320335 0.00505324
92 238.831 -74.0752 8.70353 -0.396345 0.00671695
93 256.778 -76.9259 8.63134 -0.367889 0.00574291
94 272.101 -77.9196 8.29848 -0.334058 0.00491161
95 188.494 -58.0386 7.02793 -0.320692 0.00546304
