0 130.797 -35.1688 3.9226 -0.157518 0.00238943
1 166.72 -44.9191 4.89776 -0.197485 0.00295886
2 128.705 -33.2417 3.64145 -0.143489 0.0021554
3 120.101 -30.6736 3.33778 -0.127526 0.00184273
4 192.227 -54.2446 5.97063 -0.251595 0.00394828
5 181.554 -51.2068 5.61432 -0.233154 0.00360655
6 164.882 -46.5841 5.18957 -0.217412 0.00341329
7 177.551 -50.5601 5.61994 -0.238742 0.00381019
8 195.78 -55.6812 6.13975 -0.259794 0.00410347
9 139.886 -37.1319 4.11568 -0.167457 0.00257987
10 187.606 -52.7628 5.79396 -0.243016 0.0038064
11 185.447 -53.5659 6.03766 -0.261945 0.00424887
12 183.649 -51.4429 5.70351 -0.241564 0.00382591
13 180.391 -50.3024 5.55547 -0.233401 0.0036713
14 172.377 -46.6035 5.06736 -0.206338 0.00312449
15 126.919 -33.2083 3.66256 -0.146146 0.00223104
16 217.161 -62.0975 6.84855 -0.294266 0.00470627
17 178.725 -50.8485 5.70209 -0.244524 0.00392213
18 173.681 -47.7696 5.2232 -0.215778 0.00332913
19 161.554 -46.0004 5.19775 -0.220578 0.00351029
20 171.842 -47.1773 5.20191 -0.218258 0.00343932
21 158.954 -42.9994 4.77125 -0.198843 0.00312396
22 219.579 -63.5594 7.07287 -0.306978 0.00495063
23 104.456 -25.3542 2.72134 -0.0985574 0.00136021
24 193.403 -53.7501 5.87692 -0.24674 0.00387277
25 173.73 -46.8529 5.12608 -0.21106 0.00323972
26 203.001 -58.8331 6.59203 -0.284762 0.00456737
27 153.211 -41.9482 4.72667 -0.198234 0.00310966
28 150.062 -41.5824 4.66452 -0.194536 0.00305933
29 187 -52.1684 5.80687 -0.246341 0.00388346
30 168.393 -47.1136 5.32761 -0.227649 0.00363105
31 156.975 -43.9674 5.04544 -0.217286 0.0034957
32 163.902 -44.1991 4.85166 -0.200527 0.00312819
33 214.306 -60.1386 6.55091 -0.275748 0.00430358
34 195.695 -54.4645 6.00257 -0.254671 0.00403198
35 106.587 -25.8404 2.7918 -0.103887 0.00150166
36 164.641 -44.796 4.94927 -0.206296 0.0032425
37 157.737 -43.1206 4.77956 -0.197213 0.00305178
38 229.021 -65.5848 7.232 -0.311758 0.00499103
39 217.7 -60.9855 6.6448 -0.281344 0.00442848
40 173.978 -47.3988 5.19338 -0.217314 0.00343032
41 200.896 -56.8961 6.23115 -0.264165 0.00419402
42 187.134 -51.1024 5.54199 -0.229537 0.00355295
43 157.037 -43.0837 4.81445 -0.204099 0.0032767
44 241.205 -68.7941 7.49543 -0.321762 0.00515287
45 179.152 -49.4529 5.47054 -0.231929 0.00368509
46 174.278 -47.8778 5.32261 -0.225837 0.00359366
47 162.986 -44.5844 4.99249 -0.213543 0.00345378
48 182.836 -51.333 5.65375 -0.239562 0.0038219
49 205.053 -57.7888 6.32912 -0.268319 0.00424256
50 221.636 -63.9469 7.10055 -0.308219 0.00497644
51 164.076 -44.1088 4.87535 -0.204688 0.00324333
52 138.574 -37.0117 4.12578 -0.170529 0.00268422
53 111.146 -26.3175 2.83665 -0.10728 0.00158736
54 196.056 -54.7684 6.00107 -0.253388 0.00399373
55 113.146 -27.5282 3.00053 -0.115003 0.0017006
56 140.582 -36.4783 3.94863 -0.15858 0.00243924
57 163.235 -45.4543 5.09365 -0.214955 0.00340556
58 207.614 -59.7709 6.63421 -0.286518 0.00461509
59 153.109 -42.0418 4.73188 -0.199528 0.00317035
60 107.498 -26.0619 2.83794 -0.108271 0.0016235
61 161.589 -45.2953 5.12167 -0.2186 0.00349608
62 178.311 -50.307 5.6591 -0.243184 0.00390218
63 155.562 -42.137 4.74794 -0.201539 0.00322142
64 157.2 -44.6138 4.83108 -0.194154 0.0029086
65 201.451 -60.9902 6.79581 -0.292072 0.00465842
66 160.054 -44.9647 4.94219 -0.202173 0.00308691
67 86.6018 -23.3329 2.62979 -0.099298 0.00145407
68 130.9 -38.6731 4.42555 -0.186475 0.00297228
69 136.255 -40.8462 4.63304 -0.194625 0.00308389
70 144.833 -41.4121 4.64002 -0.193316 0.0030263
71 161.724 -46.8841 5.24235 -0.219238 0.00341267
72 149.914 -42.2964 4.66636 -0.190404 0.00289709
73 135.911 -38.9933 4.4116 -0.184775 0.00292596
74 132.773 -37.683 4.22909 -0.172728 0.00264985
75 88.737 -25.4805 2.94584 -0.116153 0.00175659
76 133.066 -37.0842 4.11236 -0.165566 0.00249863
77 125.467 -35.3576 3.93899 -0.160112 0.00247091
78 128.31 -36.9593 4.13845 -0.169045 0.00259872
79 139.863 -40.7008 4.56484 -0.188514 0.00291931
80 134.062 -38.5194 4.31903 -0.177497 0.00274261
81 119.427 -34.1162 3.84443 -0.155715 0.00238139
82 138.366 -40.7728 4.57729 -0.189448 0.00293933
83 89.0331 -23.9942 2.72395 -0.104326 0.00153561
84 145.97 -41.653 4.60072 -0.186647 0.00281773
85 149.635 -43.1003 4.81543 -0.19804 0.00301835
86 158.915 -44.9476 4.9749 -0.204343 0.00311274
87 110.207 -31.3173 3.59572 -0.146318 0.00224783
88 118.759 -32.2895 3.60631 -0.143886 0.00217839
89 97.9718 -26.2422 2.92148 -0.109287 0.00154173
90 121.525 -36.0037 4.11797 -0.170702 0.00266809
91 99.9167 -26.8694 3.03472 -0.117124 0.00170581
92 102.518 -28.2486 3.21795 -0.127801 0.00192828
93 100.193 -28.534 3.34903 -0.137227 0.00213421
94 144.704 -40.47 4.55576 -0.189933 0.00296803
95 74.6059 -18.8827 2.1873 -0.0802783 0.00114702
