0 85.1896 -22.1489 2.35405 -0.077462 0.000945517
1 114.597 -31.0204 3.26402 -0.116125 0.00151445
2 104.155 -28.0416 2.96499 -0.102082 0.00127893
3 124.5 -33.5719 3.51051 -0.128166 0.00174283
4 114.57 -30.4927 3.15646 -0.109122 0.00136902
5 117.589 -31.8428 3.38704 -0.123742 0.00168622
6 108.615 -28.8267 3.05596 -0.1079 0.00140945
7 95.9702 -24.0259 2.45332 -0.0782865 0.000886433
8 70.6403 -17.2947 1.83416 -0.0520903 0.000467746
9 116.432 -30.9959 3.28049 -0.117301 0.00153488
10 91.7867 -23.5852 2.55393 -0.0886178 0.00113538
11 100.871 -25.6757 2.66131 -0.0885876 0.00106159
12 98.4024 -26.6455 2.8577 -0.100228 0.00130071
13 127.093 -35.3438 3.73709 -0.138424 0.0018981
14 135.859 -37.5552 3.9731 -0.149759 0.00209515
15 105.575 -26.5898 2.73165 -0.0909677 0.00108964
16 111.443 -31.8354 3.50598 -0.132927 0.00187681
17 112.629 -30.2967 3.18437 -0.113304 0.0014804
18 108.489 -28.9734 3.02486 -0.105708 0.00136998
19 87.9651 -20.8808 2.15152 -0.0661147 0.000705716
20 93.0825 -24.6165 2.55893 -0.0832736 0.000962309
21 90.6247 -21.9096 2.25167 -0.0696352 0.000742572
22 118.731 -31.9607 3.35817 -0.121339 0.00161579
23 91.3578 -21.31 2.08969 -0.0589861 0.000525008
24 97.2539 -26.1096 2.79192 -0.0961241 0.00120325
25 125.215 -34.6201 3.63863 -0.132377 0.00177659
26 106.687 -28.0738 2.93308 -0.0998166 0.0012229
27 101.969 -25.0089 2.56503 -0.0840154 0.000989016
28 101.952 -27.218 2.94511 -0.104681 0.00136412
29 108.326 -28.9192 3.05858 -0.107343 0.00137522
30 82.2939 -19.7513 2.04385 -0.0599066 0.00056582
31 96.0206 -23.2916 2.40641 -0.0772442 0.000875221
32 97.8304 -20.5855 2.00686 -0.0532791 0.000415765
33 86.2992 -19.8537 2.05838 -0.0600436 0.00057569
34 71.4826 -15.1009 1.56018 -0.0370909 0.000189549
35 67.0676 -13.2507 1.35947 -0.0302642 0.000122301
36 87.7036 -21.0106 2.19766 -0.0675993 0.000722134
37 70.1739 -14.6212 1.48887 -0.0325132 8.248e-05
38 77.6987 -16.8273 1.78646 -0.0495104 0.000428719
39 60.2071 -12.0974 1.23185 -0.0231557 -2.33987e-05
40 65.0342 -13.4073 1.34077 -0.0273524 5.05936e-05
41 92.0153 -22.4448 2.33294 -0.0718504 0.00075662
42 84.4854 -18.8298 1.99021 -0.0598466 0.000614445
43 68.7121 -14.0436 1.44934 -0.034413 0.000188179
44 62.9576 -11.6256 1.12857 -0.0168396 -0.000151395
45 83.2852 -19.6258 2.05579 -0.0614356 0.000633729
46 75.739 -17.9235 1.92408 -0.0565246 0.000552291
47 69.8495 -15.4999 1.67057 -0.0470916 0.000434428
48 70.6705 -14.4307 1.50908 -0.0381054 0.000288143
49 53.9677 -10.5895 1.09926 -0.0185122 -5.77883e-05
50 69.428 -14.5025 1.52222 -0.0373161 0.000233946
51 68.8279 -12.6984 1.17991 -0.0169258 -0.000172405
52 71.045 -15.0677 1.45977 -0.0300054 5.56694e-05
53 72.6266 -13.9968 1.3462 -0.0250969 -3.65389e-05
54 79.9493 -16.9987 1.6994 -0.0422265 0.000254465
55 71.1131 -15.5788 1.63294 -0.0422743 0.000303764
56 72.0635 -13.9709 1.27635 -0.0198069 -0.000134526
57 82.0613 -18.1401 1.86634 -0.0507642 0.000408049
58 80.3672 -18.2657 1.91541 -0.0543233 0.000488658
59 72.2981 -14.5849 1.49133 -0.0359114 0.000209829
60 70.5868 -14.8346 1.49725 -0.0353137 0.000187913
61 90.9493 -20.7623 2.15815 -0.0654145 0.000675583
62 81.6394 -17.4873 1.82163 -0.0517791 0.000486772
63 115.761 -24.8792 2.47068 -0.075599 0.000787821
64 66.2628 -12.775 1.07396 -0.0110386 -0.000249972
65 78.214 -17.0174 1.59598 -0.0375886 0.000219857
66 74.7024 -16.4602 1.55884 -0.0345259 0.000126901
67 76.2391 -17.9949 1.81621 -0.0514619 0.000494259
68 72.2834 -15.4345 1.40842 -0.0282369 6.37546e-05
69 66.0383 -12.9376 1.10911 -0.0134353 -0.00021994
70 71.9456 -17.6646 1.82642 -0.0536537 0.000572563
71 58.7358 -11.4625 1.15711 -0.0239288 8.45834e-05
72 69.2519 -13.4647 1.08596 -0.0097917 -0.000298364
73 81.5135 -16.0743 1.39122 -0.0247532 -4.56594e-05
74 83.4654 -18.5423 1.83083 -0.050297 0.000437951
75 84.0774 -19.0753 1.91954 -0.0567459 0.000594529
76 69.2894 -14.5225 1.30233 -0.0232475 -4.00598e-05
77 80.0511 -17.6268 1.63958 -0.0388565 0.000217732
78 75.929 -17.9714 1.84591 -0.0551383 0.000589534
79 74.8941 -17.6067 1.8453 -0.0557823 0.000601995
80 68.8342 -13.1335 1.13505 -0.0155713 -0.000157568
81 74.4967 -14.9456 1.33143 -0.0238502 -4.95035e-05
82 72.4275 -16.5644 1.61471 -0.0415174 0.000326496
83 67.7095 -14.8911 1.41618 -0.0308868 0.000119372
84 64.0539 -10.6905 0.782006 0.00296229 -0.000491763
85 76.4416 -15.9451 1.50019 -0.0338368 0.000155387
86 70.1105 -14.1489 1.25049 -0.0181247 -0.000188542
87 57.6736 -12.1948 1.20049 -0.0232757 1.53319e-05
88 64.5555 -11.5623 0.906005 -0.00120924 -0.000467587
89 79.3025 -16.7337 1.51544 -0.0295438 -1.63937e-05
90 72.0575 -15.7623 1.48522 -0.0324153 0.000104723
91 63.3267 -13.222 1.25227 -0.0238113 -6.46685e-07
92 82.4673 -17.9964 1.71234 -0.0448265 0.000368874
93 83.4758 -18.1503 1.78949 -0.048698 0.000423051
94 76.9281 -17.1458 1.72273 -0.0463685 0.000391127
95 92.6166 -21.305 2.16242 -0.0670384 0.000742376
