0 80.0863 -16.491 1.54714 -0.0346397 0.000157097
1 98.3608 -24.525 2.54343 -0.0840655 0.00101986
2 99.4863 -25.7484 2.66808 -0.0883848 0.0010616
3 87.2196 -21.025 2.12861 -0.064537 0.000689826
4 54.7142 -10.9393 1.01423 -0.0117286 -0.000220214
5 82.304 -20.4838 2.19926 -0.0725942 0.000891795
6 75.7514 -17.5906 1.80963 -0.0511798 0.000475234
7 61.0304 -11.3529 0.99215 -0.00897991 -0.000283466
8 68.4717 -16.0886 1.6508 -0.0435618 0.000357238
9 71.3028 -16.3711 1.65901 -0.0428271 0.00031209
10 72.115 -16.1001 1.64706 -0.0437244 0.000355192
11 82.3836 -19.0123 1.89537 -0.0533467 0.00050024
12 76.051 -18.8365 2.01673 -0.0635189 0.000729681
13 77.7587 -18.6067 1.95609 -0.0598796 0.000650413
14 101.309 -26.0092 2.74112 -0.0953907 0.00123439
15 84.3729 -19.8219 2.01924 -0.061665 0.000675747
16 70.5093 -17.4698 1.93699 -0.0632129 0.00076726
17 94.6181 -25.2052 2.77769 -0.101801 0.00141159
18 98.5684 -25.168 2.67641 -0.0934288 0.00121985
19 68.4471 -13.2868 1.18604 -0.0181966 -0.000119285
20 70.4159 -16.3918 1.66202 -0.0439808 0.000359786
21 80.9011 -18.6488 1.9061 -0.0556678 0.000558425
22 105.042 -26.6153 2.83203 -0.101137 0.00135895
23 91.2966 -21.4567 2.15841 -0.0661086 0.000714398
24 61.5464 -11.6907 1.07971 -0.0150848 -0.000151201
25 83.0289 -19.4547 1.9792 -0.0590827 0.000611549
26 85.6733 -20.5324 2.16865 -0.0699549 0.000827602
27 88.7253 -20.99 2.16762 -0.0693305 0.000812307
28 81.8473 -20.4098 2.17568 -0.0700201 0.000815521
29 88.9584 -21.068 2.17843 -0.0688029 0.000785279
30 95.495 -22.0367 2.25264 -0.0712279 0.000810486
31 84.0423 -18.6574 1.87376 -0.0539108 0.000523656
32 84.8502 -20.3744 1.93734 -0.0485684 0.000305865
33 84.3168 -21.0381 2.10906 -0.0604657 0.000551576
34 71.8251 -17.3727 1.76677 -0.047909 0.000398163
35 98.2863 -26.0467 2.67291 -0.0892836 0.00109155
36 92.3097 -23.3484 2.31034 -0.0690594 0.000701469
37 109.931 -29.6438 3.03963 -0.10365 0.00128128
38 85.6538 -21.6136 2.21459 -0.0673121 0.000691165
39 80.0839 -19.5511 1.91099 -0.0511929 0.000403807
40 77.6747 -18.2246 1.68489 -0.0381882 0.000159942
41 78.8144 -19.2034 1.90092 -0.0527848 0.000465423
42 88.0052 -22.7537 2.35219 -0.0757804 0.000878806
43 76.3047 -18.1642 1.76684 -0.045268 0.000306872
44 63.8627 -14.2864 1.38823 -0.0296156 8.40561e-05
45 82.721 -20.9503 2.19386 -0.0709617 0.000836783
46 96.9776 -25.5178 2.64448 -0.0886166 0.00106993
47 81.6414 -20.4553 2.07931 -0.0629824 0.00066973
48 67.1196 -15.8961 1.61294 -0.0429413 0.000355371
49 89.7038 -22.8848 2.29961 -0.0704782 0.000747161
50 62.012 -14.6186 1.43117 -0.0324176 0.000152386
51 64.5042 -13.5001 1.19183 -0.0172478 -0.000170619
52 59.0379 -11.131 0.916275 -0.00335091 -0.000421396
53 81.0465 -18.9699 1.81289 -0.0458878 0.000301439
54 83.7684 -20.7092 2.04355 -0.0586106 0.000552378
55 63.6418 -14.2004 1.36035 -0.0269408 1.23428e-05
56 64.6217 -13.9134 1.1967 -0.0152971 -0.000225547
57 102.899 -27.4347 2.85163 -0.0976117 0.00122205
58 96.2229 -25.3677 2.62929 -0.0883182 0.0010821
59 60.478 -12.2627 1.09546 -0.012686 -0.000264097
60 75.6612 -17.6883 1.70968 -0.0425402 0.000270375
61 86.9903 -21.9383 2.2274 -0.0685698 0.000727221
62 84.0688 -20.3011 2.03622 -0.0594978 0.000584092
63 64.6669 -15.8748 1.63028 -0.0425084 0.000319043
64 47.581 -6.09879 0.253136 0.0288621 -0.000941249
65 74.4144 -15.7092 1.38802 -0.0255613 -2.10222e-05
66 88.9555 -19.3554 1.81436 -0.0461194 0.000336489
67 80.8099 -17.7671 1.70877 -0.0445906 0.000347637
68 65.7902 -13.1564 1.13058 -0.014596 -0.000187989
69 72.2349 -15.219 1.38002 -0.0273991 3.53033e-05
70 79.4194 -17.6385 1.69746 -0.0435386 0.000320854
71 63.0912 -12.1428 1.12492 -0.0194475 -3.42691e-05
72 72.7211 -14.0237 1.22098 -0.0203519 -5.30782e-05
73 71.2489 -13.3741 1.05934 -0.00815605 -0.000356097
74 81.0925 -18.0692 1.66416 -0.0388289 0.00019603
75 77.1503 -18.0813 1.85345 -0.05542 0.000587026
76 81.6519 -18.5662 1.74228 -0.0429981 0.000275634
77 89.4277 -20.3363 1.8852 -0.0483654 0.000345131
78 85.246 -19.9124 1.88414 -0.0490729 0.00036981
79 86.1871 -22.3587 2.40609 -0.0839063 0.00110537
80 84.2178 -17.9711 1.61316 -0.0358487 0.000149182
81 82.2799 -16.5795 1.42504 -0.025455 -5.53091e-05
82 86.6342 -19.5543 1.88455 -0.0520745 0.000464547
83 59.3427 -12.1991 1.10131 -0.0153715 -0.000172126
84 58.1787 -9.31677 0.557132 0.0176295 -0.000815648
85 70.5442 -13.8858 1.20342 -0.0172561 -0.000170939
86 78.2477 -18.0649 1.70835 -0.0416244 0.000248056
87 69.6063 -14.2698 1.37892 -0.0310407 0.000145059
88 74.0332 -13.9462 1.1174 -0.00963392 -0.00034431
89 77.2595 -15.8126 1.39498 -0.0245529 -6.7528e-05
90 74.987 -16.3794 1.54066 -0.0351798 0.00015894
91 78.3797 -19.0896 1.95768 -0.0592531 0.000637491
92 87.1445 -18.4014 1.65213 -0.0370675 0.00015805
93 84.88 -18.515 1.79451 -0.0473341 0.000373077
94 82.3918 -18.2237 1.72012 -0.0426021 0.000279644
95 76.7275 -16.287 1.54111 -0.0348218 0.000143784
