0 168.912 -49.5742 5.55166 -0.232785 0.003619
1 124.002 -36.9845 4.25615 -0.176104 0.00272729
2 123.115 -36.4445 4.2402 -0.177662 0.0027908
3 147.909 -43.7777 4.95507 -0.206338 0.00319543
4 136.209 -40.3462 4.60412 -0.192256 0.00300904
5 163.578 -50.0283 5.70117 -0.243042 0.00384272
6 140.078 -40.343 4.5374 -0.184661 0.00278703
7 135.147 -39.1086 4.38965 -0.17908 0.00272945
8 144.254 -42.8598 4.83942 -0.199378 0.00305009
9 142.013 -42.4472 4.82341 -0.200728 0.00311249
10 152.362 -45.0076 5.09668 -0.214602 0.00337187
11 107.78 -30.6605 3.51986 -0.140478 0.00210203
12 116.655 -32.7108 3.77086 -0.156546 0.0024863
13 162.097 -49.3001 5.64515 -0.24303 0.00388235
14 133.502 -38.6673 4.4162 -0.18466 0.00289884
15 135.664 -38.7155 4.41838 -0.184453 0.00288552
16 123.163 -35.0034 3.98714 -0.162881 0.00250297
17 156.496 -45.0566 5.05456 -0.21116 0.00328918
18 136.589 -40.0766 4.57858 -0.193345 0.00307425
19 69.1419 -17.7757 2.07799 -0.0760763 0.0011091
20 150.297 -43.6508 4.91193 -0.205921 0.00323006
21 131.147 -37.5098 4.29869 -0.179532 0.00282052
22 144.317 -42.3281 4.73425 -0.192987 0.00290479
23 161.646 -48.1954 5.47572 -0.233062 0.0036832
24 180.945 -54.3524 6.10024 -0.260422 0.00412384
25 157.576 -45.3394 5.06464 -0.209491 0.00321088
26 146.531 -43.5608 5.02243 -0.214403 0.00340518
27 157.271 -47.2109 5.42329 -0.233953 0.00375618
28 143.928 -42.4177 4.88693 -0.208227 0.00331084
29 113.826 -33.9481 4.02514 -0.170962 0.00273009
30 144.774 -43.7915 5.10508 -0.220729 0.00355279
31 135.819 -40.8631 4.85941 -0.213236 0.00349057
32 154.422 -43.3041 4.82488 -0.199705 0.00311395
33 167.438 -46.4983 5.15363 -0.214252 0.00334392
34 143.71 -40.07 4.49383 -0.18559 0.00289305
35 167.675 -47.8921 5.39078 -0.229464 0.00367655
36 206.981 -60.8893 6.87317 -0.299055 0.0048391
37 127.283 -35.2246 4.02008 -0.1662 0.00261569
38 150.749 -42.1399 4.77725 -0.200723 0.00317558
39 145.697 -39.2399 4.38604 -0.180621 0.00281005
40 171.563 -46.4786 5.12626 -0.21264 0.00330991
41 157.412 -44.2834 4.98275 -0.210304 0.00334117
42 163.067 -45.177 5.00224 -0.207698 0.00325065
43 129.263 -34.3194 3.84978 -0.157094 0.00244518
44 165.136 -46.8503 5.29888 -0.226686 0.00365933
45 198.44 -55.9217 6.16285 -0.259243 0.00405719
46 177.715 -50.8377 5.72814 -0.246208 0.00396997
47 175.917 -50.0472 5.55759 -0.235137 0.00373359
48 158.248 -42.6472 4.72198 -0.196346 0.00309316
49 148.477 -40.9662 4.62405 -0.195538 0.00314468
50 166.588 -45.6395 5.09414 -0.214362 0.00340402
51 171.426 -46.7263 5.24267 -0.223933 0.00359657
52 182.217 -51.5499 5.81938 -0.251004 0.00405636
53 210.305 -59.5264 6.50532 -0.274141 0.00432608
54 198.887 -58.7701 6.73773 -0.298414 0.00492988
55 180.913 -52.2069 5.93173 -0.258056 0.00420706
56 152.269 -41.0122 4.55066 -0.189741 0.00300859
57 139.532 -36.462 4.06284 -0.167348 0.00264856
58 169.584 -49.1291 5.65874 -0.247229 0.00405462
59 57.6693 -9.33787 0.94984 -0.0172016 4.97638e-05
60 156.144 -44.4778 5.07283 -0.217403 0.00350553
61 183.474 -50.7694 5.57016 -0.2311 0.00357249
62 177.27 -49.5535 5.63767 -0.245977 0.00402571
63 147.645 -41.0127 4.707 -0.201794 0.00325552
64 177.792 -48.2624 5.27634 -0.221081 0.00349143
65 155.749 -40.561 4.40573 -0.179926 0.00278842
66 200.051 -55.6661 6.09364 -0.259011 0.0041247
67 207.803 -57.8639 6.32869 -0.268613 0.00424211
68 181.311 -49.6621 5.46431 -0.230779 0.00366765
69 171.983 -46.8547 5.11565 -0.214522 0.00340391
70 183.517 -50.8258 5.59174 -0.235596 0.00370686
71 163.899 -45.052 4.93749 -0.204121 0.00316833
72 193.745 -52.5202 5.67855 -0.236497 0.00369076
73 150.053 -40.5883 4.46437 -0.186265 0.00298906
74 188.146 -51.628 5.63125 -0.235097 0.00366365
75 173.916 -47.078 5.08524 -0.209056 0.00322983
76 159.177 -43.8212 4.88299 -0.205915 0.00328409
77 190.688 -52.0315 5.60486 -0.232729 0.00362543
78 163.963 -43.5862 4.77656 -0.199351 0.00315637
79 132.449 -33.4818 3.64669 -0.145219 0.00222014
80 167.198 -44.4808 4.83227 -0.199425 0.00311215
81 180.553 -49.3325 5.39353 -0.226387 0.00357481
82 198.076 -54.8803 5.92941 -0.247742 0.00386741
83 191.567 -53.5125 5.89098 -0.251857 0.00403871
84 173.562 -45.8201 4.89398 -0.198199 0.00301631
85 136.988 -36.3072 4.02675 -0.16401 0.00252885
86 135.342 -35.6392 3.95942 -0.162843 0.00256132
87 140.589 -37.7297 4.19548 -0.173703 0.00274234
88 160.718 -43.6656 4.83607 -0.201898 0.00317259
89 178.953 -49.8059 5.54958 -0.236218 0.00376576
90 152.795 -41.3905 4.60046 -0.192739 0.00306331
91 150.511 -38.9651 4.24643 -0.171307 0.00259905
92 157.06 -44.1233 4.94147 -0.208035 0.00327936
93 147.449 -40.0325 4.50132 -0.189142 0.00300216
94 117.465 -28.8642 3.2296 -0.13134 0.00208346
95 124.04 -30.9372 3.42197 -0.134504 0.00199109
