0 99.7763 -24.831 2.79195 -0.107964 0.0016204
1 111.556 -28.8095 3.25977 -0.130237 0.00198909
2 99.4439 -26.7353 3.03724 -0.118203 0.00174352
3 92.1533 -24.2055 2.78849 -0.108966 0.00163091
4 139.882 -37.526 4.1622 -0.169237 0.00259422
5 82.3182 -20.1444 2.21688 -0.0774506 0.00104443
6 130.573 -36.4583 4.10394 -0.166911 0.00253315
7 88.2102 -22.0598 2.47315 -0.0912651 0.00128772
8 112.183 -31.1381 3.53571 -0.142191 0.00216885
9 142.426 -37.9727 4.19591 -0.170139 0.00258802
10 135.663 -37.4531 4.26748 -0.179795 0.0028685
11 148.929 -42.0363 4.71276 -0.196017 0.00304575
12 159.69 -43.9067 4.90017 -0.206712 0.00327635
13 65.3211 -14.3639 1.57502 -0.0478953 0.0005672
14 137.01 -37.3114 4.09086 -0.161478 0.00236091
15 120.378 -32.4682 3.65994 -0.148208 0.00227489
16 148.265 -42.2931 4.78511 -0.201482 0.00318592
17 97.2397 -25.5641 2.89637 -0.112787 0.00169526
18 93.9545 -22.7489 2.49881 -0.0914325 0.00129905
19 129.098 -34.3191 3.91169 -0.163021 0.00256986
20 143.562 -39.5515 4.45394 -0.185801 0.00291658
21 148.695 -41.0756 4.59788 -0.191823 0.00300803
22 100.919 -26.169 2.97532 -0.117796 0.00179772
23 137.784 -36.5545 4.13542 -0.174577 0.00280406
24 138.653 -39.2341 4.46438 -0.187823 0.00297168
25 131.897 -37.1752 4.28536 -0.181684 0.00290854
26 130.523 -36.316 4.15346 -0.175254 0.00279909
27 131.203 -35.3605 4.06201 -0.171455 0.00272944
28 155.261 -43.5065 4.88802 -0.204519 0.00318379
29 121.084 -31.6052 3.58398 -0.147047 0.00229655
30 133.05 -36.7755 4.22888 -0.178999 0.00285214
31 170.9 -46.6928 5.25458 -0.223877 0.00354813
32 133.854 -36.1 4.0348 -0.164712 0.00254677
33 124.516 -35.5264 4.03265 -0.165965 0.00258538
34 107.472 -31.6729 3.66632 -0.150131 0.00233913
35 173.916 -50.0255 5.50297 -0.226633 0.00345504
36 148.389 -41.7209 4.66831 -0.194378 0.00304163
37 115.516 -32.2704 3.63752 -0.145823 0.00221366
38 163.951 -46.4475 5.2002 -0.21782 0.00340218
39 134.381 -37.1806 4.20964 -0.174864 0.00273754
40 113.596 -32.1505 3.645 -0.148315 0.00231072
41 143.025 -40.1131 4.49407 -0.18697 0.00293343
42 137.446 -39.4583 4.4812 -0.188769 0.00300914
43 145.156 -40.0479 4.49017 -0.187184 0.0029449
44 113.898 -31.5401 3.59354 -0.146183 0.00226902
45 134.198 -37.034 4.13568 -0.169371 0.00261809
46 162.177 -46.4078 5.25374 -0.224344 0.00357199
47 124.346 -35.4553 4.0485 -0.168881 0.00267213
48 141.064 -40.3742 4.60655 -0.195893 0.00314429
49 118.102 -32.5555 3.68281 -0.15046 0.00234943
50 127.482 -35.4135 4.03517 -0.167324 0.00261927
51 119.477 -32.4134 3.6533 -0.14871 0.00230591
52 148.097 -42.376 4.74151 -0.19779 0.00309494
53 120.893 -35.3477 4.09093 -0.172203 0.00273718
54 133.157 -36.7046 4.11818 -0.168889 0.00260851
55 119.074 -33.7046 3.91037 -0.164591 0.00262381
56 156.149 -44.4002 4.9409 -0.205896 0.0032148
57 133.769 -36.8007 4.15746 -0.172172 0.002697
58 121.211 -33.5815 3.86453 -0.160806 0.002533
59 136.86 -37.906 4.33309 -0.182894 0.00291078
60 149.74 -41.881 4.67417 -0.193419 0.00298096
61 163.398 -46.083 5.18768 -0.221168 0.00353151
62 130.027 -36.4612 4.20776 -0.178028 0.0028319
63 129.855 -37.3094 4.33928 -0.184271 0.00293491
64 148.159 -41.0682 4.4992 -0.183311 0.00281766
65 126.684 -34.8872 3.9075 -0.158426 0.0024291
66 128.808 -37.9228 4.36547 -0.18361 0.00289668
67 157.1 -46.3431 5.26859 -0.224778 0.00357596
68 136.323 -40.1805 4.60748 -0.195492 0.00312269
69 128.216 -34.9845 3.7412 -0.140413 0.00193039
70 110.387 -32.0048 3.71435 -0.153502 0.00240217
71 115.388 -30.1539 3.35921 -0.131746 0.00195262
72 119.419 -34.2661 3.90284 -0.160597 0.00249589
73 27.9527 0.809524 -0.538031 0.0661247 -0.00153414
74 110.015 -30.8468 3.52467 -0.14465 0.00227227
75 93.6703 -24.5426 2.73912 -0.104232 0.00153766
76 154.646 -44.9967 5.13032 -0.219766 0.00351605
77 124.913 -35.3233 3.9329 -0.158359 0.00240179
78 151.507 -43.3935 4.84087 -0.20114 0.0031239
79 128.452 -37.166 4.24229 -0.175948 0.00273215
80 130.886 -36.0193 4.01195 -0.162735 0.00248833
81 148.968 -41.5828 4.61233 -0.190748 0.00296087
82 120.59 -35.2889 4.03486 -0.16734 0.00261938
83 97.4854 -25.9412 2.9509 -0.116361 0.00176282
84 146.396 -43.0211 4.8505 -0.204025 0.00321661
85 112.287 -30.8636 3.54271 -0.143719 0.00220053
86 116.582 -33.2592 3.79774 -0.154985 0.00237659
87 132.483 -34.5814 3.84075 -0.155199 0.00236923
88 109.229 -29.4018 3.27761 -0.127143 0.00186421
89 49.9767 -8.46156 0.76687 -0.00289876 -0.000308363
90 118.724 -33.1227 3.76349 -0.152032 0.00229489
91 115.139 -34.0653 4.03385 -0.171522 0.00273605
92 86.54 -24.0894 2.8426 -0.113207 0.00172442
93 98.608 -26.8571 3.13056 -0.12552 0.00190878
94 127.933 -35.5715 4.0443 -0.165066 0.00250201
95 115.994 -34.4525 4.08247 -0.174089 0.00278165
