0 114.292 -30.656 3.38806 -0.128475 0.00182845
1 152.146 -43.5682 4.88991 -0.202632 0.00313812
2 119.246 -34.0786 3.88189 -0.157859 0.00242815
3 146.329 -42.5643 4.8594 -0.205248 0.00324773
4 130.673 -34.0383 3.49115 -0.120697 0.00147639
5 92.1474 -22.8459 2.35487 -0.0735865 0.000805188
6 104.776 -26.8832 2.80914 -0.0951488 0.00117776
7 145.426 -41.4818 4.62213 -0.188828 0.00288387
8 149.655 -43.4925 4.94727 -0.209565 0.00333181
9 133.426 -39.1809 4.48971 -0.187826 0.00296262
10 132.579 -37.6291 4.22617 -0.172439 0.00264739
11 134.808 -36.8501 4.09114 -0.163578 0.00244922
12 164.234 -47.9025 5.36967 -0.225687 0.00353216
13 137.864 -41.1362 4.70278 -0.199166 0.0031843
14 152.821 -41.7399 4.39836 -0.165339 0.00225903
15 140.28 -40.3424 4.57586 -0.19193 0.00303978
16 123.801 -36.1214 4.14827 -0.17226 0.00270952
17 135.233 -38.3215 4.34219 -0.180174 0.00282092
18 140.688 -41.4421 4.74896 -0.201029 0.00319227
19 142.324 -40.7301 4.64655 -0.195015 0.00306097
20 122.074 -35.8818 4.17793 -0.176379 0.00281727
21 142.034 -41.9809 4.85272 -0.206694 0.00329676
22 150.377 -41.957 4.59943 -0.184834 0.00276645
23 148.44 -43.9942 5.05407 -0.215734 0.00345041
24 143.933 -41.1731 4.67308 -0.196629 0.00311807
25 147.549 -41.6284 4.62927 -0.189052 0.00288069
26 152.39 -42.8062 4.72453 -0.191052 0.0028671
27 153.817 -46.4679 5.38176 -0.233377 0.00377346
28 165.735 -49.6942 5.72673 -0.248339 0.00400243
29 154.31 -47.1803 5.52285 -0.241632 0.00393101
30 170.695 -49.1024 5.55985 -0.237021 0.00374594
31 99.4713 -26.8515 3.12768 -0.12559 0.00193059
32 137.36 -39.0631 4.47976 -0.189244 0.00302221
33 161.924 -45.2765 5.05084 -0.210976 0.00331036
34 190.871 -53.6995 5.99969 -0.256375 0.00407987
35 142.398 -42.2159 4.88716 -0.209557 0.00337051
36 119.276 -34.7736 4.00817 -0.165192 0.00257015
37 124.849 -34.709 3.9185 -0.158822 0.00243615
38 128.042 -38.6867 4.56256 -0.195585 0.00314177
39 146.488 -42.745 4.87156 -0.205434 0.0032372
40 143.464 -40.3678 4.58124 -0.192562 0.00305742
41 133.987 -38.6772 4.42522 -0.184449 0.00289188
42 106.439 -30.2459 3.46517 -0.139099 0.00212802
43 136.342 -39.3818 4.46608 -0.185381 0.00289884
44 105.369 -30.1828 3.52744 -0.146022 0.00232185
45 145.848 -42.5511 4.86251 -0.206376 0.0032855
46 130.469 -38.2139 4.42954 -0.188664 0.00303478
47 132.626 -37.4209 4.25432 -0.177255 0.00279386
48 148.341 -43.5253 4.98854 -0.213253 0.00341757
49 100.362 -26.7319 3.03749 -0.120247 0.0018534
50 138.209 -41.6697 4.84189 -0.208645 0.00337271
51 154.478 -43.9221 4.94039 -0.20773 0.0032732
52 133.595 -38.8585 4.49293 -0.190561 0.00303525
53 147.502 -42.3004 4.84512 -0.206594 0.00330602
54 156.126 -44.6402 5.04446 -0.212808 0.00335122
55 137.578 -39.675 4.54982 -0.191475 0.00301507
56 132.567 -37.9973 4.34681 -0.182451 0.00289314
57 131.689 -39.1535 4.55939 -0.193196 0.00307025
58 150.462 -42.3269 4.79497 -0.201424 0.00317814
59 137.945 -36.8924 3.97561 -0.151955 0.00213603
60 128.285 -37.842 4.41658 -0.18929 0.00305463
61 160.456 -44.5628 5.02874 -0.212636 0.00336239
62 164.895 -47.4001 5.40001 -0.231367 0.00368964
63 106.864 -29.4128 3.48756 -0.145923 0.00232534
64 170.046 -44.911 4.86385 -0.202263 0.00320492
65 173.859 -46.1238 4.95456 -0.203295 0.0031693
66 193.09 -52.451 5.67342 -0.237223 0.00372426
67 198.513 -53.0811 5.62334 -0.228661 0.00347249
68 135.207 -33.6985 3.62442 -0.143457 0.00219719
69 188.816 -50.3628 5.44066 -0.226066 0.00352973
70 177.485 -47.453 5.18202 -0.216995 0.00342819
71 154.487 -40.4891 4.40153 -0.179279 0.00276163
72 177.375 -48.0108 5.24974 -0.219725 0.00346789
73 173.61 -47.0981 5.14727 -0.215482 0.0034148
74 197.411 -54.1639 5.91613 -0.249815 0.00396336
75 165.726 -42.1216 4.4764 -0.181534 0.00281185
76 174.71 -46.8495 5.19412 -0.221932 0.00359372
77 182.01 -49.353 5.36704 -0.225328 0.00357362
78 164.564 -44.5756 4.87277 -0.202773 0.00320069
79 167.402 -44.1988 4.81078 -0.198814 0.00310987
80 148.716 -38.4203 4.16952 -0.168771 0.00260189
81 138.749 -36.4007 3.96154 -0.159668 0.00245566
82 176.546 -45.951 4.92584 -0.202796 0.00317107
83 152.851 -38.361 3.98598 -0.151996 0.00217518
84 154.938 -40.8002 4.46573 -0.185767 0.00294468
85 149.858 -37.5521 4.04989 -0.163198 0.00251715
86 164.559 -42.8002 4.57166 -0.18358 0.00278257
87 188.589 -49.2513 5.30584 -0.219929 0.00343601
88 165.494 -43.0135 4.60094 -0.184396 0.00278516
89 167.672 -43.4756 4.66999 -0.186685 0.00278753
90 188.896 -50.8001 5.52792 -0.231463 0.00364592
91 165.371 -42.599 4.59864 -0.186486 0.00284561
92 148.114 -39.5856 4.39288 -0.18279 0.00289138
93 162.926 -42.9815 4.75975 -0.199631 0.00316588
94 122.387 -30.0175 3.26103 -0.126743 0.00189622
95 151.39 -38.7087 4.22111 -0.169004 0.00253559
