0 70.7134 -11.9427 0.957582 0.0202645 -0.00136175
1 165.913 -43.2008 4.63413 -0.162227 0.00190176
2 167.636 -44.2672 4.6683 -0.157372 0.00168057
3 130.981 -30.6525 2.99973 -0.0722552 0.000115301
4 179.974 -48.3592 5.33094 -0.204472 0.00280355
5 107.782 -23.3178 2.13877 -0.0322245 -0.000509416
6 160.385 -40.8626 4.30394 -0.142281 0.00144879
7 181.03 -47.3626 4.99564 -0.17622 0.00210234
8 311.741 -92.3083 10.4494 -0.457797 0.00736786
9 137.402 -33.8214 3.43289 -0.101657 0.000866826
10 196.685 -51.9335 5.38464 -0.186162 0.00209975
11 161.611 -40.6234 4.21643 -0.138098 0.00142857
12 210.703 -56.3034 5.84572 -0.209081 0.00255264
13 210.075 -57.5658 6.22764 -0.242222 0.00342765
14 163.349 -40.3743 4.01037 -0.121025 0.00103212
15 189.061 -49.5964 5.24794 -0.1909 0.00242007
16 138.929 -32.9095 3.47194 -0.114465 0.00131638
17 132.166 -31.8113 3.2647 -0.0991624 0.000937996
18 140.376 -33.5598 3.37241 -0.102783 0.000993639
19 178.015 -46.2471 4.96211 -0.181801 0.00234141
20 157.391 -39.9825 4.21073 -0.144827 0.00172253
21 275.511 -79.2045 8.80282 -0.37474 0.00591794
22 161.045 -38.7058 3.80844 -0.111374 0.00087221
23 204.312 -56.7187 6.39316 -0.264269 0.00406201
24 215.451 -58.5808 6.36713 -0.251287 0.0036195
25 168.752 -42.7569 4.44982 -0.152841 0.00180059
26 212.243 -60.1288 6.86336 -0.290395 0.0045722
27 163.044 -41.0368 4.25361 -0.143911 0.00164265
28 181.415 -49.7797 5.56652 -0.221434 0.00321742
29 114.988 -26.1463 2.60218 -0.0650158 0.000284697
30 119.566 -26.6542 2.61468 -0.0623835 0.000152492
31 194.663 -58.3962 7.20486 -0.342924 0.00632418
32 291.064 -82.8206 8.9665 -0.369771 0.00557679
33 254.451 -70.4796 7.42607 -0.286125 0.00393537
34 236.675 -65.9523 7.07769 -0.277408 0.00391617
35 255.034 -73.2207 8.08296 -0.337634 0.00519655
36 370.763 -105.646 11.2582 -0.470663 0.00721994
37 294.462 -90.9123 10.78 -0.509977 0.00906461
38 279.389 -80.2558 8.74105 -0.359104 0.00535507
39 347.295 -104.379 11.7754 -0.524584 0.00864413
40 229.143 -66.5482 7.55902 -0.327893 0.0053579
41 207.519 -59.3905 6.6897 -0.280872 0.00440075
42 227.137 -63.8223 6.92245 -0.27712 0.00406985
43 249.04 -72.6077 8.16204 -0.351931 0.00565301
44 171.163 -46.469 4.97022 -0.182197 0.00237993
45 381.988 -109.349 11.7596 -0.501493 0.00790933
46 276.989 -77.4216 8.25766 -0.334053 0.00495153
47 220.525 -61.5951 6.74165 -0.273874 0.00410639
48 271.624 -78.2086 8.65811 -0.373799 0.00608673
49 143.597 -36.2991 3.76965 -0.127029 0.00152779
50 121.872 -29.3206 2.97106 -0.0857454 0.000728515
51 281.078 -77.5275 8.10825 -0.318102 0.00452005
52 246.576 -65.7682 6.74317 -0.252784 0.00342234
53 176.391 -48.505 5.31824 -0.209119 0.00307495
54 293.813 -84.2192 9.15858 -0.382273 0.00585738
55 116.373 -30.5187 3.42567 -0.124102 0.00169162
56 86.209 -20.565 2.28524 -0.0742153 0.00101658
57 214.668 -61.4947 6.8494 -0.28317 0.00432992
58 184.936 -49.8641 5.3259 -0.199956 0.00271098
59 355.786 -103.532 11.3442 -0.490615 0.00783817
60 190.161 -55.887 6.57243 -0.292348 0.0049658
61 241.855 -67.879 7.31144 -0.293133 0.0042956
62 -22.0853 18.0687 -2.65887 0.19514 -0.00426589
63 189.06 -51.8001 5.62998 -0.221158 0.00321473
64 960.993 -274.886 28.8426 -1.2649 0.0204291
65 659.929 -191.925 20.2784 -0.869865 0.0136142
66 489.655 -142.522 15.167 -0.644651 0.010024
67 1246.9 -357.484 37.2882 -1.63062 0.0261414
68 379.236 -112.019 12.1086 -0.508592 0.00775627
69 281.83 -83.7891 9.32819 -0.401631 0.0064574
70 208.814 -60.5737 6.62834 -0.263284 0.00381421
71 300.884 -90.839 10.1495 -0.437445 0.00697955
72 415.982 -120.962 12.8902 -0.540069 0.00826578
73 503.454 -146.306 15.6534 -0.675647 0.0107747
74 977.361 -281.964 29.4785 -1.27446 0.0201132
75 901.644 -268.22 29.2726 -1.33909 0.02267
76 467.791 -142.133 15.8234 -0.71068 0.0117831
77 815.382 -237.086 25.1281 -1.10109 0.0177015
78 494.172 -145.385 15.5717 -0.666596 0.0104442
79 131.461 -36.301 3.85076 -0.124724 0.00130993
80 146.502 -41.0764 4.45849 -0.163644 0.00221734
81 322.667 -98.882 11.2515 -0.506888 0.00852217
82 409.776 -118.709 12.5123 -0.514204 0.00766647
83 278.322 -78.6767 8.2684 -0.328623 0.00480201
84 263.589 -76.6988 8.26496 -0.339443 0.00516542
85 149.014 -43.3443 4.92593 -0.194034 0.00288067
86 264.654 -78.2408 8.57732 -0.349618 0.00513998
87 199.517 -56.4073 5.96911 -0.220522 0.00288214
88 404.297 -120.188 12.9778 -0.549578 0.00849009
89 280.855 -89.1989 10.65 -0.500887 0.00888306
90 356.669 -104.71 11.2279 -0.466859 0.00709545
91 714.498 -216.955 24.05 -1.09796 0.0184299
92 177.508 -48.7301 5.0471 -0.174607 0.00206246
93 189.251 -55.3765 6.04846 -0.231096 0.00315791
94 480.732 -147.495 16.4689 -0.738597 0.0121535
95 380.236 -123.035 14.717 -0.706028 0.0125581
