0 74.4451 -14.7408 1.75028 -0.0586602 0.000733066
1 146.995 -42.0483 5.11231 -0.227635 0.00372918
2 208.376 -63.3733 7.52186 -0.342843 0.00572151
3 168.425 -49.7582 5.99149 -0.26902 0.0044293
4 178.696 -52.9367 6.36094 -0.288229 0.00479723
5 168.048 -48.5857 5.80727 -0.259337 0.00425447
6 157.781 -46.1707 5.55897 -0.248433 0.00408062
7 192.25 -57.6598 6.90632 -0.314397 0.00523154
8 202.185 -59.9137 7.09586 -0.320498 0.00530369
9 182.873 -53.6414 6.40528 -0.288329 0.0047608
10 177.052 -52.042 6.15853 -0.274745 0.00450747
11 216.736 -65.6781 7.81468 -0.356681 0.00593061
12 102.05 -25.6109 3.13937 -0.132698 0.00212783
13 188.918 -56.7275 6.8011 -0.309148 0.00514367
14 229.231 -68.9895 8.0734 -0.365389 0.00604979
15 169.459 -48.8029 5.80847 -0.259376 0.00425443
16 105.408 -27.5512 3.35757 -0.142023 0.00227639
17 182.683 -53.7266 6.43413 -0.289828 0.00477074
18 179.038 -51.8852 6.17202 -0.276544 0.00453877
19 174.555 -51.4333 6.16196 -0.277848 0.00459987
20 124.134 -34.4407 4.27277 -0.192334 0.00324955
21 131.07 -35.2112 4.29429 -0.189801 0.00311937
22 203.497 -59.1858 6.97045 -0.312708 0.00512613
23 209.377 -62.6076 7.47291 -0.342679 0.00573948
24 207.342 -60.6876 7.15458 -0.323048 0.00533534
25 145.937 -41.0336 4.94146 -0.218602 0.00357988
26 201.727 -60.3622 7.17027 -0.325318 0.00539902
27 171.338 -50.2398 6.0765 -0.27587 0.004588
28 124.594 -34.1932 4.23859 -0.189707 0.00316257
29 200.526 -57.3741 6.78282 -0.305779 0.00504627
30 159.281 -46.0748 5.60341 -0.253172 0.00420167
31 203.238 -59.5223 7.0505 -0.319914 0.00531121
32 150.823 -47.8055 5.84474 -0.265442 0.00443195
33 205.129 -64.3688 7.58818 -0.341699 0.00560936
34 128.984 -40.1719 4.94845 -0.222026 0.00368317
35 241.33 -76.6374 8.93893 -0.405271 0.00669717
36 176.713 -56.8286 6.86089 -0.313883 0.00526115
37 167.637 -53.5096 6.47275 -0.295439 0.00495031
38 252.438 -80.7547 9.45909 -0.430671 0.00713419
39 186.989 -57.3157 6.76161 -0.302488 0.00494382
40 185.714 -59.7667 7.18485 -0.328777 0.00550947
41 222.707 -70.7261 8.3019 -0.377136 0.00626959
42 219.158 -69.0494 8.11431 -0.367962 0.00609554
43 182.796 -58.5296 7.00838 -0.318486 0.00530193
44 146.496 -47.2164 5.81357 -0.267033 0.00450813
45 221.827 -71.6357 8.54126 -0.394935 0.00666709
46 187.453 -59.2307 6.99708 -0.311279 0.00503448
47 201.427 -63.5893 7.50651 -0.339343 0.00560508
48 136.614 -42.3185 5.17036 -0.233325 0.00390348
49 106.845 -33.7538 4.24445 -0.191017 0.00321059
50 203.545 -65.4761 7.83007 -0.359537 0.00602443
51 188.665 -58.1075 6.86359 -0.309401 0.00511451
52 143.156 -45.9441 5.68031 -0.260607 0.004402
53 172.539 -55.6253 6.7779 -0.313168 0.00530164
54 228.376 -73.2949 8.67588 -0.398326 0.00666799
55 179.395 -58.0039 7.00254 -0.320709 0.00537009
56 132.427 -40.7657 4.94176 -0.220095 0.00363075
57 216.971 -69.3316 8.2157 -0.37477 0.00623609
58 168.197 -52.9608 6.4248 -0.292612 0.00487802
59 143.937 -45.8775 5.65964 -0.258295 0.00432777
60 152.944 -47.9333 5.82727 -0.263808 0.00438153
61 146.06 -45.4814 5.53971 -0.251486 0.00420982
62 186.541 -56.6282 6.51304 -0.280797 0.00439715
63 192.964 -62.2405 7.57002 -0.351358 0.00594477
64 143.322 -46.9754 5.76522 -0.262176 0.00439737
65 197.234 -65.5824 7.86999 -0.360077 0.00600925
66 70.7471 -21.4802 2.73154 -0.111212 0.00170161
67 208.754 -69.0369 8.2815 -0.382007 0.00643057
68 103.084 -33.9306 4.31384 -0.194125 0.00324212
69 180.878 -60.2665 7.30016 -0.335159 0.00563074
70 232.186 -75.9574 8.98393 -0.410583 0.00683553
71 188.86 -62.1437 7.52927 -0.345975 0.00578577
72 173.492 -57.7662 7.0444 -0.323878 0.00543926
73 125.063 -41.3026 5.12299 -0.229683 0.00379291
74 170.908 -56.8198 6.8482 -0.309804 0.00512918
75 192.152 -63.4118 7.54001 -0.340895 0.00563059
76 164.389 -55.2076 6.68696 -0.302885 0.00502299
77 187.045 -61.7362 7.40002 -0.336982 0.00560651
78 184.68 -59.7927 7.05477 -0.312591 0.0050295
79 215.423 -71.4357 8.50253 -0.388804 0.00648151
80 138.978 -46.0789 5.68763 -0.257933 0.00429421
81 160.723 -52.4047 6.29863 -0.281918 0.0046213
82 173.234 -57.0062 6.88606 -0.31387 0.00523761
83 198.03 -65.9178 7.89723 -0.361747 0.00605158
85 99.1585 -33.8515 4.35845 -0.195403 0.0032205
86 184.056 -60.343 7.16021 -0.320145 0.00521648
87 195.183 -64.7507 7.79949 -0.356651 0.00594056
88 137.011 -46.5037 5.79308 -0.265013 0.00445029
89 175.148 -59.6029 7.32215 -0.336968 0.00564393
90 227.727 -74.8953 8.83776 -0.401334 0.00663613
91 207.103 -69.4855 8.34015 -0.382654 0.00639145
92 103.255 -36.6331 4.75727 -0.218026 0.00368495
93 122.668 -40.2636 5.10985 -0.233618 0.00391931
94 129.181 -43.6252 5.43812 -0.244149 0.00399716
95 171.854 -57.7913 7.08054 -0.324538 0.00541982
