0 121.304 -40.3391 5.10599 -0.232149 0.00387178
1 229.314 -74.7363 8.9072 -0.409965 0.0068638
2 113.844 -39.3441 4.91636 -0.218012 0.00353849
3 133.986 -44.652 5.53551 -0.251322 0.0041995
4 195.806 -64.942 7.8297 -0.361309 0.00610825
5 271.117 -87.711 10.2223 -0.465259 0.00770479
6 268.082 -86.9916 10.2071 -0.467371 0.00777713
7 310.127 -99.4509 11.4521 -0.521395 0.00864617
8 196.165 -65.4001 7.89077 -0.363067 0.00609486
9 181.868 -59.8354 7.30576 -0.336342 0.00564144
10 200.926 -66.6313 7.95648 -0.362598 0.00603204
11 235.453 -76.7133 9.03766 -0.411408 0.00681839
12 197.539 -66.1071 8.06229 -0.376003 0.00639998
13 243.247 -79.1341 9.34215 -0.428774 0.0071665
14 172.5 -56.4859 6.81531 -0.307832 0.0050746
15 297.793 -96.1146 11.1819 -0.512442 0.00853931
16 206.904 -68.3017 8.1777 -0.37557 0.00630442
17 266.917 -86.2389 10.0303 -0.455376 0.00752885
18 172.449 -57.4821 6.96413 -0.316988 0.00526802
19 273.756 -89.5129 10.5107 -0.483443 0.00808917
20 135.337 -45.7584 5.71731 -0.263398 0.00446473
21 240.08 -79.297 9.46984 -0.438123 0.00735848
22 214.11 -70.5234 8.42442 -0.386209 0.0064492
23 248.876 -81.3292 9.59664 -0.441122 0.00738762
24 116.712 -40.0593 5.1085 -0.236001 0.00403416
25 210.704 -70.1902 8.39268 -0.384599 0.0064193
26 228.397 -75.4769 8.97824 -0.411731 0.00687175
27 225.456 -73.9764 8.79841 -0.40306 0.00671666
28 121.295 -40.0383 5.13733 -0.238032 0.00405535
29 170.852 -57.1297 7.07216 -0.328457 0.00554888
30 251.845 -82.4685 9.78939 -0.450858 0.00752871
31 264.144 -86.22 10.1979 -0.469709 0.00785192
32 146.886 -49.1937 6.13314 -0.282386 0.00475684
33 176.162 -58.9134 7.23286 -0.333387 0.00559209
34 171.099 -56.6751 6.89024 -0.3139 0.00521506
35 234.753 -77.5295 9.22465 -0.424012 0.00708342
36 108.24 -37.4431 4.86493 -0.224516 0.00380576
37 222.559 -73.7278 8.84358 -0.40733 0.00680956
38 148.567 -50.9673 6.27762 -0.285855 0.00476243
39 175.466 -58.5197 7.19104 -0.331981 0.00557247
40 10.7801 -5.48697 1.17175 -0.0454802 0.000711113
41 173.146 -57.9881 7.06158 -0.323649 0.00540722
42 153.961 -51.7421 6.39698 -0.293923 0.00494248
43 240.906 -78.6782 9.2921 -0.424082 0.00703232
44 159.365 -53.3691 6.58977 -0.303422 0.00510217
45 231.49 -76.4818 9.11512 -0.418868 0.00699102
46 196.887 -65.6599 7.9462 -0.366276 0.00614967
47 203.232 -66.6789 7.96216 -0.363769 0.00605545
48 101.048 -34.7483 4.47342 -0.204031 0.00344843
49 208.297 -69.1837 8.32876 -0.383521 0.00642349
50 162.854 -54.3913 6.65763 -0.304564 0.00508102
51 140.676 -46.3264 5.72664 -0.259638 0.00430336
52 140.143 -47.7905 6.01843 -0.278038 0.00468705
53 109.733 -37.229 4.74644 -0.214819 0.00357646
54 151.926 -51.9324 6.48184 -0.300241 0.00508503
55 132.157 -45.5216 5.69792 -0.260588 0.00436444
56 94.2114 -31.9368 4.1378 -0.186683 0.00311938
57 152.204 -50.4406 6.23923 -0.286335 0.00481502
58 200.661 -67.1179 8.06684 -0.369103 0.0061475
59 176.418 -59.1296 7.22541 -0.332057 0.00555648
60 137.583 -47.7294 5.94612 -0.272133 0.00456853
61 183.213 -61.4972 7.49931 -0.345523 0.00578914
62 190.56 -63.122 7.64412 -0.350503 0.00585031
63 90.3538 -30.1337 3.95577 -0.177034 0.0029106
64 135.624 -42.5166 5.24825 -0.239404 0.0040466
65 111.322 -32.2953 3.94416 -0.171159 0.00277391
66 189.237 -59.488 7.06073 -0.318013 0.00524232
67 206.494 -65.1136 7.73022 -0.352104 0.00585992
68 185.902 -59.2917 7.12125 -0.327233 0.00552976
69 270.23 -85.0118 9.81811 -0.447571 0.00746951
70 171.437 -53.9284 6.42313 -0.289192 0.00478922
71 197.647 -62.6766 7.52753 -0.344831 0.00576609
72 158.183 -49.7124 6.01247 -0.271811 0.00452652
73 171.295 -54.0716 6.51285 -0.297022 0.00498223
74 185.881 -58.7926 6.98629 -0.315855 0.00524682
75 172.69 -53.4212 6.31826 -0.28134 0.00459519
76 196.74 -63.3259 7.60946 -0.350773 0.005921
77 174.855 -54.9941 6.5373 -0.295693 0.00492895
78 148.107 -46.6481 5.63065 -0.253082 0.00421021
79 156.164 -47.3368 5.65682 -0.250792 0.00408446
80 142.096 -43.8377 5.28587 -0.235804 0.00389974
81 188.787 -59.2086 6.98384 -0.313958 0.00517952
82 97.2934 -29.3104 3.59055 -0.15483 0.00254274
83 169.415 -53.8796 6.52065 -0.296976 0.0049531
84 123.844 -37.2219 4.53763 -0.20132 0.00332544
85 134.504 -41.5081 5.11051 -0.231022 0.00386894
86 51.194 -9.99003 1.12942 -0.0243947 7.5505e-05
87 165.378 -52.0592 6.33344 -0.289887 0.00487191
88 114.746 -34.3645 4.18829 -0.181437 0.00292303
89 155.051 -48.7452 5.91912 -0.26659 0.00441389
90 133.271 -41.7367 5.10608 -0.226974 0.0037048
91 170.596 -54.4097 6.58555 -0.299393 0.00497475
92 129.309 -40.7784 5.0884 -0.233217 0.00395604
93 129.886 -40.8599 5.08221 -0.229496 0.00380704
94 125.694 -39.1727 4.87563 -0.218838 0.00361678
95 113.287 -32.9832 4.04716 -0.175363 0.00280964
