0 29.353 29.353 50
1 29.7725 29.353 50
2 29.1683 29.353 50
3 28.12 29.353 50
4 29.7958 29.353 50
5 29.8773 29.353 50
6 29.6052 29.353 50
7 31.1361 29.353 50
8 28.8897 29.353 50
9 28.617 29.353 50
10 29.8295 29.353 50
11 29.781 29.353 50
12 29.6419 29.353 50
13 30.0449 29.353 50
14 29.9726 29.353 50
15 29.7001 29.353 50
16 29.6457 29.353 50
17 29.0528 29.353 50
18 29.7649 29.353 50
19 28.9695 29.353 50
20 28.9269 29.353 50
21 28.5148 29.353 50
22 29.775 29.353 50
23 29.3444 29.353 50
24 29.3127 29.353 50
25 28.5905 29.353 50
26 28.3522 29.353 50
27 29.5939 29.353 50
28 28.0342 29.353 50
29 29.5019 29.353 50
30 30.6898 29.353 50
31 27.9226 29.353 50
32 30.4073 30.202 50
33 29.696 30.202 50
34 31.8898 30.202 50
35 30.294 30.202 50
36 31.337 30.202 50
37 31.1346 30.202 50
38 30.918 30.202 50
39 30.7452 30.202 50
40 30.7374 30.202 50
41 29.5196 30.202 50
42 29.51 30.202 50
43 31.0943 30.202 50
44 30.8493 30.202 50
45 29.5993 30.202 50
46 28.9357 30.202 50
47 31.0047 30.202 50
48 28.9244 30.202 50
49 29.6821 30.202 50
50 30.8129 30.202 50
51 29.131 30.202 50
52 30.0783 30.202 50
53 30.2277 30.202 50
54 30.6601 30.202 50
55 29.6343 30.202 50
56 29.8253 30.202 50
57 28.6138 30.202 50
58 30.0677 30.202 50
59 30.3298 30.202 50
60 29.7238 30.202 50
61 29.1137 30.202 50
62 30.7907 30.202 50
63 31.1774 30.202 50
64 26.3008 28.4327 140
65 26.0223 28.4327 140
66 29.3151 28.4327 140
67 30.7494 28.4327 140
68 27.8179 28.4327 140
69 29.1759 28.4327 140
70 28.4913 28.4327 140
71 27.6431 28.4327 140
72 27.6368 28.4327 140
73 28.8543 28.4327 140
74 28.7081 28.4327 140
75 28.9133 28.4327 140
76 28.03 28.4327 140
77 27.704 28.4327 140
78 29.1029 28.4327 140
79 29.4577 28.4327 140
80 27.6632 28.4327 140
81 28.8042 28.4327 140
82 28.4012 28.4327 140
83 29.2814 28.4327 140
84 29.091 28.4327 140
85 28.4021 28.4327 140
86 29.0788 28.4327 140
87 27.5413 28.4327 140
88 28.5173 28.4327 140
89 28.7977 28.4327 140
90 29.5965 28.4327 140
91 28.3694 28.4327 140
92 29.0461 28.4327 140
93 26.1951 28.4327 140
94 28.9323 28.4327 140
95 28.2052 28.4327 140