0 25.1845 25.1845 40
1 25.1845 25.1845 40
2 25.1845 25.1845 40
3 25.1845 25.1845 40
4 25.1845 25.1845 40
5 25.1845 25.1845 40
6 25.1845 25.1845 40
7 25.1845 25.1845 40
8 25.1845 25.1845 40
9 25.1845 25.1845 40
10 25.1845 25.1845 40
11 25.1845 25.1845 40
12 25.1845 25.1845 40
13 25.1845 25.1845 40
14 25.1845 25.1845 40
15 25.1845 25.1845 40
16 25.1845 25.1845 40
17 25.1845 25.1845 40
18 25.1845 25.1845 40
19 24.4873 25.1845 40
20 25.1845 25.1845 40
21 25.1845 25.1845 40
22 25.1845 25.1845 40
23 25.1845 25.1845 40
24 25.1845 25.1845 40
25 25.1845 25.1845 40
26 25.1845 25.1845 40
27 25.8817 25.1845 40
28 25.1845 25.1845 40
29 25.1845 25.1845 40
30 25.1845 25.1845 40
31 25.1845 25.1845 40
32 31.7113 31.7113 40
33 31.7113 31.7113 40
34 29.2686 31.7113 40
35 31.2737 31.7113 40
36 31.7113 31.7113 40
37 31.7113 31.7113 40
38 32.915 31.7113 40
39 31.1353 31.7113 40
40 31.7113 31.7113 40
41 31.7113 31.7113 40
42 34.1956 31.7113 40
43 33.0636 31.7113 40
44 31.7113 31.7113 40
45 31.7113 31.7113 40
46 34.2181 31.7113 40
47 32.7026 31.7113 40
48 31.7113 31.7113 40
49 31.7113 31.7113 40
50 29.0527 31.7113 40
51 27.8425 31.7113 40
52 31.7113 31.7113 40
53 31.7113 31.7113 40
54 33.0052 31.7113 40
55 29.2348 31.7113 40
56 31.7113 31.7113 40
57 31.7113 31.7113 40
58 34.5325 31.7113 40
59 31.0839 31.7113 40
60 31.7113 31.7113 40
61 31.7113 31.7113 40
62 31.3491 31.7113 40
63 32.508 31.7113 40
64 31.7113 31.1267 80
65 31.1267 31.1267 80
66 34.2019 31.1267 80
67 28.6119 31.1267 80
68 31.1267 31.1267 80
69 34.8986 31.1267 80
70 32.3339 31.1267 80
71 25.6593 31.1267 80
72 31.1267 31.1267 80
73 33.2685 31.1267 80
74 31.2763 31.1267 80
75 29.5325 31.1267 80
76 31.1267 31.1267 80
77 31.1267 31.1267 80
78 31.3912 31.1267 80
79 32.2923 31.1267 80
80 31.1267 31.1267 80
81 33.7521 31.1267 80
82 33.4622 31.1267 80
83 28.825 31.1267 80
84 31.1267 31.1267 80
85 34.2101 31.1267 80
86 33.5212 31.1267 80
87 30.0531 31.1267 80
88 31.1267 31.1267 80
89 32.8102 31.1267 80
90 29.2043 31.1267 80
91 30.5409 31.1267 80
92 31.8146 31.1267 80
93 30.4818 31.1267 80
94 26.4316 31.1267 80
95 26.7554 31.1267 80