0 27.9093 30.2559 40
1 31.4814 30.2559 40
2 31.7301 30.2559 40
3 30.6783 30.2559 40
4 32.6533 30.2559 40
5 29.4433 30.2559 40
6 31.1894 30.2559 40
7 30.924 30.2559 40
8 31.923 30.2559 40
9 30.4865 30.2559 40
10 30.7682 30.2559 40
11 30.4144 30.2559 40
12 31.1886 30.2559 40
13 31.0638 30.2559 40
14 30.6579 30.2559 40
15 30.5866 30.2559 40
16 30.866 30.2559 40
17 30.821 30.2559 40
18 28.5004 30.2559 40
19 29.1132 30.2559 40
20 29.6079 30.2559 40
21 29.3125 30.2559 40
22 29.1449 30.2559 40
23 29.2073 30.2559 40
24 31.1542 30.2559 40
25 30.2939 30.2559 40
26 29.9652 30.2559 40
27 29.6396 30.2559 40
28 29.8401 30.2559 40
29 30.0358 30.2559 40
30 27.9155 30.2559 40
31 29.6728 30.2559 40
32 31.0568 29.7454 20
33 30.2062 29.7454 20
34 30.0494 29.7454 20
35 30.2035 29.7454 20
36 30.4523 29.7454 20
37 31.1247 29.7454 20
38 29.4115 29.7454 20
39 30.7357 29.7454 20
40 29.9506 29.7454 20
41 28.5051 29.7454 20
42 29.2273 29.7454 20
43 29.535 29.7454 20
44 31.6556 29.7454 20
45 29.972 29.7454 20
46 26.5833 29.7454 20
47 30.0837 29.7454 20
48 30.2713 29.7454 20
49 30.3581 29.7454 20
50 29.2141 29.7454 20
51 28.8477 29.7454 20
52 30.0542 29.7454 20
53 30.3688 29.7454 20
54 28.2504 29.7454 20
55 29.746 29.7454 20
56 29.8114 29.7454 20
57 29.9745 29.7454 20
58 28.7203 29.7454 20
59 30.3567 29.7454 20
60 29.934 29.7454 20
61 28.4443 29.7454 20
62 28.9349 29.7454 20
63 29.8151 29.7454 20
64 33.0877 30.4422 40
65 31.7498 30.4422 40
66 34.2599 30.4422 40
67 31.1098 30.4422 40
68 31.7947 30.4422 40
69 30.0345 30.4422 40
70 28.6529 30.4422 40
71 27.7838 30.4422 40
72 30.9567 30.4422 40
73 30.1416 30.4422 40
74 30.1858 30.4422 40
75 29.3714 30.4422 40
76 32.538 30.4422 40
77 31.2595 30.4422 40
78 32.073 30.4422 40
79 29.8822 30.4422 40
80 30.8587 30.4422 40
81 35.6889 30.4422 40
82 30.5049 30.4422 40
83 27.8009 30.4422 40
84 30.8585 30.4422 40
85 31.2726 30.4422 40
86 29.0633 30.4422 40
87 27.3898 30.4422 40
88 33.4572 30.4422 40
89 31.2282 30.4422 40
90 29.5194 30.4422 40
91 23.6863 30.4422 40
92 30.8927 30.4422 40
93 31.7139 30.4422 40
94 29.5664 30.4422 40
95 25.7676 30.4422 40