0 31.5017 29.5241 110
1 31.1286 29.5241 110
2 28.3603 29.5241 110
3 30.3899 29.5241 110
4 28.5428 29.5241 110
5 27.4537 29.5241 110
6 31.1738 29.5241 110
7 29.9302 29.5241 110
8 30.292 29.5241 110
9 27.4811 29.5241 110
10 30.761 29.5241 110
11 26.582 29.5241 110
12 30.0105 29.5241 110
13 30.7512 29.5241 110
14 30.1582 29.5241 110
15 30.1336 29.5241 110
16 29.5827 29.5241 110
17 30.2807 29.5241 110
18 28.841 29.5241 110
19 26.0934 29.5241 110
20 43.7215 29.5241 110
21 28.2415 29.5241 110
22 26.1543 29.5241 110
23 22.2977 29.5241 110
24 29.4532 29.5241 110
25 30.9503 29.5241 110
26 30.5074 29.5241 110
27 26.6566 29.5241 110
28 29.7756 29.5241 110
29 26.4211 29.5241 110
30 31.3216 29.5241 110
31 29.8209 29.5241 110
32 30.247 29.4534 110
33 29.4557 29.4534 110
34 29.7501 29.4534 110
35 29.1999 29.4534 110
36 31.4481 29.4534 110
37 31.2306 29.4534 110
38 29.9294 29.4534 110
39 30.8956 29.4534 110
40 29.193 29.4534 110
41 29.5398 29.4534 110
42 27.0576 29.4534 110
43 29.831 29.4534 110
44 31.033 29.4534 110
45 30.5643 29.4534 110
46 28.5199 29.4534 110
47 29.1009 29.4534 110
48 30.1526 29.4534 110
49 31.8624 29.4534 110
50 30.1041 29.4534 110
51 26.8761 29.4534 110
52 26.8748 29.4534 110
53 30.0723 29.4534 110
54 27.8093 29.4534 110
55 26.2133 29.4534 110
56 28.4115 29.4534 110
57 31.4114 29.4534 110
58 30.0558 29.4534 110
59 26.7037 29.4534 110
60 27.6398 29.4534 110
61 31.2679 29.4534 110
62 30.3176 29.4534 110
63 29.7393 29.4534 110
64 31.1669 29.5833 40
65 30.285 29.5833 40
66 30.7008 29.5833 40
67 28.5441 29.5833 40
68 29.5965 29.5833 40
69 29.7751 29.5833 40
70 29.5269 29.5833 40
71 28.8695 29.5833 40
72 29.478 29.5833 40
73 29.586 29.5833 40
74 31.2473 29.5833 40
75 29.1157 29.5833 40
76 30.1832 29.5833 40
77 30.1044 29.5833 40
78 28.9657 29.5833 40
79 29.088 29.5833 40
80 29.4882 29.5833 40
81 29.2867 29.5833 40
82 29.2835 29.5833 40
83 29.0271 29.5833 40
84 28.7654 29.5833 40
85 29.2609 29.5833 40
86 29.4197 29.5833 40
87 28.0361 29.5833 40
88 29.1122 29.5833 40
89 28.4259 29.5833 40
90 29.0272 29.5833 40
91 30.3011 29.5833 40
92 28.9628 29.5833 40
93 31.2665 29.5833 40
94 30.2165 29.5833 40
95 30.5523 29.5833 40