0 18.035 0.17604
1 -12.9147 0.176668
2 12.3438 0.175354
3 9.38183 0.174265
4 20.9828 0.176615
5 10.7699 0.175419
6 -11.6073 0.173284
7 32.9407 0.175846
8 4.2528 0.175735
9 30.1055 0.173222
10 3.39287 0.176285
11 10.3049 0.175102
12 8.62714 0.175732
13 -8.43887 0.175338
14 -5.69586 0.178378
15 2.39286 0.174377
16 20.5304 0.173448
17 13.9569 0.174996
18 4.11353 0.177036
19 34.4103 0.176768
20 -11.0785 0.177778
21 33.1285 0.174612
22 -3.00301 0.176771
23 5.7979 0.174496
24 3.42412 0.17806
25 16.2294 0.177592
26 9.3955 0.176769
27 22.1971 0.173974
28 35.4018 0.176518
29 3.04115 0.175748
30 20.4235 0.177707
31 18.1301 0.168283
32 112.223 0.167532
33 73.4807 0.166249
34 74.2627 0.167937
35 73.5657 0.165872
36 107.623 0.168699
37 116.197 0.1682
38 72.6262 0.167569
39 70.0347 0.166169
40 80.7424 0.167978
41 83.85 0.167276
42 69.4642 0.16615
43 88.3675 0.166497
44 89.6348 0.165589
45 75.2104 0.16794
46 90.4634 0.165232
47 77.9473 0.166553
48 91.6522 0.167188
49 96.7878 0.165608
50 82.1447 0.167063
51 85.3609 0.167019
52 78.0907 0.168474
53 66.9335 0.165206
54 77.8716 0.169737
55 68.1504 0.16327
56 86.2673 0.169677
57 87.5269 0.167407
58 73.554 0.166616
59 87.4194 0.169712
60 60.3628 0.168877
61 76.4313 0.168896
62 99.5534 0.166561
63 65.7983 0.166636
64 19.3518 0.182224
65 4.70035 0.178873
66 -4.35285 0.179356
67 25.9009 0.179957
68 -8.59026 0.178764
69 -4.51886 0.179124
70 4.76061 0.179487
71 18.4131 0.178573
72 1.42176 0.182359
73 -18.5593 0.17768
74 43.5541 0.180388
75 -26.4413 0.179036
76 3.87694 0.180695
77 10.102 0.179246
78 10.6056 0.178673
79 -21.2365 0.178319
80 11.2165 0.182776
81 -1.22338 0.17967
82 6.30973 0.178388
83 2.00047 0.178757
84 22.6217 0.18158
85 35.0993 0.182133
86 -8.75865 0.180104
87 -12.2956 0.181679
88 5.54172 0.177286
89 26.0671 0.180433
90 21.8789 0.180751
91 9.51235 0.17937
92 -6.63902 0.180513
93 3.86445 0.177962
94 35.1577 0.184891
95 34.558 0.174724
