0 -66.1104 0.180757
1 -21.2554 0.182079
2 -37.8677 0.185552
3 -46.3822 0.179419
4 -27.3131 0.185899
5 -48.847 0.184073
6 -37.7114 0.182916
7 -25.6753 0.180136
8 -48.7891 0.184916
9 -11.2467 0.187331
10 -26.2354 0.188156
11 -36.3337 0.180631
12 -32.4684 0.183824
13 -7.89329 0.183121
14 -26.3253 0.184603
15 -27.4071 0.184823
16 -8.87213 0.185976
17 -19.1752 0.18606
18 -80.8519 0.184997
19 -54.7443 0.185612
20 -19.9147 0.186224
21 -65.5912 0.184175
22 -51.5758 0.183518
23 -27.2958 0.185558
24 -78.7106 0.185246
25 -53.2155 0.184508
26 -26.8147 0.18838
27 -23.9253 0.182572
28 -43.8546 0.182417
29 -48.1628 0.185553
30 -31.4315 0.183985
31 -42.4377 0.183527
32 -72.2275 0.180509
33 -106.293 0.175101
34 -82.6056 0.176337
35 -72.1004 0.177002
36 -85.1542 0.180551
37 -82.2803 0.180643
38 -86.8522 0.179702
39 -60.6727 0.176724
40 -94.7915 0.178737
41 -87.0628 0.179817
42 -88.5728 0.176157
43 -71.2297 0.179051
44 -76.1191 0.180949
45 -77.5197 0.177393
46 -78.8837 0.180776
47 -88.497 0.175861
48 -65.0532 0.180266
49 -90.0007 0.179045
50 -46.8797 0.180444
51 -45.7851 0.178715
52 -58.5139 0.180509
53 -78.6438 0.176636
54 -64.0118 0.178827
55 -65.3782 0.181223
56 -63.8027 0.177575
57 -86.3993 0.177623
58 -92.6967 0.178994
59 -83.3463 0.178948
60 -74.9769 0.18042
61 -80.6068 0.181566
62 -77.6678 0.180205
63 -92.6234 0.176406
64 54.0748 0.16795
65 53.731 0.163987
66 62.7914 0.162754
67 55.1801 0.164424
68 26.6495 0.165006
69 69.2259 0.16368
70 56.8185 0.163496
71 67.6118 0.163039
72 57.3938 0.167167
73 55.6527 0.166348
74 52.3239 0.162509
75 38.5852 0.164724
76 47.1784 0.164512
77 41.8279 0.162462
78 59.081 0.165862
79 64.0851 0.160966
80 58.8573 0.166082
81 26.0641 0.164377
82 60.5995 0.16464
83 78.1342 0.164321
85 54.0377 0.163454
86 63.4331 0.163978
87 41.1792 0.163759
88 50.9078 0.163197
89 41.9323 0.165881
90 44.7947 0.164363
91 56.0168 0.163179
92 28.9638 0.166345
93 35.2382 0.162977
94 61.6845 0.165147
95 69.929 0.161071
