0 -30.6755 0.118411
1 -34.9783 0.117171
2 -22.763 0.114881
3 -51.3907 0.117974
4 -18.3191 0.115619
5 -13.5712 0.118141
6 -12.8463 0.117014
7 -50.1245 0.117335
8 -16.8777 0.117557
9 -14.4092 0.115539
10 1.71644 0.116449
11 -15.2123 0.115555
12 -22.7412 0.117557
13 -9.34876 0.115233
14 -28.2836 0.116088
15 -30.6189 0.11474
16 -32.4633 0.117732
17 -17.7777 0.115571
18 -35.2858 0.118366
19 -24.5155 0.11567
20 -44.7703 0.117138
21 -37.9821 0.115773
22 -35.8071 0.116385
23 -40.5337 0.11706
24 -52.3194 0.118864
25 -41.5261 0.115699
26 -10.3593 0.117583
27 -24.7486 0.116716
28 -15.976 0.116137
29 -33.0273 0.116531
30 -48.8615 0.116457
31 -25.5387 0.116719
32 -14.3508 0.114863
33 -32.4201 0.109668
34 -10.2902 0.113162
35 -20.5505 0.113923
36 -2.00083 0.113957
37 -26.7284 0.112292
38 15.3416 0.114373
39 -10.241 0.113294
40 -2.50843 0.113403
41 -26.3059 0.112693
42 -23.8611 0.113806
43 -17.1302 0.111827
44 -34.9663 0.114466
45 -21.1811 0.11256
46 -31.1238 0.113425
47 1.36549 0.113022
48 -15.2505 0.11421
49 4.11243 0.114267
50 -39.0891 0.114997
51 -15.7263 0.112794
52 -8.79398 0.113247
53 -43.2264 0.116417
54 -23.5629 0.113238
55 -41.8002 0.114405
56 -25.7664 0.115391
57 -6.46085 0.113506
58 -12.9058 0.116079
59 -32.4941 0.112922
60 -7.62679 0.112921
61 -1.20449 0.113063
62 -27.5698 0.113182
63 -21.0198 0.111387
64 8.35688 0.11654
65 22.1777 0.115015
66 27.1588 0.112845
67 18.229 0.114011
68 30.169 0.115649
69 45.2926 0.112975
70 11.262 0.115201
71 37.5588 0.113832
72 25.119 0.114987
73 11.9185 0.112827
74 16.52 0.11679
75 32.5252 0.115929
76 31.7429 0.115568
77 12.1642 0.113439
78 54.0291 0.115321
79 26.2716 0.113679
80 35.3545 0.117416
81 27.8197 0.114797
82 54.4093 0.117028
83 37.2358 0.1166
84 16.3999 0.116794
85 10.3311 0.115711
86 7.12664 0.114857
87 54.2067 0.116364
88 22.4475 0.114219
89 13.5874 0.115392
90 24.1631 0.1166
91 22.6175 0.11773
92 11.9684 0.115118
93 26.7363 0.11599
94 19.723 0.114119
95 26.1154 0.112181
