0 -14.5738 0.173834
1 9.26646 0.1721
2 14.4986 0.168913
3 -14.0629 0.17148
4 -7.77351 0.171759
5 -21.2443 0.173564
6 -5.20462 0.173896
7 13.7216 0.172863
8 22.023 0.173993
9 11.8304 0.172377
10 4.19807 0.173253
11 6.14115 0.170686
12 2.51855 0.174981
13 -15.8531 0.171398
14 -12.5571 0.172883
15 -5.06774 0.171597
16 0.655784 0.173616
17 -29.1842 0.173126
18 -2.14754 0.171748
19 3.57687 0.173555
20 10.7241 0.174167
21 -5.62517 0.172076
22 -15.7998 0.175344
23 -1.70424 0.172981
24 5.87729 0.17267
25 -10.6408 0.173055
26 13.0124 0.171438
27 -25.5316 0.173555
28 10.7976 0.175944
29 -40.4109 0.172655
30 20.9646 0.172492
31 -46.4636 0.170625
32 5.86966 0.175748
33 29.2776 0.174843
34 4.87561 0.172411
35 16.383 0.174252
36 15.2728 0.177807
37 4.46544 0.174668
38 7.91423 0.174825
39 2.11394 0.172438
40 15.9829 0.176123
41 0.13557 0.172814
42 20.8929 0.174577
43 -4.39685 0.173817
44 1.25872 0.174524
45 23.2848 0.172113
46 14.7393 0.172913
47 -0.119345 0.172959
48 16.7628 0.17603
49 33.5229 0.177371
50 21.2554 0.17634
51 -2.39737 0.174269
52 -7.99127 0.174841
53 0.281026 0.172487
54 12.1503 0.17329
55 1.62992 0.173908
56 -5.30257 0.172822
57 -19.4127 0.171563
58 -2.15024 0.175271
59 16.7281 0.173076
60 23.0066 0.171208
61 -2.84614 0.176734
62 -1.43875 0.174383
63 -15.0041 0.174238
64 57.8179 0.167752
65 48.6597 0.166237
66 57.1734 0.164338
67 72.1961 0.165451
68 104.994 0.166669
69 54.1054 0.16718
70 56.5569 0.167356
71 58.4618 0.168571
72 56.9503 0.166933
73 54.1633 0.165538
74 40.4105 0.167247
75 45.2375 0.167571
76 69.2173 0.168079
77 32.909 0.165705
78 37.5284 0.167238
79 47.2172 0.164268
80 38.7261 0.170846
81 55.7285 0.168283
82 54.1492 0.165827
83 61.2306 0.163924
84 73.6017 0.169312
85 47.7141 0.164498
86 63.2835 0.165126
87 40.7519 0.165585
88 19.6613 0.167246
89 60.5892 0.167012
90 66.1606 0.168882
91 65.5913 0.166253
92 58.8865 0.166651
93 48.8541 0.169236
94 72.5636 0.167224
95 48.0056 0.165822
