0 -40.7052 0.116104
1 -56.9417 0.118351
2 -30.6546 0.114859
3 -53.6608 0.116326
4 -40.4728 0.1175
5 -25.8062 0.113777
6 -46.2095 0.114813
7 -38.0173 0.113955
8 -17.2816 0.115021
9 -28.1857 0.114034
10 -39.3024 0.115765
11 -16.4095 0.114644
12 -54.7597 0.116904
13 -51.2345 0.114116
14 -10.5591 0.114791
15 -48.8463 0.114082
16 -49.993 0.116308
17 -34.9151 0.116047
18 -54.0344 0.115528
19 -61.6195 0.11715
20 -37.997 0.116056
21 -72.7806 0.114144
22 -21.4722 0.114842
23 -34.8234 0.116619
24 -30.968 0.114067
25 -5.64808 0.114965
26 -67.1507 0.11783
27 -46.9905 0.115557
28 -26.9083 0.116648
29 -58.6895 0.116407
30 -33.6584 0.116067
31 -37.0018 0.114949
32 -6.68646 0.116634
33 15.439 0.113044
34 -10.7819 0.113445
35 0.404867 0.114457
36 33.5711 0.115953
37 -19.0537 0.115706
38 5.94634 0.115667
39 -0.196332 0.113137
40 12.9961 0.116736
41 10.6658 0.115456
42 20.8627 0.117066
43 19.5267 0.116236
44 27.5016 0.113424
45 -22.4714 0.116146
46 -7.40636 0.114987
47 -13.1547 0.115856
48 7.88453 0.115687
49 5.30278 0.115046
50 10.3131 0.114141
51 11.6714 0.117159
52 13.9731 0.117207
53 14.03 0.116459
54 23.4084 0.116242
55 -13.8823 0.115224
56 7.49117 0.114563
57 -27.4512 0.115441
58 -13.8665 0.115334
59 -1.51256 0.115145
60 9.40095 0.116195
61 -11.0019 0.114774
62 -11.9435 0.115612
63 -0.224691 0.110731
64 -10.2282 0.114113
65 33.8665 0.113426
66 44.2356 0.112811
67 43.6735 0.112821
68 12.8515 0.11264
69 7.41245 0.113869
70 8.55927 0.114272
71 -5.48468 0.112884
72 28.9518 0.11202
73 6.58738 0.112257
74 24.5009 0.114218
75 21.4283 0.112428
76 18.1914 0.1131
77 32.0442 0.113275
78 -4.46325 0.111193
79 26.5984 0.10994
80 18.4988 0.112149
81 17.5024 0.112049
82 7.05303 0.112408
83 14.9113 0.111118
84 23.5707 0.112755
85 21.3349 0.111504
86 39.8662 0.112808
87 7.51231 0.112755
88 17.6659 0.113381
89 36.5025 0.112692
90 24.1606 0.112472
91 14.941 0.110739
92 10.8566 0.110456
93 4.9721 0.113423
94 -5.62304 0.112378
95 34.2327 0.10935
