0 43.5252 0.116502
1 49.3721 0.113122
2 63.9301 0.113541
3 56.2272 0.114898
4 30.119 0.115667
5 49.8564 0.115267
6 26.1555 0.114521
7 30.1935 0.113595
8 47.597 0.115437
9 32.1113 0.113827
10 38.2528 0.114579
11 44.4061 0.115395
12 44.045 0.111698
13 41.2686 0.113366
14 60.4901 0.116122
15 32.6751 0.115876
16 43.1394 0.117566
17 48.9 0.114392
18 68.6906 0.114433
19 28.2075 0.113433
20 37.7675 0.114869
21 38.4721 0.115552
22 51.8822 0.114868
23 35.0365 0.115471
24 25.8077 0.11607
25 36.5168 0.114445
26 37.6319 0.11691
27 42.9139 0.114092
28 13.3282 0.114076
29 40.5106 0.113283
30 39.6798 0.117884
31 35.4917 0.113818
32 81.809 0.112123
33 66.1971 0.108342
34 50.2823 0.108132
35 75.9048 0.109128
36 45.6738 0.109866
37 73.2764 0.109045
38 95.6862 0.110171
39 81.47 0.109109
40 80.8347 0.109693
41 62.8872 0.107963
42 62.0262 0.109935
43 64.1799 0.109249
44 83.7069 0.110585
45 76.1261 0.110532
46 72.7313 0.110652
47 63.8038 0.109389
48 70.9553 0.110327
49 95.8545 0.109266
50 54.3749 0.109568
51 84.9613 0.110008
52 85.6304 0.111893
53 68.4564 0.107294
54 103.097 0.114531
55 72.5525 0.110059
56 84.4913 0.110536
57 65.4467 0.108849
58 50.5921 0.112185
59 50.1937 0.109862
60 55.1448 0.110058
61 54.8225 0.108381
62 67.7721 0.11194
63 71.981 0.109228
64 -11.9494 0.118752
65 11.8032 0.117148
66 -11.0179 0.117025
67 -13.7654 0.117545
68 0.908903 0.118119
69 -12.8809 0.11589
70 4.28832 0.116207
71 -29.138 0.115572
72 6.36427 0.116109
73 -11.4548 0.117963
74 9.33665 0.118752
75 -27.8178 0.117212
76 -12.4427 0.118705
77 -7.87284 0.115482
78 -10.3847 0.116981
79 17.436 0.116385
80 3.48736 0.118795
81 17.4375 0.117877
82 12.2013 0.117387
83 1.93956 0.119986
84 14.8171 0.119826
85 -37.3352 0.118303
86 -2.27202 0.1184
87 4.95207 0.118427
88 -2.92197 0.118848
89 -3.26882 0.119432
90 1.6746 0.120222
91 -8.66583 0.118102
92 -17.1049 0.117547
93 4.3709 0.119019
94 13.4604 0.116623
95 -15.727 0.115029
