0 -11.175 0.111093
1 8.7646 0.112269
2 -0.371318 0.109979
3 -6.49231 0.111548
4 8.87084 0.110915
5 -2.3849 0.110986
6 -4.27519 0.110856
7 10.3655 0.109295
8 -15.0299 0.109288
9 -6.36629 0.108902
10 -16.6817 0.112824
11 20.534 0.109352
12 7.84938 0.112326
13 -3.12706 0.110023
14 -2.93372 0.110254
15 -15.2487 0.110365
16 -8.08848 0.110499
17 33.0169 0.110821
18 -14.4781 0.110959
19 3.5878 0.110406
20 -10.4026 0.109755
21 14.104 0.110776
22 -20.6785 0.112182
23 -5.44166 0.110468
24 -5.78686 0.111662
25 24.4165 0.110115
26 -5.75972 0.110496
27 -18.1914 0.111538
28 -18.0003 0.111942
29 13.2871 0.111181
30 -10.3306 0.108369
31 -20.922 0.107255
32 62.7599 0.111094
33 81.0292 0.110155
34 62.6768 0.10961
35 90.9749 0.111586
36 79.959 0.109217
37 92.0117 0.108737
38 71.0362 0.110065
39 91.4432 0.109004
40 74.4774 0.109427
41 90.1266 0.109013
42 84.8265 0.110233
43 69.9307 0.11162
44 59.6558 0.111343
45 75.2831 0.110282
46 117.336 0.110927
47 67.6422 0.110414
48 93.8328 0.112542
49 70.7338 0.110837
50 69.818 0.112272
51 73.3304 0.110522
52 65.3922 0.111371
53 81.5328 0.110918
54 51.0157 0.110557
55 58.7923 0.109471
56 87.6474 0.111854
57 85.9037 0.11012
58 48.745 0.111901
59 74.9296 0.111188
60 49.7798 0.111165
61 37.0306 0.109063
62 78.7183 0.112328
63 58.8019 0.106559
64 -7.01454 0.115613
65 -7.44629 0.115089
66 1.36917 0.113781
67 31.2979 0.114532
68 24.2075 0.11558
69 9.23113 0.112331
70 -5.33455 0.115777
71 0.245911 0.116565
72 10.1427 0.114879
73 6.08443 0.114583
74 12.1217 0.112836
75 10.7062 0.115084
76 31.2864 0.117224
77 22.8539 0.111924
78 28.1482 0.114113
79 9.58538 0.113899
80 -28.8109 0.114973
81 14.058 0.114146
82 13.3023 0.115607
83 -3.85797 0.114517
84 -18.4777 0.115589
85 9.54207 0.114088
86 -6.14502 0.113182
87 17.1197 0.114529
88 -10.4542 0.113709
89 -4.18642 0.112113
90 1.34642 0.114628
91 -5.99452 0.114616
92 0.318723 0.114483
93 9.47243 0.114528
94 1.42825 0.1144
95 5.06248 0.112309
