0 44.2247 43.5037 40
1 43.7444 43.5037 40
2 45.5775 43.5037 40
3 42.9236 43.5037 40
4 45.0266 43.5037 40
5 43.2969 43.5037 40
6 45.6324 43.5037 40
7 42.6056 43.5037 40
8 45.4626 43.5037 40
9 44.0919 43.5037 40
10 44.0659 43.5037 40
11 42.5753 43.5037 40
12 44.7872 43.5037 40
13 44.3294 43.5037 40
14 43.7189 43.5037 40
15 42.974 43.5037 40
16 43.2247 43.5037 40
17 42.9319 43.5037 40
18 42.8532 43.5037 40
19 40.1731 43.5037 40
20 44.4576 43.5037 40
21 41.73 43.5037 40
22 43.0473 43.5037 40
23 39.1597 43.5037 40
24 44.7046 43.5037 40
25 43.6389 43.5037 40
26 43.5049 43.5037 40
27 43.157 43.5037 40
28 46.3692 43.5037 40
29 42.343 43.5037 40
30 42.6986 43.5037 40
31 43.0879 43.5037 40
32 46.2611 43.5989 40
33 44.0728 43.5989 40
34 45.5925 43.5989 40
35 43.5989 43.5989 40
36 45.1721 43.5989 40
37 44.9629 43.5989 40
38 45.5357 43.5989 40
39 43.5989 43.5989 40
40 45.7124 43.5989 40
41 43.018 43.5989 40
42 44.5582 43.5989 40
43 43.5989 43.5989 40
44 44.8975 43.5989 40
45 45.517 43.5989 40
46 44.5026 43.5989 40
47 44.6389 43.5989 40
48 45.8672 43.5989 40
49 43.5989 43.5989 40
50 36.3102 43.5989 40
51 39.9028 43.5989 40
52 43.7857 43.5989 40
53 41.0829 43.5989 40
54 38.5752 43.5989 40
55 42.055 43.5989 40
56 40.7146 43.5989 40
57 45.1952 43.5989 40
58 44.6692 43.5989 40
59 43.8431 43.5989 40
60 43.3601 43.5989 40
61 43.3537 43.5989 40
62 43.5989 43.5989 40
63 44.0134 43.5989 40
64 43.1623 43.1684 40
65 45.1815 43.1684 40
66 45.8167 43.1684 40
67 45.0584 43.1684 40
68 43.2451 43.1684 40
69 43.0432 43.1684 40
70 43.3793 43.1684 40
71 44.5985 43.1684 40
72 42.6727 43.1684 40
73 44.0436 43.1684 40
74 44.3446 43.1684 40
75 44.2799 43.1684 40
76 43.9694 43.1684 40
77 43.4942 43.1684 40
78 43.5688 43.1684 40
79 43.2602 43.1684 40
80 43.9722 43.1684 40
81 45.11 43.1684 40
82 42.4086 43.1684 40
83 42.868 43.1684 40
84 40.0557 43.1684 40
85 40.7443 43.1684 40
86 40.7318 43.1684 40
87 42.5021 43.1684 40
88 42.5313 43.1684 40
89 42.1398 43.1684 40
90 42.323 43.1684 40
91 41.6879 43.1684 40
92 45.0967 43.1684 40
93 42.037 43.1684 40
94 40.8953 43.1684 40
95 43.1684 43.1684 40