0 35.5985 36.7925 130
1 37.3087 36.7925 130
2 37.932 36.7925 130
3 38.2549 36.7925 130
4 38.5831 36.7925 130
5 36.3921 36.7925 130
6 35.5938 36.7925 130
7 35.8076 36.7925 130
8 38.8234 36.7925 130
9 38.3347 36.7925 130
10 37.2151 36.7925 130
11 36.1028 36.7925 130
12 33.4474 36.7925 130
13 35.5439 36.7925 130
14 37.838 36.7925 130
15 35.0802 36.7925 130
16 32.835 36.7925 130
17 38.1632 36.7925 130
18 37.0922 36.7925 130
19 37.3897 36.7925 130
20 34.9447 36.7925 130
21 33.4791 36.7925 130
22 38.8612 36.7925 130
23 38.0747 36.7925 130
24 37.61 36.7925 130
25 36.163 36.7925 130
26 36.9868 36.7925 130
27 36.7767 36.7925 130
28 36.6573 36.7925 130
29 37.2786 36.7925 130
30 37.5019 36.7925 130
31 39.6901 36.7925 130
32 36.5467 37.7845 50
33 40.7568 37.7845 50
34 37.0782 37.7845 50
35 36.6169 37.7845 50
36 36.4196 37.7845 50
37 36.8372 37.7845 50
38 40.4888 37.7845 50
39 38.1019 37.7845 50
40 37.0088 37.7845 50
41 37.8228 37.7845 50
42 38.7909 37.7845 50
43 38.5085 37.7845 50
44 36.6589 37.7845 50
45 40.8089 37.7845 50
46 42.2966 37.7845 50
47 40.7394 37.7845 50
48 37.7952 37.7845 50
49 36.4314 37.7845 50
50 37.6585 37.7845 50
51 37.4509 37.7845 50
52 35.6298 37.7845 50
53 35.7091 37.7845 50
54 36.9556 37.7845 50
55 37.4226 37.7845 50
56 39.1625 37.7845 50
57 36.9418 37.7845 50
58 37.0058 37.7845 50
59 35.4487 37.7845 50
60 38.0958 37.7845 50
61 35.4951 37.7845 50
62 37.3946 37.7845 50
63 39.0244 37.7845 50
64 36.7396 38.3728 30
65 39.8321 38.3728 30
66 37.591 38.3728 30
67 36.8726 38.3728 30
68 40.2336 38.3728 30
69 38.2949 38.3728 30
70 40.997 38.3728 30
71 38.599 38.3728 30
72 38.3989 38.3728 30
73 39.1265 38.3728 30
74 38.218 38.3728 30
75 39.4134 38.3728 30
76 37.3317 38.3728 30
77 38.5578 38.3728 30
78 42.2661 38.3728 30
79 38.743 38.3728 30
80 37.9212 38.3728 30
81 37.9357 38.3728 30
82 39.1453 38.3728 30
83 38.3603 38.3728 30
84 38.3728 38.3728 30
85 35.6912 38.3728 30
86 39.5437 38.3728 30
87 39.1975 38.3728 30
88 36.0213 38.3728 30
89 37.1263 38.3728 30
90 38.0769 38.3728 30
91 37.4747 38.3728 30
92 38.3728 38.3728 30
93 35.4202 38.3728 30
94 37.4934 38.3728 30
95 40.5621 38.3728 30