0 36.8442 36.8442 50
1 36.5963 36.8442 50
2 37.1454 36.8442 50
3 35.7122 36.8442 50
4 36.8442 36.8442 50
5 36.9362 36.8442 50
6 37.7681 36.8442 50
7 39.2595 36.8442 50
8 36.8442 36.8442 50
9 34.2578 36.8442 50
10 37.3842 36.8442 50
11 37.247 36.8442 50
12 36.8442 36.8442 50
13 37.1799 36.8442 50
14 37.7221 36.8442 50
15 36.6854 36.8442 50
16 36.0926 36.8442 50
17 36.4363 36.8442 50
18 37.0326 36.8442 50
19 36.6458 36.8442 50
20 36.8811 36.8442 50
21 35.1262 36.8442 50
22 37.0955 36.8442 50
23 37.6193 36.8442 50
24 37.3856 36.8442 50
25 36.2483 36.8442 50
26 36.1958 36.8442 50
27 37.7954 36.8442 50
28 35.6474 36.8442 50
29 37.5665 36.8442 50
30 39.2166 36.8442 50
31 34.7583 36.8442 50
32 38.8673 38.2979 50
33 37.9677 38.2979 50
34 40.7421 38.2979 50
35 38.6963 38.2979 50
36 40.377 38.2979 50
37 39.5732 38.2979 50
38 39.5823 38.2979 50
39 38.6108 38.2979 50
40 39.6238 38.2979 50
41 37.4582 38.2979 50
42 37.1734 38.2979 50
43 40.0067 38.2979 50
44 39.506 38.2979 50
45 37.1708 38.2979 50
46 36.4949 38.2979 50
47 39.5084 38.2979 50
48 36.0801 38.2979 50
49 37.4495 38.2979 50
50 38.8663 38.2979 50
51 37.2376 38.2979 50
52 37.3823 38.2979 50
53 38.2588 38.2979 50
54 38.9653 38.2979 50
55 37.8164 38.2979 50
56 38.2445 38.2979 50
57 35.163 38.2979 50
58 38.397 38.2979 50
59 38.5108 38.2979 50
60 37.6355 38.2979 50
61 35.2687 38.2979 50
62 38.8274 38.2979 50
63 40.0697 38.2979 50
64 35.3303 35.8843 130
65 33.04 35.8843 130
66 37.6032 35.8843 130
67 39.228 35.8843 130
68 34.8353 35.8843 130
69 36.2956 35.8843 130
70 36.6222 35.8843 130
71 35.535 35.8843 130
72 34.5902 35.8843 130
73 35.893 35.8843 130
74 36.2698 35.8843 130
75 36.2528 35.8843 130
76 35.8306 35.8843 130
77 34.0765 35.8843 130
78 37.0401 35.8843 130
79 37.7832 35.8843 130
80 35.0776 35.8843 130
81 35.5124 35.8843 130
82 34.8751 35.8843 130
83 37.2004 35.8843 130
84 36.7807 35.8843 130
85 35.8843 35.8843 130
86 35.0978 35.8843 130
87 35.4251 35.8843 130
88 36.0153 35.8843 130
89 35.8843 35.8843 130
90 35.8843 35.8843 130
91 36.095 35.8843 130
92 35.7638 35.8843 130
93 35.8843 35.8843 130
94 35.044 35.8843 130
95 35.6474 35.8843 130