0 38.0756 37.1733 100
1 37.1733 37.1733 100
2 37.2118 37.1733 100
3 36.7639 37.1733 100
4 38.6825 37.1733 100
5 38.1322 37.1733 100
6 37.3712 37.1733 100
7 38.7889 37.1733 100
8 37.3273 37.1733 100
9 38.0329 37.1733 100
10 37.2274 37.1733 100
11 36.8168 37.1733 100
12 39.3748 37.1733 100
13 36.6916 37.1733 100
14 35.2156 37.1733 100
15 36.5112 37.1733 100
16 36.7231 37.1733 100
17 37.1733 37.1733 100
18 41.8314 37.1733 100
19 36.3809 37.1733 100
20 37.9699 37.1733 100
21 37.5054 37.1733 100
22 36.7546 37.1733 100
23 37.7074 37.1733 100
24 35.5495 37.1733 100
25 35.575 37.1733 100
26 34.7163 37.1733 100
27 36.9016 37.1733 100
28 36.3565 37.1733 100
29 36.0506 37.1733 100
30 36.9326 37.1733 100
31 36.02 37.1733 100
32 37.5884 36.1624 50
33 37.4068 36.1624 50
34 36.1282 36.1624 50
35 39.2777 36.1624 50
36 38.6286 36.1624 50
37 35.6105 36.1624 50
38 36.0922 36.1624 50
39 37.0418 36.1624 50
40 37.6427 36.1624 50
41 34.8439 36.1624 50
42 35.056 36.1624 50
43 38.8145 36.1624 50
44 37.7614 36.1624 50
45 36.4212 36.1624 50
46 37.8814 36.1624 50
47 36.132 36.1624 50
48 36.9513 36.1624 50
49 37.5794 36.1624 50
50 36.1263 36.1624 50
51 35.0008 36.1624 50
52 36.062 36.1624 50
53 33.5603 36.1624 50
54 34.4502 36.1624 50
55 34.5394 36.1624 50
56 36.4917 36.1624 50
57 34.6009 36.1624 50
58 36.2721 36.1624 50
59 33.812 36.1624 50
60 34.8016 36.1624 50
61 35.5144 36.1624 50
62 35.8816 36.1624 50
63 33.2246 36.1624 50
64 38.9913 37.0718 50
65 35.978 37.0718 50
66 37.8621 37.0718 50
67 37.0979 37.0718 50
68 36.043 37.0718 50
69 36.8005 37.0718 50
70 39.6136 37.0718 50
71 36.9394 37.0718 50
72 37.3147 37.0718 50
73 35.7138 37.0718 50
74 37.993 37.0718 50
75 36.8035 37.0718 50
76 35.2822 37.0718 50
77 35.9702 37.0718 50
78 36.4892 37.0718 50
79 36.2739 37.0718 50
80 38.6069 37.0718 50
81 37.3082 37.0718 50
82 37.0383 37.0718 50
83 37.5507 37.0718 50
84 37.3485 37.0718 50
85 37.649 37.0718 50
86 37.4718 37.0718 50
87 36.2682 37.0718 50
88 36.8944 37.0718 50
89 36.4431 37.0718 50
90 36.5856 37.0718 50
91 38.2557 37.0718 50
92 37.0718 37.0718 50
93 37.4155 37.0718 50
94 36.3212 37.0718 50
95 36.9014 37.0718 50