0 36.5846 36.5846 100
1 36.5846 36.5846 100
2 36.5846 36.5846 100
3 36.5846 36.5846 100
4 39.3345 36.5846 100
5 36.5846 36.5846 100
6 36.5846 36.5846 100
7 34.5126 36.5846 100
8 39.0133 36.5846 100
9 33.6154 36.5846 100
10 34.6516 36.5846 100
11 36.2151 36.5846 100
12 33.7503 36.5846 100
13 38.4734 36.5846 100
14 37.6711 36.5846 100
15 33.6875 36.5846 100
16 38.1881 36.5846 100
17 38.9824 36.5846 100
18 36.5846 36.5846 100
19 37.2908 36.5846 100
20 36.5846 36.5846 100
21 39.5117 36.5846 100
22 36.5846 36.5846 100
23 39.7769 36.5846 100
24 40.3484 36.5846 100
25 39.7201 36.5846 100
26 34.9701 36.5846 100
27 33.8581 36.5846 100
28 34.8638 36.5846 100
29 36.5846 36.5846 100
30 31.0395 36.5846 100
31 35.3861 36.5846 100
32 37.178 37.178 80
33 37.178 37.178 80
34 37.178 37.178 80
35 37.178 37.178 80
36 37.178 37.178 80
37 37.178 37.178 80
38 37.178 37.178 80
39 37.178 37.178 80
40 37.178 37.178 80
41 37.178 37.178 80
42 37.178 37.178 80
43 37.178 37.178 80
44 37.178 37.178 80
45 37.178 37.178 80
46 37.178 37.178 80
47 37.178 37.178 80
48 37.178 37.178 80
49 37.178 37.178 80
50 37.178 37.178 80
51 37.178 37.178 80
52 37.178 37.178 80
53 37.178 37.178 80
54 37.178 37.178 80
55 37.178 37.178 80
56 37.178 37.178 80
57 37.178 37.178 80
58 41.1568 37.178 80
59 37.178 37.178 80
60 37.178 37.178 80
61 33.1992 37.178 80
62 37.178 37.178 80
63 37.178 37.178 80
64 39.1998 35.8515 50
65 35.6856 35.8515 50
66 35.8515 35.8515 50
67 34.4148 35.8515 50
68 35.7315 35.8515 50
69 35.8515 35.8515 50
70 35.8515 35.8515 50
71 36.2826 35.8515 50
72 33.8158 35.8515 50
73 37.9312 35.8515 50
74 38.2749 35.8515 50
75 38.9625 35.8515 50
76 39.0066 35.8515 50
77 38.2547 35.8515 50
78 35.8515 35.8515 50
79 30.8257 35.8515 50
80 35.8515 35.8515 50
81 34.7833 35.8515 50
82 35.8515 35.8515 50
83 34.1812 35.8515 50
84 34.2934 35.8515 50
85 35.8515 35.8515 50
86 35.8515 35.8515 50
87 35.8515 35.8515 50
88 38.2514 35.8515 50
89 31.4361 35.8515 50
90 30.2027 35.8515 50
91 35.3239 35.8515 50
92 36.5103 35.8515 50
93 35.756 35.8515 50
94 39.1124 35.8515 50
95 36.348 35.8515 50