0 35.2074 35.2074 40
1 35.2074 35.2074 40
2 35.2074 35.2074 40
3 35.2074 35.2074 40
4 35.2074 35.2074 40
5 35.2074 35.2074 40
6 37.6884 35.2074 40
7 37.4021 35.2074 40
8 35.2074 35.2074 40
9 35.2074 35.2074 40
10 35.2074 35.2074 40
11 35.2074 35.2074 40
12 35.2074 35.2074 40
13 35.2074 35.2074 40
14 35.2074 35.2074 40
15 38.5936 35.2074 40
16 35.2074 35.2074 40
17 35.2074 35.2074 40
18 35.2074 35.2074 40
19 32.1382 35.2074 40
20 35.2074 35.2074 40
21 35.2074 35.2074 40
22 31.6853 35.2074 40
23 33.0852 35.2074 40
24 35.2074 35.2074 40
25 35.2074 35.2074 40
26 35.2074 35.2074 40
27 31.6512 35.2074 40
28 35.2074 35.2074 40
29 35.2074 35.2074 40
30 35.2074 35.2074 40
31 39.4153 35.2074 40
32 39.1605 39.1605 40
33 39.1605 39.1605 40
34 37.7092 39.1605 40
35 40.1962 39.1605 40
36 39.1605 39.1605 40
37 39.1605 39.1605 40
38 39.9741 39.1605 40
39 38.3632 39.1605 40
40 39.1605 39.1605 40
41 39.1605 39.1605 40
42 40.9809 39.1605 40
43 40.5787 39.1605 40
44 39.1605 39.1605 40
45 39.1605 39.1605 40
46 40.2567 39.1605 40
47 39.8504 39.1605 40
48 39.1605 39.1605 40
49 39.1605 39.1605 40
50 36.6824 39.1605 40
51 36.0939 39.1605 40
52 39.1605 39.1605 40
53 39.1605 39.1605 40
54 39.3898 39.1605 40
55 37.6457 39.1605 40
56 39.1605 39.1605 40
57 39.1605 39.1605 40
58 40.3882 39.1605 40
59 38.3555 39.1605 40
60 39.1605 39.1605 40
61 39.1605 39.1605 40
62 41.0886 39.1605 40
63 39.0142 39.1605 40
64 38.3401 38.3401 80
65 38.3401 38.3401 80
66 41.3179 38.3401 80
67 36.5727 38.3401 80
68 38.3401 38.3401 80
69 38.3401 38.3401 80
70 40.2728 38.3401 80
71 35.9962 38.3401 80
72 38.3401 38.3401 80
73 38.3401 38.3401 80
74 38.813 38.3401 80
75 37.7133 38.3401 80
76 38.3401 38.3401 80
77 38.3401 38.3401 80
78 39.2715 38.3401 80
79 39.639 38.3401 80
80 38.3401 38.3401 80
81 40.6427 38.3401 80
82 40.3114 38.3401 80
83 36.6976 38.3401 80
84 38.3401 38.3401 80
85 40.5953 38.3401 80
86 38.4538 38.3401 80
87 38.441 38.3401 80
88 38.3401 38.3401 80
89 40.1463 38.3401 80
90 37.1355 38.3401 80
91 36.711 38.3401 80
92 39.5313 38.3401 80
93 37.8063 38.3401 80
94 34.6983 38.3401 80
95 34.376 38.3401 80