0 39.6573 40.4358 40
1 39.4238 40.4358 40
2 41.086 40.4358 40
3 42.6662 40.4358 40
4 44.1672 40.4358 40
5 40.4955 40.4358 40
6 37.5876 40.4358 40
7 42.0476 40.4358 40
8 43.415 40.4358 40
9 42.6609 40.4358 40
10 39.7494 40.4358 40
11 38.8219 40.4358 40
12 42.7793 40.4358 40
13 41.2815 40.4358 40
14 41.0264 40.4358 40
15 40.1844 40.4358 40
16 38.2581 40.4358 40
17 40.6562 40.4358 40
18 38.4421 40.4358 40
19 41.5973 40.4358 40
20 40.4955 40.4358 40
21 38.5638 40.4358 40
22 38.2821 40.4358 40
23 37.9867 40.4358 40
24 41.7675 40.4358 40
25 41.4834 40.4358 40
26 40.3521 40.4358 40
27 40.8373 40.4358 40
28 41.3597 40.4358 40
29 41.3314 40.4358 40
30 38.1209 40.4358 40
31 37.361 40.4358 40
32 42.6092 40.4358 20
33 41.5218 41.9743 20
34 41.7036 41.9743 20
35 41.7568 41.9743 20
36 41.2288 41.9743 20
37 43.5083 41.9743 20
38 43.9885 41.9743 20
39 42.29 41.9743 20
40 44.2304 41.9743 20
41 38.7903 41.9743 20
42 41.1698 41.9743 20
43 39.9053 41.9743 20
44 43.5067 41.9743 20
45 40.5256 41.9743 20
46 40.7682 41.9743 20
47 42.9367 41.9743 20
48 43.8971 41.9743 20
49 42.8121 41.9743 20
50 41.8076 41.9743 20
51 43.206 41.9743 20
52 41.1642 41.9743 20
53 44.589 41.9743 20
54 40.4949 41.9743 20
55 40.6839 41.9743 20
56 42.703 41.9743 20
57 39.9454 41.9743 20
58 40.9301 41.9743 20
59 42.0326 41.9743 20
60 41.1754 41.9743 20
61 42.0663 41.9743 20
62 43.7907 41.9743 20
63 42.0759 41.9743 20
64 47.0061 43.2393 40
65 45.0046 43.2393 40
66 49.4008 43.2393 40
67 44.5388 43.2393 40
68 46.5113 43.2393 40
69 40.3762 43.2393 40
70 40.6426 43.2393 40
71 39.2086 43.2393 40
72 43.6215 43.2393 40
73 45.3045 43.2393 40
74 46.5613 43.2393 40
75 42.2023 43.2393 40
76 45.2768 43.2393 40
77 44.6949 43.2393 40
78 45.671 43.2393 40
79 42.9791 43.2393 40
80 42.3975 43.2393 40
81 47.6233 43.2393 40
82 43.447 43.2393 40
83 39.2988 43.2393 40
84 43.0651 43.2393 40
85 44.3332 43.2393 40
86 38.8952 43.2393 40
87 37.8975 43.2393 40
88 47.0529 43.2393 40
89 44.7919 43.2393 40
90 42.947 43.2393 40
91 34.4585 43.2393 40
92 44.4682 43.2393 40
93 44.7124 43.2393 40
94 43.3489 43.2393 40
95 35.9206 43.2393 40