0 38.5124 41.0915 110
1 41.0669 41.0915 110
2 40.6311 41.0915 110
3 42.141 41.0915 110
4 43.3259 41.0915 110
5 41.9837 41.0915 110
6 42.0469 41.0915 110
7 40.9481 41.0915 110
8 41.9929 41.0915 110
9 41.1312 41.0915 110
10 41.0283 41.0915 110
11 41.2558 41.0915 110
12 42.2199 41.0915 110
13 40.2343 41.0915 110
14 43.3184 41.0915 110
15 41.0915 41.0915 110
16 41.7288 41.0915 110
17 39.1198 41.0915 110
18 41.1232 41.0915 110
19 40.2238 41.0915 110
20 42.1963 41.0915 110
21 40.5336 41.0915 110
22 38.1369 41.0915 110
23 43.2048 41.0915 110
24 39.3792 41.0915 110
25 41.7362 41.0915 110
26 40.0876 41.0915 110
27 40.4244 41.0915 110
28 40.6896 41.0915 110
29 40.8946 41.0915 110
30 41.884 41.0915 110
31 40.6382 41.0915 110
32 43.0446 41.0915 110
33 42.4571 41.1497 110
34 44.0582 41.1497 110
35 41.1497 41.1497 110
36 42.8928 41.1497 110
37 42.1135 41.1497 110
38 41.2959 41.1497 110
39 42.8783 41.1497 110
40 39.4727 41.1497 110
41 40.3627 41.1497 110
42 41.1497 41.1497 110
43 36.8564 41.1497 110
44 41.2795 41.1497 110
45 43.4327 41.1497 110
46 40.332 41.1497 110
47 40.144 41.1497 110
48 40.8075 41.1497 110
49 43.8227 41.1497 110
50 39.4167 41.1497 110
51 39.8701 41.1497 110
52 41.1497 41.1497 110
53 40.3079 41.1497 110
54 40.4073 41.1497 110
55 39.313 41.1497 110
56 41.3353 41.1497 110
57 46.8199 41.1497 110
58 38.1527 41.1497 110
59 41.1497 41.1497 110
60 35.6192 41.1497 110
61 43.3843 41.1497 110
62 43.0594 41.1497 110
63 41.1497 41.1497 110
64 41.2659 40.016 40
65 43.9343 40.016 40
66 41.3414 40.016 40
67 35.6117 40.016 40
68 40.4618 40.016 40
69 39.7688 40.016 40
70 38.8089 40.016 40
71 39.9244 40.016 40
72 34.3725 40.016 40
73 41.0466 40.016 40
74 40.7664 40.016 40
75 40.016 40.016 40
76 35.8854 40.016 40
77 38.6613 40.016 40
78 39.1627 40.016 40
79 35.2333 40.016 40
80 38.0035 40.016 40
81 38.8465 40.016 40
82 40.016 40.016 40
83 40.016 40.016 40
84 40.7609 40.016 40
85 41.2345 40.016 40
86 41.8562 40.016 40
87 42.5297 40.016 40
88 41.905 40.016 40
89 40.4547 40.016 40
90 40.6514 40.016 40
91 42.4159 40.016 40
92 40.752 40.016 40
93 41.8183 40.016 40
94 42.9734 40.016 40
95 40.016 40.016 40