0 41.3159 41.5565 50
1 38.3996 41.5565 50
2 39.0767 41.5565 50
3 38.9158 41.5565 50
4 41.8 41.5565 50
5 42.293 41.5565 50
6 40.0127 41.5565 50
7 39.43 41.5565 50
8 43.3449 41.5565 50
9 40.868 41.5565 50
10 43.4483 41.5565 50
11 40.3944 41.5565 50
12 42.7209 41.5565 50
13 42.1077 41.5565 50
14 42.9276 41.5565 50
15 40.0172 41.5565 50
16 47.7604 41.5565 50
17 43.1774 41.5565 50
18 41.5279 41.5565 50
19 41.004 41.5565 50
20 41.4648 41.5565 50
21 41.1327 41.5565 50
22 40.5837 41.5565 50
23 40.2921 41.5565 50
24 42.9223 41.5565 50
25 38.9047 41.5565 50
26 41.2405 41.5565 50
27 41.6593 41.5565 50
28 43.4829 41.5565 50
29 42.7699 41.5565 50
30 42.4034 41.5565 50
31 42.4106 41.5565 50
32 44.7686 43.6342 40
33 44.5439 43.6342 40
34 44.7501 43.6342 40
35 45.3282 43.6342 40
36 44.8867 43.6342 40
37 43.211 43.6342 40
38 44.9702 43.6342 40
39 42.6599 43.6342 40
40 45.0819 43.6342 40
41 43.9763 43.6342 40
42 44.6337 43.6342 40
43 43.7946 43.6342 40
44 44.2065 43.6342 40
45 43.0949 43.6342 40
46 41.6175 43.6342 40
47 43.8674 43.6342 40
48 44.1555 43.6342 40
49 44.9423 43.6342 40
50 42.1748 43.6342 40
51 42.9913 43.6342 40
52 42.1225 43.6342 40
53 41.6775 43.6342 40
54 39.8239 43.6342 40
55 40.7185 43.6342 40
56 42.442 43.6342 40
57 43.0628 43.6342 40
58 43.4495 43.6342 40
59 43.5241 43.6342 40
60 43.9445 43.6342 40
61 44.8891 43.6342 40
62 44.7468 43.6342 40
63 46.2377 43.6342 40
64 43.258 42.4133 50
65 48.5802 42.4133 50
66 43.0088 42.4133 50
67 43.3876 42.4133 50
68 44.1367 42.4133 50
69 41.8042 42.4133 50
70 48.5843 42.4133 50
71 37.4497 42.4133 50
72 43.7755 42.4133 50
73 43.6476 42.4133 50
74 40.0688 42.4133 50
75 39.6907 42.4133 50
76 44.049 42.4133 50
77 47.4689 42.4133 50
78 43.9433 42.4133 50
79 43.0829 42.4133 50
80 42.8942 42.4133 50
81 43.5815 42.4133 50
82 40.2902 42.4133 50
83 37.0028 42.4133 50
84 41.3409 42.4133 50
85 40.1676 42.4133 50
86 38.2383 42.4133 50
87 39.8689 42.4133 50
88 43.2111 42.4133 50
89 42.4133 42.4133 50
90 42.082 42.4133 50
91 40.8735 42.4133 50
92 42.3677 42.4133 50
93 43.2383 42.4133 50
94 42.003 42.4133 50
95 41.716 42.4133 50