0 26.3556 -6.89451 0.659652 -0.0242094 0.000334525
1 11.0678 -3.47812 0.380564 -0.0144648 0.000209705
2 23.6572 -6.16766 0.600132 -0.0221972 0.000308766
3 31.0952 -7.87502 0.713799 -0.0253434 0.000340804
4 13.323 -3.31347 0.323101 -0.0107594 0.000138238
5 18.8835 -4.82507 0.480418 -0.0176265 0.000244752
6 21.8255 -5.74461 0.576813 -0.0217491 0.000306398
7 25.3585 -6.43594 0.580779 -0.0201194 0.000265873
8 25.3177 -6.56376 0.634853 -0.0233188 0.000320034
9 24.2728 -6.29271 0.611014 -0.0224831 0.000309318
10 23.7834 -5.54751 0.532017 -0.0193599 0.00026682
11 25.8769 -6.73586 0.654853 -0.0243719 0.000338139
12 18.4614 -5.09057 0.516335 -0.0193148 0.000272072
13 20.7953 -5.32742 0.523421 -0.0192156 0.00026494
14 17.2177 -4.84054 0.492744 -0.0183731 0.000258048
15 25.2279 -6.62698 0.630472 -0.0229283 0.000312822
16 33.518 -8.44305 0.770011 -0.0274128 0.000365997
17 26.4742 -6.84888 0.65736 -0.024166 0.000331213
18 12.5731 -3.94781 0.423792 -0.0160211 0.00022834
19 7.04173 -2.33979 0.282642 -0.0108951 0.000160625
20 47.8326 -11.28 0.964202 -0.0331332 0.000425796
21 38.3408 -9.38521 0.82929 -0.0288998 0.000374554
22 44.7411 -10.9452 0.975166 -0.0347248 0.000458674
23 22.0162 -5.94157 0.568118 -0.0204879 0.000278514
24 92.3599 -20.9987 1.73092 -0.0592539 0.000751324
25 41.7436 -10.1911 0.893102 -0.0310959 0.000403537
26 22.5843 -5.85651 0.582119 -0.0217549 0.000303801
27 9.89838 -3.26095 0.369459 -0.0142485 0.000207388
28 26.2088 -6.89897 0.671626 -0.0249155 0.000341472
29 18.1014 -5.08962 0.511009 -0.0188531 0.000261167
30 36.1394 -8.69705 0.760616 -0.026357 0.000343529
31 18.7011 -5.22088 0.527166 -0.0195807 0.000270722
32 20.7901 -5.48301 0.542404 -0.0201121 0.000279116
33 24.7643 -6.26703 0.579635 -0.020619 0.000276117
34 25.1593 -6.50252 0.628145 -0.0231838 0.000318266
35 24.0023 -6.16893 0.591176 -0.0217022 0.000298598
36 18.7752 -4.54687 0.446367 -0.0162648 0.000224611
37 23.9969 -6.3236 0.603139 -0.0219405 0.000297573
38 29.2622 -6.45619 0.606162 -0.022263 0.000306853
39 20.8427 -5.41664 0.535539 -0.0198909 0.000275787
40 18.7399 -4.64487 0.467345 -0.0175297 0.000248096
41 20.9851 -5.13098 0.467778 -0.0160613 0.000210882
42 12.9137 -3.63215 0.383676 -0.01437 0.00020361
43 11.3435 -3.26041 0.352051 -0.0132709 0.000189723
44 6.85445 -2.39214 0.275214 -0.0102582 0.000148313
45 0.596365 -1.00867 0.171852 -0.00696656 0.000109547
46 1.02911 -1.06355 0.171829 -0.00687292 0.00010759
47 22.8738 -5.57893 0.548409 -0.020575 0.000288445
48 18.164 -4.95426 0.498024 -0.0184776 0.000256074
49 24.0887 -5.86617 0.57172 -0.021253 0.00029544
50 6.88244 -2.54597 0.290405 -0.0107771 0.000152464
51 10.0432 -3.07816 0.348029 -0.013449 0.000195258
52 20.9846 -5.33523 0.522576 -0.0191818 0.000262046
53 16.7953 -4.61688 0.452768 -0.0163886 0.000224879
54 7.80347 -2.53917 0.29239 -0.0110942 0.000160774
55 11.0589 -3.12387 0.315466 -0.0111369 0.000153722
56 22.9896 -6.14768 0.592795 -0.0216477 0.000294391
57 19.0915 -4.78946 0.47363 -0.0173468 0.00023888
58 21.7607 -5.6699 0.562265 -0.0210219 0.000292417
59 -3.87942 -0.227221 0.116504 -0.00524144 8.89349e-05
60 21.2283 -5.47865 0.54095 -0.02012 0.000278919
61 24.3148 -5.79078 0.550699 -0.0199586 0.00027066
62 18.6861 -5.03576 0.495713 -0.0181144 0.000247885
63 13.0522 -3.79181 0.409006 -0.0156745 0.000224385
64 25.9616 -5.70601 0.526509 -0.0189582 0.000259637
65 32.9088 -6.80774 0.603138 -0.0213004 0.000284687
66 35.5947 -7.30416 0.649016 -0.0232651 0.000315793
67 30.5631 -6.50213 0.590162 -0.0212936 0.00029062
68 36.8201 -7.49777 0.658575 -0.0233028 0.00031169
69 40.1273 -7.79034 0.667139 -0.0234072 0.000311277
70 26.5914 -5.8408 0.546756 -0.0200473 0.000278386
71 39.5407 -7.90328 0.695362 -0.0249961 0.000340115
72 36.2295 -7.47891 0.654328 -0.0229734 0.000304651
73 26.2787 -5.59342 0.512042 -0.0183268 0.000249014
74 29.2569 -6.0081 0.527821 -0.0182456 0.000240798
75 36.5597 -7.39032 0.647906 -0.0229467 0.000307908
76 38.3141 -7.82375 0.692195 -0.0248711 0.000337622
77 29.1766 -6.27204 0.568082 -0.0203382 0.000275553
78 45.9785 -8.90728 0.760775 -0.026782 0.000355308
79 33.4081 -6.94821 0.62013 -0.0221044 0.000296472
80 41.7619 -8.29919 0.705559 -0.0243917 0.000318288
81 35.6411 -7.06483 0.597761 -0.0201877 0.000258806
82 48.6122 -9.48298 0.806544 -0.0283702 0.000375315
83 41.0607 -8.30814 0.723241 -0.0256225 0.000342338
84 30.3646 -6.35726 0.562034 -0.0195566 0.000257278
85 28.2382 -6.11832 0.560233 -0.0200516 0.000270646
86 29.2773 -6.45775 0.590328 -0.021143 0.000284959
87 49.2321 -9.66297 0.826265 -0.0292074 0.000387895
88 35.1312 -7.42324 0.665893 -0.0238928 0.000321697
89 33.2339 -7.16154 0.64368 -0.022955 0.000307485
90 39.2783 -8.35003 0.746011 -0.026943 0.000364747
91 36.4875 -7.65005 0.683301 -0.0244979 0.000329328
92 30.9395 -6.88422 0.634899 -0.0231152 0.000314571
93 39.3713 -8.17653 0.720304 -0.0256546 0.000343612
94 31.2845 -6.70836 0.614724 -0.0223617 0.000306182
95 37.8594 -8.03759 0.730186 -0.026882 0.000370664
