0 39.6535 -8.01678 0.70853 -0.0253158 0.000342106
1 33.8071 -7.17173 0.653398 -0.0237587 0.000325603
2 30.8617 -6.51777 0.59269 -0.0213735 0.000291772
3 41.6973 -8.27187 0.718698 -0.0254153 0.000338706
4 35.7153 -7.16239 0.622437 -0.0216773 0.000286447
5 33.6573 -6.93356 0.618372 -0.0220122 0.000296928
6 30.0464 -6.45919 0.590016 -0.0212245 0.000288801
7 42.1036 -8.28277 0.719686 -0.0255565 0.00034192
8 38.0784 -7.58387 0.66297 -0.0234642 0.00031446
9 34.1207 -7.11899 0.642687 -0.0232152 0.000317137
10 37.8336 -7.66769 0.672494 -0.0237811 0.000317398
11 24.7296 -5.45057 0.506315 -0.0181054 0.000245052
12 24.8289 -5.4788 0.511114 -0.0183819 0.000249735
13 38.338 -7.92155 0.701087 -0.0250384 0.000335669
14 26.8976 -5.84144 0.528274 -0.0184873 0.000244627
15 30.1131 -6.40281 0.58113 -0.0208134 0.000281818
16 44.9073 -8.96063 0.779595 -0.0278501 0.000374624
17 48.5917 -9.45318 0.806244 -0.0284122 0.000376345
18 33.8498 -7.18427 0.639893 -0.0226498 0.000301769
19 23.0323 -5.53408 0.533185 -0.019574 0.000268821
20 25.5657 -5.7715 0.53702 -0.0192594 0.000260443
21 33.8787 -7.14293 0.641844 -0.022921 0.000307154
22 51.904 -10.0056 0.843791 -0.0294767 0.0003873
23 39.5393 -8.24325 0.73192 -0.0262163 0.000352508
24 36.7508 -7.48332 0.652353 -0.0227975 0.000300503
25 43.4727 -8.54505 0.723801 -0.0249861 0.000325274
26 39.2835 -8.0185 0.696873 -0.0243411 0.00031908
27 36.6491 -7.67123 0.67916 -0.0240741 0.000319803
28 30.7333 -6.77353 0.61521 -0.0219171 0.000292472
29 43.062 -8.78988 0.767018 -0.0271668 0.000359946
30 36.6351 -7.4185 0.64245 -0.0223211 0.000291579
31 38.5642 -8.30507 0.752674 -0.0275495 0.000376166
32 33.3161 -6.98073 0.637978 -0.0233022 0.000321932
33 44.0816 -8.94188 0.791694 -0.0287201 0.000392527
34 36.3954 -7.4095 0.6626 -0.023909 0.000325594
35 42.6556 -8.48881 0.74388 -0.0266952 0.000361319
36 38.6628 -7.89861 0.707524 -0.0257257 0.000353064
37 33.4637 -7.10563 0.649784 -0.0237085 0.000326244
38 36.9153 -7.65971 0.696357 -0.0255324 0.000352047
39 26.0929 -5.6931 0.530857 -0.0193081 0.000265656
40 43.8192 -8.51136 0.739228 -0.0263898 0.000356734
41 41.4854 -8.31645 0.730479 -0.0261976 0.000354894
42 37.5129 -7.58302 0.675848 -0.0243927 0.000332884
43 40.1542 -8.20165 0.732764 -0.0266162 0.000364414
44 49.5429 -9.68784 0.843405 -0.030534 0.000416795
45 30.7677 -6.7061 0.621407 -0.022785 0.000314504
46 35.2283 -7.29181 0.65279 -0.0234849 0.000318462
47 28.8147 -6.17292 0.565922 -0.0204464 0.000279577
48 39.5692 -8.04013 0.709473 -0.0253554 0.000340826
49 40.1615 -8.04162 0.70766 -0.0254182 0.000344783
50 41.1463 -8.27365 0.726292 -0.0259867 0.00034975
51 39.7282 -7.85674 0.67707 -0.0236245 0.000311068
52 35.723 -7.549 0.672737 -0.0239453 0.00032021
53 36.1356 -7.68677 0.692434 -0.0250064 0.000338965
54 33.6599 -7.06981 0.634738 -0.0226917 0.000305034
55 33.1842 -7.16448 0.659704 -0.0241466 0.00033097
56 50.6592 -9.65319 0.807684 -0.027916 0.000363094
57 29.9378 -6.7567 0.624348 -0.0226153 0.000307592
58 37.1363 -7.9382 0.712605 -0.0255912 0.000344787
59 44.943 -8.9187 0.762143 -0.0265268 0.00034691
60 43.1302 -8.89297 0.77529 -0.0274618 0.000364278
61 38.1208 -7.8826 0.695395 -0.0246909 0.000330014
62 36.2251 -7.71549 0.69079 -0.0247163 0.000331041
63 45.8816 -9.49367 0.840913 -0.0305062 0.000412977
64 52.1969 -9.97875 0.849737 -0.0302459 0.000407321
65 41.258 -8.14299 0.709187 -0.0253234 0.000344131
66 57.7459 -10.9553 0.921777 -0.0325916 0.00043374
67 41.933 -8.19572 0.706426 -0.0249212 0.000332534
68 57.6113 -10.906 0.92525 -0.033105 0.000447153
69 62.2399 -11.281 0.923148 -0.0320524 0.00042151
70 24.6577 -5.57391 0.526727 -0.0192938 0.000267868
71 45.3407 -8.64581 0.738317 -0.0260197 0.00034726
72 61.9187 -11.4164 0.94051 -0.0327527 0.000431446
73 52.1079 -9.94358 0.845585 -0.0300816 0.000404948
74 45.3419 -8.91884 0.776442 -0.0278683 0.000377962
75 50.3542 -9.64579 0.82083 -0.0291211 0.000390419
76 48.5041 -9.4231 0.812256 -0.0290591 0.00039227
77 43.7887 -8.5962 0.737639 -0.0259808 0.000345623
78 44.0241 -8.80965 0.770832 -0.0277271 0.000376063
79 46.2433 -9.18322 0.801425 -0.0288649 0.00039098
80 47.9328 -9.38161 0.804258 -0.0284875 0.000380919
81 50.2139 -9.72 0.827157 -0.029254 0.000389878
82 45.0282 -8.9534 0.768746 -0.0270602 0.000358957
83 56.2936 -10.7141 0.904215 -0.0320086 0.000426115
84 56.1396 -10.7278 0.893882 -0.0311335 0.000407772
85 39.113 -8.23453 0.738954 -0.0268417 0.00036563
86 47.1759 -9.30928 0.802785 -0.0285484 0.000381984
87 55.2646 -10.8367 0.933314 -0.0335405 0.000452006
88 42.0161 -8.747 0.77945 -0.0282705 0.000384763
89 62.9497 -12.1922 1.03554 -0.0369342 0.000493221
90 40.1932 -8.42566 0.754259 -0.0273237 0.000371164
91 44.9191 -9.13153 0.802243 -0.0288298 0.000388051
92 50.7877 -10.0668 0.872973 -0.0313917 0.000423653
93 44.5715 -9.12916 0.801773 -0.0288106 0.000388428
94 42.9298 -8.75907 0.773084 -0.0279058 0.000378558
95 49.3908 -9.76036 0.847196 -0.0304563 0.000410692
