0 22.798 -5.46669 0.516701 -0.0161877 0.000188995
1 23.3711 -6.23597 0.610562 -0.0205098 0.000257963
2 26.1009 -6.69979 0.68146 -0.0252571 0.000366794
3 23.1513 -6.33278 0.648223 -0.0233342 0.000320785
4 80.2753 -20.4884 1.89573 -0.0708605 0.000982739
5 33.3257 -9.31347 0.950573 -0.0367313 0.000537838
6 47.5554 -13.3252 1.35193 -0.053653 0.000793482
7 19.7865 -4.61878 0.412058 -0.0108306 9.39255e-05
8 31.1227 -7.2895 0.697899 -0.0242952 0.000322745
9 24.1562 -6.22856 0.638266 -0.0239263 0.000356037
10 20.4485 -5.25939 0.523312 -0.0173973 0.000218539
11 28.2154 -6.7337 0.647433 -0.0221963 0.000289223
12 27.8929 -6.01354 0.537293 -0.0166346 0.000194667
13 24.7178 -5.32273 0.462795 -0.0129561 0.000128482
14 23.6884 -6.33078 0.629125 -0.0221638 0.000299449
15 21.5985 -5.47652 0.528984 -0.0171471 0.000207558
16 28.9671 -6.93146 0.672147 -0.0239446 0.000330275
17 21.6377 -5.44737 0.517926 -0.0162562 0.00018937
18 21.5326 -5.46658 0.514135 -0.0160606 0.000190509
19 21.1652 -5.43241 0.537347 -0.0180834 0.000235075
20 25.4623 -6.8396 0.675725 -0.0240759 0.000329793
21 33.0039 -7.28128 0.665329 -0.0222336 0.000282579
22 26.5876 -6.97795 0.65786 -0.0217483 0.000268617
23 19.937 -4.70579 0.413429 -0.0106756 8.86125e-05
24 92.246 -23.6071 2.18098 -0.0821615 0.00114441
25 28.5986 -6.67986 0.625996 -0.0209864 0.00026849
26 21.9462 -5.56571 0.534221 -0.0173209 0.000211931
27 20.8929 -5.08034 0.459116 -0.0131229 0.000133069
28 21.2735 -5.18524 0.477881 -0.0143164 0.000159514
29 24.6911 -6.59455 0.65027 -0.0227055 0.000302615
30 87.5578 -21.8679 1.97454 -0.072421 0.000983665
31 26.1722 -6.55597 0.640288 -0.0223551 0.000298573
32 45.4826 -10.4733 1.01839 -0.0385025 0.000549031
33 34.9482 -8.51528 0.848837 -0.0317318 0.000446696
34 30.9021 -7.86721 0.808959 -0.0310013 0.000450418
35 31.7911 -7.8256 0.775066 -0.028434 0.000393805
36 24.6025 -6.4976 0.669706 -0.0248603 0.000353001
37 32.0382 -7.74453 0.778705 -0.0293212 0.000420537
38 35.7984 -8.74183 0.871539 -0.0332144 0.000483161
39 24.7623 -6.60868 0.674896 -0.0245014 0.000331841
40 40.8763 -8.98234 0.831908 -0.0292442 0.000388098
41 35.2222 -8.47688 0.842266 -0.031901 0.000455583
42 35.126 -8.09461 0.778225 -0.0278332 0.000373091
43 30.0862 -7.24608 0.699078 -0.0244169 0.000321547
44 42.7199 -10.9448 1.03315 -0.0375975 0.000515782
45 36.8229 -8.40264 0.788263 -0.0277917 0.000369453
46 28.0063 -7.1958 0.733918 -0.0277384 0.000401238
47 34.3466 -8.23062 0.806692 -0.0301356 0.000429444
48 26.3983 -7.17521 0.717212 -0.0258597 0.000351481
49 37.9493 -8.72939 0.832978 -0.0305145 0.000425992
50 24.5396 -6.45629 0.655594 -0.0239432 0.000333236
51 32.9483 -7.59714 0.724516 -0.02589 0.000354207
52 27.1159 -6.78424 0.674898 -0.0248569 0.000354777
53 30.3799 -7.40218 0.728098 -0.0266494 0.000373166
54 35.3568 -8.07292 0.770724 -0.0280984 0.000391563
55 31.833 -7.82806 0.779157 -0.0292122 0.00041768
56 30.3431 -7.02904 0.65086 -0.0218671 0.00027786
57 30.1244 -7.51392 0.744563 -0.0275333 0.000390023
58 26.9873 -6.82131 0.679763 -0.0247718 0.000344431
59 31.5469 -7.50444 0.726143 -0.0259993 0.00035201
60 25.3962 -6.2669 0.621351 -0.0221728 0.000301778
61 33.9196 -9.42925 0.962364 -0.0375592 0.00055307
62 23.885 -5.89746 0.553362 -0.0177243 0.000211661
63 27.9263 -7.11587 0.711743 -0.0261952 0.000367042
64 65.9259 -15.7154 1.33081 -0.0447744 0.000572838
65 34.403 -9.87097 1.03861 -0.0415534 0.000622972
66 72.7342 -18.9541 1.80539 -0.0691665 0.000984926
67 85.796 -21.1885 1.90048 -0.0690347 0.000930664
68 39.9759 -10.8835 1.08191 -0.0412481 0.000593743
69 88.2522 -22.0419 1.98729 -0.0725849 0.000983632
70 24.977 -6.88068 0.700752 -0.0252559 0.000342518
71 64.2709 -16.1246 1.48003 -0.0538116 0.00072715
72 63.2428 -16.3498 1.52533 -0.0562563 0.000768322
73 68.2807 -17.3437 1.60107 -0.0593788 0.000826157
74 59.9582 -15.5268 1.45163 -0.0534323 0.000730361
75 24.1109 -6.32518 0.604624 -0.0197532 0.000241407
76 84.2649 -20.6619 1.80929 -0.064139 0.000852258
77 54.0751 -13.7058 1.26887 -0.0462943 0.000637488
78 57.307 -14.7066 1.37164 -0.050617 0.000699349
79 89.2871 -21.7252 1.90404 -0.0677955 0.000900518
80 69.0035 -16.8671 1.47156 -0.050555 0.000639472
81 87.3406 -21.6163 1.94873 -0.0716807 0.000984663
82 94.1786 -23.8645 2.18492 -0.0819901 0.00114454
83 86.2346 -21.29 1.90115 -0.0687973 0.000924995
84 91.9228 -21.7322 1.83413 -0.0626318 0.000793517
85 60.1111 -15.9397 1.53083 -0.0584733 0.000832921
86 82.5196 -22.1023 2.14289 -0.0849003 0.00125102
87 67.4887 -17.0825 1.56397 -0.0568927 0.000767961
88 84.4918 -20.5682 1.80485 -0.0640613 0.000846901
89 20.5086 -4.48781 0.372084 -0.00808544 4.02434e-05
90 18.0162 -4.22013 0.367748 -0.00908449 7.83235e-05
91 89.0579 -21.125 1.79364 -0.0617603 0.000796786
92 60.6768 -14.1582 1.15489 -0.0361326 0.000420186
93 61.4864 -16.4767 1.58514 -0.060313 0.000847475
94 86.1162 -21.2962 1.89854 -0.0685116 0.000918345
95 78.2843 -20.2602 1.90152 -0.0727002 0.00103902
