0 42.853 -8.48751 0.751088 -0.0273471 0.000376679
1 37.8787 -7.51515 0.670939 -0.0245939 0.00034308
2 30.2428 -6.42831 0.593357 -0.0218126 0.000302942
3 40.7991 -7.96834 0.696223 -0.024951 0.00033782
4 47.0894 -9.15278 0.796016 -0.0287958 0.000394706
5 44.0816 -8.60904 0.745911 -0.0267198 0.000361741
6 39.1367 -7.8617 0.696553 -0.0251461 0.000342565
7 38.6109 -7.57547 0.656145 -0.0231815 0.000309915
8 38.2206 -7.77619 0.695906 -0.0254425 0.00035248
9 40.5439 -8.16522 0.719335 -0.0259538 0.000353088
10 32.323 -7.03533 0.638251 -0.0230482 0.000313746
11 40.567 -8.0419 0.702369 -0.0251647 0.000341043
12 42.3933 -8.62621 0.764038 -0.0277935 0.000380928
13 54.4868 -10.4113 0.883172 -0.0313616 0.00041872
14 38.3963 -7.77836 0.687344 -0.0247238 0.000334637
15 43.6382 -8.68187 0.755517 -0.027061 0.000365301
16 54.416 -10.5836 0.912323 -0.0330639 0.000451009
17 52.231 -10.4149 0.909053 -0.0330777 0.000452517
18 43.0725 -8.7057 0.764225 -0.0274471 0.000371341
19 54.0087 -10.4414 0.898563 -0.0323938 0.000439228
20 45.7782 -9.38014 0.831714 -0.0304564 0.000418709
21 61.9171 -11.7325 0.981955 -0.0347076 0.000461394
22 46.5841 -9.31909 0.815167 -0.0294397 0.000399775
23 50.2444 -9.81245 0.841171 -0.0298913 0.000398597
24 41.9927 -8.69003 0.76694 -0.0275587 0.000371358
25 46.6489 -9.15783 0.790084 -0.0280648 0.000374323
26 33.0698 -7.03489 0.638399 -0.0230905 0.000313265
27 38.5408 -7.86272 0.693295 -0.0247666 0.000332093
28 44.8142 -9.16767 0.804005 -0.0289342 0.000390835
29 41.3515 -8.75799 0.78844 -0.0289306 0.000397623
30 38.8949 -8.19926 0.733925 -0.0265759 0.000360306
31 58.5792 -11.2198 0.948204 -0.0336563 0.00044831
32 7.12251 -2.20296 0.251291 -0.00924265 0.000135027
33 18.7044 -4.81128 0.487851 -0.0183863 0.000260855
34 20.5162 -4.7468 0.464691 -0.0172123 0.000242182
35 24.7997 -6.10866 0.55253 -0.0192306 0.000255042
36 9.64924 -2.85989 0.327226 -0.0127405 0.000190724
37 16.6788 -4.4583 0.466617 -0.0179401 0.000260118
38 20.3711 -5.16994 0.519712 -0.0195956 0.00027828
39 18.08 -4.66412 0.469632 -0.0175538 0.000248355
40 14.9563 -3.91142 0.366641 -0.0124648 0.000166838
41 19.0842 -4.74143 0.478134 -0.0180396 0.00025825
42 38.1856 -8.55461 0.698022 -0.0227711 0.000283734
43 14.3806 -3.74239 0.387941 -0.0144731 0.000206248
44 33.4697 -7.89241 0.680235 -0.0232466 0.000302424
45 0.594549 -0.919139 0.163186 -0.00672013 0.00010878
46 2.16169 -1.0583 0.164557 -0.00640284 0.000100286
47 20.1552 -5.13739 0.510404 -0.0189682 0.000263665
48 0.35019 -0.624358 0.123632 -0.00484788 7.89316e-05
49 24.7884 -5.69247 0.547702 -0.0203285 0.000284231
50 25.007 -5.67946 0.542942 -0.0199708 0.000276553
51 12.9191 -3.70091 0.394528 -0.0148599 0.000210794
52 19.033 -4.70114 0.469094 -0.0174506 0.000244381
53 1.03327 -1.06218 0.175763 -0.00710036 0.000111202
54 23.9887 -5.53769 0.532392 -0.0195319 0.000270344
55 21.3301 -5.60997 0.554329 -0.0205252 0.000283454
56 23.7143 -6.31992 0.624729 -0.0234744 0.000327995
57 -1.54239 -0.447383 0.134555 -0.00600271 0.000102405
58 10.7292 -3.1668 0.355941 -0.0138011 0.000201717
59 20.0513 -4.75975 0.471342 -0.0174757 0.000244351
60 24.4811 -5.82435 0.562618 -0.0209602 0.000292954
61 -0.146297 -0.826467 0.140972 -0.00533545 8.29664e-05
62 18.7745 -4.64787 0.470354 -0.0177388 0.000251412
63 20.5655 -5.29831 0.526873 -0.0197009 0.000274873
64 52.0352 -9.56396 0.787153 -0.0270883 0.000353792
65 53.5181 -10.0702 0.843611 -0.0296202 0.000395026
66 42.6567 -8.39152 0.718891 -0.0252243 0.00033617
67 47.8809 -9.11655 0.771735 -0.0270652 0.000359432
68 58.0029 -10.8698 0.916525 -0.0326187 0.000438895
69 44.264 -8.42351 0.71638 -0.0250951 0.000333574
70 56.4035 -10.5137 0.872339 -0.0302723 0.000397259
71 54.6699 -10.4899 0.899153 -0.0323496 0.000440345
72 46.8506 -8.91484 0.752481 -0.0263263 0.000350529
73 50.8595 -9.67073 0.818958 -0.0288913 0.000386276
74 63.427 -11.7792 0.974302 -0.0340217 0.000448514
75 49.3089 -9.48432 0.812361 -0.0289468 0.000390689
76 55.3351 -10.3751 0.858307 -0.0296076 0.000385865
77 53.7147 -10.2464 0.853524 -0.0296436 0.000389107
78 47.0048 -8.93541 0.750118 -0.0259965 0.000341299
79 52.186 -9.97737 0.835514 -0.0290065 0.000380048
80 54.7668 -10.2578 0.853399 -0.029744 0.00039243
81 61.6636 -11.3881 0.936421 -0.0325337 0.000427333
82 49.8346 -9.5541 0.804226 -0.0280768 0.000370582
83 41.8021 -8.38788 0.723606 -0.0254138 0.000337565
84 41.3549 -8.37262 0.726497 -0.0257219 0.00034309
85 61.073 -11.5379 0.968313 -0.0342621 0.000456078
86 48.1496 -9.39587 0.7972 -0.0278746 0.000367533
87 52.1865 -9.87096 0.827671 -0.028892 0.000380853
88 41.7438 -8.52911 0.744477 -0.0264068 0.00035229
89 50.7532 -9.81426 0.832384 -0.0292404 0.000387532
90 45.1235 -8.923 0.765617 -0.0268896 0.00035584
91 48.9366 -9.57114 0.81948 -0.0289303 0.000385023
92 45.6043 -9.09412 0.781485 -0.0275048 0.000365005
93 48.3028 -9.51259 0.807006 -0.0281319 0.00036986
94 54.0484 -10.5871 0.910701 -0.0326915 0.00044189
95 56.7983 -10.8161 0.913682 -0.0323218 0.0004305
