0 20.9853 -6.44348 0.730194 -0.0294073 0.000439793
1 24.1832 -6.48855 0.714984 -0.0284806 0.000422395
2 26.8901 -6.93856 0.752226 -0.0298402 0.00043968
3 10.0549 -3.57495 0.45965 -0.0187206 0.000286235
4 23.2846 -6.7961 0.742657 -0.0289528 0.00041639
5 1.01238 -1.71169 0.309871 -0.0134207 0.000219591
6 28.8609 -8.44283 0.912604 -0.0363536 0.000534003
7 27.06 -6.94841 0.738974 -0.0288358 0.000420453
8 31.8092 -7.94502 0.832289 -0.0327754 0.000482517
9 28.6024 -7.56081 0.809175 -0.0320832 0.000472915
10 24.0438 -6.79889 0.752997 -0.030124 0.000445977
11 21.6771 -5.92809 0.65896 -0.0260876 0.000384006
12 26.7142 -7.46936 0.798439 -0.0310409 0.000448672
13 17.9551 -5.51715 0.629187 -0.0251076 0.000375933
14 26.8037 -7.68796 0.813636 -0.0314591 0.000451088
15 24.2842 -7.01006 0.76497 -0.0303036 0.000445906
16 24.3536 -6.77188 0.730459 -0.0283351 0.000409001
17 4.56822 -2.58839 0.377736 -0.0155397 0.000242114
18 25.0431 -7.20076 0.791018 -0.0316788 0.000470387
19 25.3687 -7.04665 0.783165 -0.0318454 0.000480057
20 29.8539 -7.76265 0.815893 -0.0318288 0.000462024
21 23.4601 -6.69745 0.737769 -0.0293787 0.000434006
22 24.0659 -7.24677 0.79839 -0.0317345 0.000465308
23 23.8862 -6.58689 0.712425 -0.027728 0.000401686
24 29.4586 -7.8416 0.819398 -0.0316296 0.000453005
25 26.2933 -7.75863 0.853209 -0.0343247 0.00051058
26 28.4143 -7.39345 0.796761 -0.0318648 0.00047343
27 3.86507 -2.124 0.335056 -0.0140341 0.00022121
28 32.4351 -8.739 0.925277 -0.0367316 0.000537831
29 20.1891 -6.52447 0.72098 -0.0283605 0.000414735
30 39.1773 -10.0355 1.04689 -0.0419847 0.000622182
31 1.14538 -2.10007 0.343356 -0.0145542 0.000230743
32 31.2233 -8.09985 0.865591 -0.0346475 0.000518649
33 37.2793 -8.62705 0.859362 -0.0326224 0.000465034
34 25.5599 -6.48159 0.681153 -0.0259969 0.000374829
35 34.1024 -8.21457 0.837205 -0.0323562 0.000469379
36 31.9337 -7.99456 0.831578 -0.0323867 0.000472613
37 26.2678 -7.02552 0.757838 -0.0298545 0.00043955
38 25.9012 -6.9759 0.756284 -0.0298151 0.00043814
39 23.8467 -6.14868 0.659048 -0.0254303 0.000369532
40 30.6901 -7.15803 0.713721 -0.0264569 0.000372234
41 23.4917 -6.2529 0.673597 -0.0261377 0.000381199
42 34.7203 -8.33843 0.84441 -0.0323659 0.000464468
43 23.4366 -6.67818 0.732322 -0.0288914 0.000424082
44 24.698 -6.87879 0.757814 -0.0304599 0.000456758
45 34.2782 -8.05217 0.799212 -0.0299578 0.00042214
46 35.895 -9.09458 0.936295 -0.0367197 0.000536312
47 26.8917 -7.20044 0.768607 -0.0302441 0.000443445
48 34.4584 -8.23518 0.825082 -0.031132 0.000440686
49 43.3971 -10.0828 0.989809 -0.0376048 0.000535118
50 35.2152 -8.64495 0.886026 -0.0345519 0.000504753
51 25.4657 -6.89976 0.729286 -0.0279737 0.000401682
52 28.5906 -7.93239 0.845819 -0.0332304 0.000485243
53 27.2266 -7.2311 0.767512 -0.0298839 0.000433149
54 34.2977 -8.68922 0.902696 -0.0355257 0.000519361
55 28.4405 -7.45182 0.791169 -0.0311062 0.000457575
56 25.6433 -6.77773 0.710419 -0.0270362 0.000384589
57 27.9247 -8.15768 0.875738 -0.0345518 0.00050338
58 30.1628 -8.06198 0.850927 -0.0334184 0.000488968
59 36.7653 -9.12902 0.936577 -0.0367558 0.000535724
60 37.1744 -8.71372 0.854102 -0.0319648 0.000447644
61 27.0235 -7.23053 0.772448 -0.0303054 0.000443623
62 28.59 -7.6172 0.803459 -0.0311794 0.000449947
63 30.0393 -8.83406 0.955751 -0.0383934 0.000567385
64 46.8132 -9.75831 0.925416 -0.0348414 0.000497025
65 42.7002 -9.19338 0.884332 -0.0331339 0.00046716
66 48.5605 -10.2455 0.973918 -0.0367522 0.000521942
67 57.7331 -12.1182 1.14189 -0.0436071 0.000623945
68 69.2618 -13.9308 1.26424 -0.0470964 0.000659753
69 48.2153 -10.5999 1.01824 -0.0385673 0.000548312
70 49.6709 -10.9543 1.06567 -0.0411761 0.000595389
71 52.2801 -11.4084 1.11209 -0.0433414 0.000631669
72 53.3375 -11.5294 1.0852 -0.0407358 0.000572964
73 47.9736 -10.2889 0.977713 -0.0367492 0.000520169
74 43.159 -9.3855 0.911664 -0.0346731 0.000498025
75 45.5733 -9.85782 0.940789 -0.0353123 0.000498202
76 54.0449 -11.4743 1.08317 -0.0409272 0.00058079
77 39.0097 -8.94547 0.886505 -0.0340484 0.000491331
78 40.917 -9.13217 0.907928 -0.0352088 0.000513016
79 44.304 -9.83607 0.959678 -0.0368783 0.000531593
80 49.0197 -10.9239 1.04917 -0.0397073 0.000562624
81 50.9416 -10.794 1.00774 -0.0373034 0.000519426
82 51.5427 -11.1148 1.04846 -0.0392266 0.000546102
83 55.5667 -11.937 1.13878 -0.043801 0.000629773
84 59.8652 -12.5767 1.16223 -0.0433118 0.000604006
85 46.4837 -10.0872 0.98011 -0.0375305 0.000537906
86 54.8471 -11.715 1.11839 -0.0430082 0.000619323
87 45.4068 -9.91795 0.948629 -0.0356529 0.000502478
88 35.5269 -8.34571 0.839362 -0.0319001 0.000451017
89 55.2829 -11.6758 1.09484 -0.0410891 0.00057722
90 55.0526 -11.5942 1.09033 -0.0411465 0.000580539
91 56.903 -12.4296 1.19652 -0.0465083 0.000674587
92 52.3126 -11.2069 1.05877 -0.0397955 0.000558796
93 54.26 -12.0297 1.15853 -0.0445219 0.000636334
94 57.9365 -12.1622 1.14719 -0.0435004 0.000613661
95 52.0898 -11.623 1.1345 -0.0440618 0.000636372
