0 24.3435 -5.58376 0.537751 -0.019927 0.000278207
1 24.9692 -5.76445 0.551408 -0.020307 0.000281603
2 24.5379 -6.34429 0.615742 -0.0229628 0.000319317
3 20.9516 -5.39696 0.530789 -0.0197677 0.000275682
4 17.6849 -4.76176 0.477362 -0.0177639 0.000248362
5 33.5337 -7.15 0.653827 -0.0238161 0.000325925
6 19.5795 -5.10918 0.518654 -0.0197291 0.000280731
7 21.2119 -5.21125 0.510854 -0.018978 0.000265933
8 20.4932 -5.10783 0.501493 -0.0185755 0.000259739
9 36.3704 -7.7251 0.701109 -0.0255981 0.000350979
10 27.8314 -6.23573 0.583886 -0.0213432 0.000293742
11 28.9142 -6.51316 0.614027 -0.0227632 0.000315734
12 27.3932 -6.40909 0.604067 -0.0221564 0.000304328
13 20.1227 -4.91532 0.477375 -0.0173933 0.000238845
14 37.2436 -7.6403 0.678877 -0.0243102 0.000328251
15 20.5013 -5.27113 0.523095 -0.0196215 0.000276412
16 26.7535 -6.27016 0.589783 -0.021517 0.000293851
17 29.2884 -6.48696 0.599297 -0.021736 0.000296431
18 36.7506 -7.83687 0.703923 -0.0253875 0.000343106
19 35.243 -7.72556 0.711236 -0.0261289 0.000359825
20 23.8221 -5.9494 0.567062 -0.0206552 0.000281152
21 27.6593 -6.40515 0.607048 -0.0224525 0.000310764
22 36.2336 -7.66994 0.69412 -0.025247 0.000344673
23 20.3171 -5.18272 0.514443 -0.0193493 0.000273059
24 33.8563 -7.45137 0.674998 -0.024264 0.00032747
25 23.7853 -5.66557 0.542749 -0.0199233 0.000273703
26 30.6106 -6.90334 0.635372 -0.0229222 0.000309814
27 33.2269 -7.37446 0.680933 -0.024923 0.00034034
28 32.8648 -7.40744 0.68448 -0.0250568 0.000342846
29 28.189 -6.24804 0.570944 -0.0203333 0.000272536
30 30.8174 -6.99467 0.648894 -0.0236742 0.000322254
31 28.3021 -6.57149 0.619026 -0.022734 0.000311331
32 41.9988 -8.7442 0.779728 -0.028339 0.000387479
33 46.7025 -9.13313 0.782591 -0.0276387 0.00036788
34 33.3622 -7.06455 0.640611 -0.0232166 0.000316979
35 39.5911 -8.20817 0.741562 -0.0274216 0.000381858
36 28.802 -6.12736 0.563106 -0.020461 0.000282036
37 31.9006 -6.62174 0.600506 -0.0217008 0.000296561
38 35.666 -7.35906 0.659847 -0.0238144 0.000323851
39 37.5819 -7.62035 0.667293 -0.0236072 0.000315308
40 39.867 -7.9089 0.686005 -0.0242446 0.000324563
41 40.1983 -7.91384 0.688854 -0.0244915 0.000329822
42 38.2641 -7.61193 0.664758 -0.0236027 0.000317384
43 38.3155 -7.63787 0.671721 -0.0240164 0.000324582
44 47.4313 -9.48493 0.829431 -0.0299638 0.000407297
45 37.4995 -7.6593 0.676269 -0.0241823 0.000326167
46 44.117 -8.81016 0.766918 -0.0274249 0.00036863
47 43.0456 -8.62262 0.748917 -0.026683 0.000358212
48 44.8435 -8.81587 0.758203 -0.0268557 0.000359504
49 46.5724 -9.23382 0.794135 -0.0281062 0.000374691
50 41.3361 -8.45294 0.742975 -0.0265762 0.000357347
51 48.6636 -9.4923 0.812735 -0.0288311 0.000384748
52 48.4697 -9.74184 0.843861 -0.0301604 0.000404482
53 40.3314 -8.30273 0.738405 -0.0268306 0.000366426
54 41.6519 -8.39647 0.729211 -0.0258391 0.000344609
55 39.3864 -8.29745 0.747267 -0.0273426 0.000374749
56 39.4284 -8.09227 0.710781 -0.0253563 0.000340549
57 36.1563 -7.66513 0.688211 -0.0247693 0.000334552
58 53.0882 -10.4371 0.894035 -0.0318694 0.000426909
59 41.9472 -8.56439 0.750443 -0.0267835 0.00035889
60 37.5711 -7.81219 0.692706 -0.0248733 0.000336867
61 46.8615 -9.46069 0.827595 -0.0298371 0.000403128
62 40.209 -8.16455 0.713072 -0.0252543 0.000336223
63 43.1784 -8.69533 0.755838 -0.0268459 0.000357557
64 31.06 -6.67316 0.603906 -0.0215538 0.000290332
65 24.4753 -5.65921 0.536568 -0.0196238 0.000270481
66 45.1981 -8.83771 0.761953 -0.0270275 0.000362374
67 38.7108 -7.68479 0.676977 -0.024347 0.00033119
68 34.7293 -7.39586 0.676355 -0.0248201 0.000343636
69 34.7654 -7.18211 0.644616 -0.0232527 0.000317506
70 26.6787 -5.9577 0.558898 -0.0204615 0.000282113
71 37.3438 -7.66952 0.684802 -0.0246235 0.000333732
72 46.0362 -9.07909 0.778424 -0.0273985 0.000362612
73 26.6717 -5.88578 0.548216 -0.0199645 0.000275468
74 43.1755 -8.58404 0.749717 -0.0268202 0.000361382
75 41.0735 -8.2893 0.731134 -0.0263466 0.000357357
76 33.5666 -6.98277 0.625958 -0.0224085 0.000302193
77 26.5314 -6.07947 0.570042 -0.0208451 0.000286719
78 40.6066 -8.13944 0.712308 -0.0254071 0.000340615
79 38.9334 -7.88571 0.702102 -0.0254535 0.000348275
80 40.3936 -8.35272 0.737512 -0.0264141 0.00035576
81 41.7326 -8.52711 0.749338 -0.026816 0.000360462
82 42.8963 -8.66876 0.752827 -0.0266384 0.000353406
83 41.2598 -8.45041 0.748789 -0.0270539 0.000366963
84 40.5406 -8.3954 0.739617 -0.0263811 0.000352893
85 26.3182 -5.89786 0.556523 -0.0203988 0.000280832
86 41.9805 -8.52707 0.752318 -0.0269672 0.000362128
87 27.329 -6.28637 0.593283 -0.0218495 0.0003005
88 36.7333 -7.6982 0.688817 -0.0247846 0.000335148
89 36.5593 -7.74174 0.696249 -0.025039 0.000336589
90 38.8509 -8.19632 0.738782 -0.0268873 0.000366273
91 42.7426 -8.82273 0.788187 -0.0287674 0.000392722
92 42.834 -8.65934 0.763748 -0.0275983 0.000374505
93 35.573 -7.44945 0.669068 -0.0240749 0.000324215
94 44.0103 -8.83451 0.775837 -0.0279471 0.000377288
95 41.5187 -8.7574 0.78051 -0.0282025 0.000379291
