0 40.3337 -8.02855 0.702626 -0.0249984 0.000335698
1 36.8818 -7.38822 0.657336 -0.0237092 0.000322814
2 48.0487 -9.55885 0.835061 -0.0301918 0.000410186
3 31.1785 -6.70526 0.618633 -0.0226047 0.000310111
4 41.2289 -8.16061 0.712442 -0.025397 0.000341899
5 36.214 -7.53586 0.680858 -0.0247143 0.000337337
6 39.877 -8.08124 0.714865 -0.0256877 0.000347499
7 39.1777 -8.01343 0.710928 -0.0256026 0.000346749
8 38.9994 -7.78536 0.682302 -0.0242453 0.000325136
9 36.2734 -7.54795 0.676385 -0.024418 0.000332227
10 42.832 -8.50124 0.741596 -0.026536 0.000357701
11 38.5887 -7.74712 0.688993 -0.0248846 0.000338348
12 40.3511 -8.10389 0.713197 -0.0256196 0.000347183
13 38.1986 -7.65794 0.672117 -0.0239019 0.000319878
14 46.0666 -9.02559 0.782664 -0.027983 0.000375952
15 30.5225 -6.68566 0.616381 -0.0224276 0.000306447
16 29.4036 -6.4926 0.601779 -0.0219257 0.000300051
17 46.8065 -9.22122 0.789673 -0.027806 0.000367857
18 50.1126 -9.80162 0.839804 -0.0298649 0.000398682
19 33.9633 -7.11608 0.644695 -0.0234638 0.000321082
20 40.5846 -8.10599 0.702499 -0.0248262 0.000329801
21 33.5373 -7.0853 0.63784 -0.0229343 0.000310437
22 43.4197 -8.56846 0.734953 -0.0257248 0.000338287
23 26.166 -5.96482 0.557566 -0.0202257 0.000274744
24 48.1569 -9.34977 0.788668 -0.027379 0.000357494
25 39.2316 -7.91124 0.687315 -0.0241682 0.000319978
26 41.6081 -8.52048 0.748853 -0.0267484 0.000357276
27 38.3654 -7.84169 0.678917 -0.0237341 0.000312143
28 44.1105 -9.05512 0.792416 -0.0283045 0.000378
29 35.543 -7.55106 0.682777 -0.0247936 0.000337513
30 48.4655 -9.68386 0.834135 -0.0295653 0.000392295
31 23.6241 -5.72657 0.555805 -0.020735 0.000288205
32 70.0327 -12.0042 0.957614 -0.0328022 0.000427646
33 63.1542 -11.6191 0.963559 -0.0338912 0.000451687
34 63.7503 -11.7942 0.983295 -0.0348352 0.000466172
35 60.9709 -10.5285 0.852563 -0.0295644 0.000392216
36 72.9864 -12.7908 1.03262 -0.0358184 0.000471155
37 67.921 -11.4814 0.914737 -0.031457 0.000413535
38 70.9287 -12.5415 1.01969 -0.0355416 0.000469245
39 63.7834 -11.4739 0.943092 -0.0330241 0.000438348
40 68.5791 -11.8375 0.942702 -0.0321301 0.000416713
41 70.8315 -11.9027 0.930198 -0.031323 0.000402271
42 67.7037 -11.821 0.946487 -0.0324874 0.000424847
43 66.0628 -11.4031 0.913015 -0.0313885 0.000410802
44 64.6074 -11.5245 0.938847 -0.0326813 0.000433609
45 64.6349 -11.5941 0.945397 -0.0328314 0.000432643
46 65.2608 -11.5639 0.935626 -0.0323697 0.000425352
47 61.9328 -10.7619 0.864682 -0.0297008 0.000388944
48 61.2244 -10.5253 0.836101 -0.0284653 0.000371847
49 67.4058 -11.3207 0.891953 -0.030339 0.00039516
50 52.2043 -9.14699 0.743074 -0.0255515 0.000338641
51 64.5441 -11.1615 0.891983 -0.0305589 0.000398823
52 65.5006 -11.3892 0.914522 -0.0316038 0.000418172
53 51.0845 -8.37843 0.702616 -0.0257587 0.000366471
54 53.7511 -9.74073 0.812179 -0.0288197 0.000391341
55 66.0048 -11.6195 0.939908 -0.0326574 0.000432993
56 68.7596 -11.7789 0.932218 -0.0317761 0.000413108
57 76.3061 -13.5208 1.08498 -0.0373683 0.000486457
58 71.0552 -12.3697 0.991231 -0.034167 0.000448486
59 65.9976 -11.4311 0.925354 -0.0323543 0.000431972
60 70.5063 -12.6752 1.0291 -0.0357299 0.000468755
61 74.3568 -13.4103 1.08215 -0.0373334 0.000486421
62 61.576 -11.2545 0.925844 -0.032336 0.000427038
63 70.1539 -12.3487 0.990641 -0.0341047 0.000443951
64 38.509 -7.94545 0.703934 -0.0252079 0.000339815
65 33.761 -7.18882 0.651341 -0.0235476 0.000320348
66 25.5809 -5.74054 0.539084 -0.0196341 0.000269706
67 28.9049 -6.35382 0.58561 -0.0211465 0.000286641
68 26.8003 -5.8094 0.537407 -0.019405 0.000265796
69 32.3919 -6.69148 0.599428 -0.0214131 0.000289296
70 22.1506 -5.62363 0.543647 -0.019889 0.000271391
71 41.2212 -8.17933 0.718753 -0.0258355 0.000350021
72 23.8549 -6.06823 0.580422 -0.0211502 0.000287636
73 39.8822 -7.79716 0.676513 -0.0239423 0.00032173
74 26.8859 -5.86854 0.544534 -0.0196838 0.000268164
75 25.8835 -5.84796 0.544119 -0.0195939 0.000265257
76 29.2467 -6.33784 0.587928 -0.0214641 0.000295083
77 28.2001 -6.31247 0.581095 -0.0209131 0.000282852
78 26.8249 -6.08352 0.573362 -0.0210422 0.000290013
79 32.0133 -7.07588 0.659612 -0.0244205 0.000338203
80 44.4876 -8.89496 0.768621 -0.0271158 0.000358784
81 31.7311 -6.98614 0.635562 -0.0227892 0.000305609
82 27.6747 -6.14216 0.565552 -0.0202996 0.000273952
83 40.8323 -8.07762 0.699085 -0.0246255 0.000326078
84 48.5054 -9.33504 0.781467 -0.0269343 0.000349451
85 22.3433 -5.10036 0.483187 -0.0174361 0.000237533
86 32.4428 -6.95715 0.634717 -0.0229889 0.000312211
87 19.0455 -4.57378 0.452507 -0.0167269 0.000232553
88 29.0689 -6.41593 0.591335 -0.0212961 0.000287658
89 25.6004 -6.64081 0.641337 -0.023755 0.000326063
90 23.2373 -5.55825 0.534147 -0.0196456 0.000270486
91 30.0841 -6.61011 0.603587 -0.0216558 0.000291101
92 23.1695 -5.98567 0.578497 -0.0212582 0.000290152
93 33.0575 -7.20537 0.66306 -0.0241745 0.000329133
94 24.2841 -5.79127 0.559149 -0.0207294 0.000286094
95 35.1677 -7.59821 0.690971 -0.025059 0.000339014
