0 44.8642 -9.24191 0.842353 -0.0319189 0.00046264
1 32.9375 -6.87611 0.623912 -0.0225301 0.000308216
2 39.278 -7.92957 0.704847 -0.0253964 0.000346732
3 44.007 -8.86108 0.787154 -0.0287251 0.000396596
4 33.0039 -7.00106 0.635205 -0.0229102 0.000313046
5 36.8298 -7.58258 0.681029 -0.0246519 0.000337883
6 59.118 -11.2827 0.961554 -0.0344061 0.000463604
7 48.8904 -9.46835 0.812899 -0.0289293 0.000389532
8 42.8481 -8.43872 0.733834 -0.0260539 0.000349374
9 44.3349 -8.84106 0.77423 -0.0277573 0.000375402
10 46.7534 -9.12507 0.790445 -0.0282456 0.000381971
11 43.1738 -8.61069 0.75825 -0.0273263 0.000371816
12 41.0635 -8.12307 0.705632 -0.0249029 0.000332063
13 36.0217 -7.51793 0.677561 -0.0245388 0.00033526
14 49.8765 -9.77256 0.843978 -0.0301884 0.000406384
15 39.599 -8.00373 0.710281 -0.0256492 0.000349749
16 38.8349 -8.03917 0.72429 -0.0265286 0.000366734
17 33.6888 -7.42179 0.68652 -0.0252762 0.000349511
18 36.6779 -7.80419 0.710983 -0.0260846 0.00035972
19 57.9656 -11.1852 0.966722 -0.0351142 0.000479406
20 44.358 -8.77739 0.758223 -0.0267634 0.000357055
21 45.7744 -9.03777 0.775725 -0.0272042 0.000358751
22 35.9993 -7.7332 0.705261 -0.0257059 0.000351906
23 45.6074 -9.23075 0.809233 -0.0290494 0.000391259
24 42.0734 -8.56626 0.753765 -0.0269707 0.000362958
25 39.0753 -8.00954 0.708821 -0.0254179 0.000343944
26 33.7694 -7.26075 0.657905 -0.0236541 0.000319785
27 46.3578 -9.28728 0.807845 -0.0288273 0.000386416
28 41.0517 -8.56748 0.764883 -0.0277221 0.000377684
29 42.3992 -8.53773 0.738954 -0.0259933 0.000345054
30 41.1105 -8.68848 0.780342 -0.0284112 0.000387469
31 48.3596 -9.50111 0.816634 -0.0289106 0.000385013
32 26.518 -6.86225 0.628524 -0.0221528 0.000295159
33 41.085 -9.932 0.87038 -0.0303307 0.000394232
34 8.24445 -2.57436 0.282102 -0.0102105 0.000145764
35 20.8704 -5.433 0.530052 -0.0194692 0.000269783
36 16.891 -4.69058 0.471637 -0.0173513 0.000240908
37 45.7016 -10.6953 0.906165 -0.0309 0.00039705
38 22.069 -5.63584 0.532938 -0.0191068 0.000260791
39 25.6886 -6.54875 0.62014 -0.0224385 0.00030384
40 16.2594 -4.20275 0.404864 -0.0141893 0.000191785
41 22.4704 -5.79778 0.551146 -0.0197813 0.000266875
42 20.8312 -5.51667 0.542138 -0.0199872 0.000276543
43 15.4207 -4.1988 0.423597 -0.0154697 0.000215121
44 21.3818 -5.40949 0.527003 -0.0191836 0.000262216
45 25.9057 -6.73432 0.648094 -0.0237685 0.000323512
46 20.9792 -5.38177 0.535326 -0.0199608 0.000278195
47 10.1122 -3.10444 0.336703 -0.0124525 0.000176337
48 5.47373 -2.19243 0.270927 -0.0103524 0.000151346
49 0.763258 -1.34411 0.215597 -0.00878505 0.000135561
50 24.579 -6.39705 0.615609 -0.0225205 0.000307812
51 -3.25906 -0.395421 0.12478 -0.00522778 8.56683e-05
52 11.3975 -3.39693 0.345213 -0.0122566 0.000168116
53 29.0807 -6.51958 0.599628 -0.0214474 0.000287991
54 14.7011 -4.1794 0.438811 -0.0165236 0.000233344
55 25.2381 -6.23967 0.551435 -0.018728 0.000242739
56 12.0442 -3.74871 0.398047 -0.0147381 0.000204492
57 23.2672 -5.12485 0.45591 -0.0151724 0.000193044
58 11.2047 -3.42676 0.379098 -0.014479 0.000207483
59 14.7534 -4.22367 0.434178 -0.0160184 0.000222801
60 26.4156 -6.22859 0.585383 -0.0211891 0.000287951
61 31.3555 -7.98726 0.743567 -0.0268163 0.000357927
62 3.44984 -2.02591 0.276217 -0.0110918 0.00016719
63 10.3183 -3.41145 0.383314 -0.014777 0.00021281
64 34.4988 -7.2022 0.652045 -0.0236218 0.000323709
65 35.3325 -7.72051 0.715191 -0.0263856 0.000366085
66 49.2467 -9.82517 0.870734 -0.0319499 0.000441427
67 28.3153 -6.21505 0.58517 -0.0216663 0.000305105
68 47.0541 -9.42871 0.825444 -0.0295708 0.000399208
69 38.2597 -7.67282 0.674434 -0.0239357 0.000320868
70 41.7096 -8.38353 0.741743 -0.0267931 0.000365355
71 34.2333 -7.19748 0.655525 -0.0238282 0.000327332
72 38.0495 -8.18244 0.752584 -0.0278534 0.000389208
73 32.3923 -6.97205 0.640389 -0.0232129 0.000318182
74 39.012 -7.87882 0.703629 -0.0253875 0.000347629
75 32.3435 -6.95636 0.640249 -0.0233564 0.000321192
76 38.5873 -7.92295 0.70875 -0.0256027 0.00034902
77 30.9573 -6.87101 0.633309 -0.022952 0.000313583
78 32.7153 -7.1989 0.662241 -0.0241191 0.000329588
79 45.4184 -9.58894 0.87 -0.0322498 0.000447221
80 44.2395 -8.87132 0.770608 -0.027264 0.000363952
81 32.6053 -6.62209 0.572146 -0.019315 0.00024642
82 32.6053 -6.62209 0.572146 -0.019315 0.00024642
83 51.8966 -10.2662 0.891886 -0.0320628 0.000433592
84 32.9289 -7.15241 0.657726 -0.0239441 0.000326582
85 31.142 -7.18228 0.679894 -0.0252833 0.000352334
86 35.9155 -7.93876 0.733166 -0.026946 0.000369484
87 34.7197 -7.49915 0.695273 -0.0256714 0.000355801
88 40.6676 -8.3496 0.739126 -0.0263675 0.000353818
89 46.6797 -9.56506 0.852289 -0.0310901 0.000425133
90 46.1998 -9.66895 0.866996 -0.0318145 0.000436999
91 33.9815 -7.4321 0.694521 -0.025814 0.000358588
92 30.5686 -7.18704 0.692085 -0.0261961 0.000370838
93 37.1984 -7.88459 0.715415 -0.0260216 0.000354768
94 36.3844 -8.07632 0.754632 -0.0282294 0.000395495
95 37.141 -8.28405 0.775465 -0.0291189 0.000408527
